File : C:\DENSITOM\MANGAT~1\MANG23.DAT
Cores :
2
4
7
10
13
16
18
20
24
26
28
29
36

ִִִִִִִִִִִִִִִִִִִִִִִִִִִִִִִִִִִִִִִִִִִִִִִִִִִִִִִִִִִִִִִִִִִִִִִִִִִִִִִ
Core : 2
ֲֲֲִִִִִִִִִִִִִִִִִִִִִִִִִִִִִִִִִִִִִִִִִִִִִִִִִִִִִִִִִִִִִִִִִִִִִִִִִִִִ
       ³Widths (mm)              ³ Areas    ³ Densities (kg/m3)
       ³                         ³ (cm‎)    ³
Ring   ³Outer Ring Erly Late   % ³Incr Total³Ring E/Wd L/Wd Unif  Min  Max  Rng
 # Year³ Rad.      Wood Wood  LW ³          ³mean mean mean
ֱֱֱִִִִִִִִִִִִִִִִִִִִִִִִִִִִִִִִִִִִִִִִִִִִִִִִִִִִִִִִִִִִִִִִִִִִִִִִִִִִ

 3 1994  17.1 17.1 13.8  0.3   1   9.2    9.2 319  315  503  188  264  503  239
 4 1995  33.6 16.5 15.6  0.9   5  26.3   35.5 329  319  510  191  256  518  262
 5 1996  50.4 16.8 15.6  1.2   7  44.3   79.8 332  317  535  218  228  554  326
 6 1997  70.5 20.1 18.3  1.8   8  76.3  156.1 397  381  553  172  296  602  306
 7 1998  82.2 11.7  9.9  1.8  15  56.1  212.3 430  412  530  118  319  572  253
 8 1999 105.6 23.4 23.4  0.0   0 138.1  350.3 383  383    0    0  309  485  176
 9 2000 128.7 23.1 22.5  0.6   2 170.0  520.4 358  353  515  162  279  518  239
10 2001 148.2 19.5 19.2  0.3   1 169.6  690.0 363  360  548  188  303  548  245
11 2002 163.8 15.6 12.9  2.7  17 152.9  842.9 398  368  543  175  307  557  250
12 2003 183.0 19.2 18.9  0.3   1 209.2 1052.1 367  364  514  150  280  514  234
13 2004 200.4 17.4 17.1  0.3   1 209.6 1261.7 348  345  508  163  253  508  255
14 2005 214.2 13.8 13.2  0.6   4 179.7 1441.4 348  340  532  192  269  544  275
15 2006 224.4 10.2  9.9  0.3   2 140.5 1582.0 356  351  511  160  275  511  236
16 2007 234.6 10.2  9.3  0.9   8 147.1 1729.0 366  344  593  249  283  648  365
17 2008 241.8  7.2  5.7  1.5  20 107.8 1836.8 378  330  560  230  285  583  298
18 2009 249.6  7.8  6.3  1.5  19 120.4 1957.2 393  348  581  233  285  626  341
19 2010 258.9  9.3  8.1  1.2  12 148.6 2105.8 363  335  556  221  276  578  302
20 2011 267.0  8.1  7.2  0.9  11 133.8 2239.6 376  353  564  211  294  583  289
21 2012 273.3  6.3  5.1  1.2  19 106.9 2346.5 385  348  543  195  289  586  297
22 2013 278.1  4.8  3.6  1.2  25  83.1 2429.7 405  338  607  269  310  655  345
23 2014 283.8  5.7  3.6  2.1  36 100.6 2530.3 424  354  546  192  302  603  301
24 2015 292.2  8.4  7.2  1.2  14 152.0 2682.3 422  391  607  216  340  659  319
25 2016 298.2  6.0  4.8  1.2  20 111.3 2793.6 426  375  631  256  339  696  357

Core Length:  295.2 mm
Core Density: 376 kg/m3
Cross-sectional Density:  377 kg/m3
Early/Latewood Threshold: 500 kg/m3
Attenuation Constant: 3.10

ִִִִִִִִִִִִִִִִִִִִִִִִִִִִִִִִִִִִִִִִִִִִִִִִִִִִִִִִִִִִִִִִִִִִִִִִִִִִִִִ
Core : 4
ֲֲֲִִִִִִִִִִִִִִִִִִִִִִִִִִִִִִִִִִִִִִִִִִִִִִִִִִִִִִִִִִִִִִִִִִִִִִִִִִִִ
       ³Widths (mm)              ³ Areas    ³ Densities (kg/m3)
       ³                         ³ (cm‎)    ³
Ring   ³Outer Ring Erly Late   % ³Incr Total³Ring E/Wd L/Wd Unif  Min  Max  Rng
 # Year³ Rad.      Wood Wood  LW ³          ³mean mean mean
ֱֱֱִִִִִִִִִִִִִִִִִִִִִִִִִִִִִִִִִִִִִִִִִִִִִִִִִִִִִִִִִִִִִִִִִִִִִִִִִִִִ

 3 1994  26.0 26.0 20.1  0.9   3  21.2   21.2 367  359  530  171  312  554  242
 4 1995  48.8 22.8 22.5  0.3   1  53.6   74.8 370  369  509  140  286  509  223
 5 1996  67.7 18.9 17.7  1.2   6  69.2  144.0 365  352  558  206  298  592  294
 6 1997  85.4 17.7 15.9  1.8  10  85.1  229.1 445  433  554  121  378  598  220
 7 1998  98.9 13.5 10.8  2.7  20  78.2  307.3 419  388  540  152  315  574  259
 8 1999 117.2 18.3 18.3  0.0   0 124.2  431.5 369  369    0    0  305  494  189
 9 2000 131.3 14.1 14.1  0.0   0 110.1  541.6 324  324    0    0  263  472  209
10 2001 145.1 13.8 13.8  0.0   0 119.8  661.4 325  325    0    0  261  455  194
11 2002 157.1 12.0 11.4  0.6   5 113.9  775.4 315  305  511  206  236  515  279
12 2003 168.2 11.1 11.1  0.0   0 113.4  888.8 343  343    0    0  276  489  213
13 2004 178.4 10.2  9.6  0.6   5 111.1  999.9 340  329  519  190  261  530  269
14 2005 188.3  9.9  9.3  0.6   6 114.1 1113.9 340  330  507  177  265  514  249
15 2006 197.3  9.0  8.4  0.6   6 109.0 1222.9 348  335  516  181  284  527  243
16 2007 205.4  8.1  7.2  0.9  11 102.5 1325.4 362  337  563  226  298  671  373
17 2008 212.6  7.2  6.0  1.2  16  94.5 1420.0 360  320  562  242  284  607  323
18 2009 218.0  5.4  4.8  0.6  11  73.0 1493.0 370  343  589  246  293  597  304
19 2010 224.3  6.3  6.0  0.3   4  87.5 1580.6 348  334  624  290  271  624  353
20 2011 229.1  4.8  3.9  0.9  18  68.4 1648.9 369  333  523  190  295  531  236
21 2012 233.3  4.2  3.9  0.3   7  61.0 1709.9 351  340  503  163  278  503  225
22 2013 238.4  5.1  3.6  1.5  29  75.6 1785.5 419  334  624  290  314  683  369
23 2014 242.9  4.5  3.6  0.9  20  68.0 1853.6 375  329  556  227  290  606  316
24 2015 246.8  3.9  3.3  0.6  15  60.0 1913.6 391  344  649  305  301  705  404
25 2016 250.1  3.3  2.7  0.6  18  51.5 1965.1 376  330  583  253  298  587  289

Core Length:  245.1 mm
Core Density: 364 kg/m3
Cross-sectional Density:  360 kg/m3
Early/Latewood Threshold: 500 kg/m3
Attenuation Constant: 3.10

ִִִִִִִִִִִִִִִִִִִִִִִִִִִִִִִִִִִִִִִִִִִִִִִִִִִִִִִִִִִִִִִִִִִִִִִִִִִִִִִ
Core : 7
ֲֲֲִִִִִִִִִִִִִִִִִִִִִִִִִִִִִִִִִִִִִִִִִִִִִִִִִִִִִִִִִִִִִִִִִִִִִִִִִִִִ
       ³Widths (mm)              ³ Areas    ³ Densities (kg/m3)
       ³                         ³ (cm‎)    ³
Ring   ³Outer Ring Erly Late   % ³Incr Total³Ring E/Wd L/Wd Unif  Min  Max  Rng
 # Year³ Rad.      Wood Wood  LW ³          ³mean mean mean
ֱֱֱִִִִִִִִִִִִִִִִִִִִִִִִִִִִִִִִִִִִִִִִִִִִִִִִִִִִִִִִִִִִִִִִִִִִִִִִִִִִ

 3 1994  18.6 18.6 15.6  0.0   0  10.9   10.9 303  303    0    0  247  481  234
 4 1995  42.3 23.7 23.4  0.3   1  45.3   56.2 308  306  518  212  251  518  267
 5 1996  63.9 21.6 21.3  0.3   1  72.1  128.3 309  305  526  221  241  526  285
 6 1997  87.0 23.1 23.1  0.0   0 109.5  237.8 339  339    0    0  282  476  194
 7 1998 105.9 18.9 18.3  0.6   3 114.5  352.3 354  349  509  160  260  519  259
 8 1999 131.4 25.5 25.5  0.0   0 190.1  542.4 328  328    0    0  265  459  194
 9 2000 151.8 20.4 20.1  0.3   1 181.5  723.9 318  315  519  204  250  519  269
10 2001 170.4 18.6 18.6  0.0   0 188.3  912.2 339  339    0    0  286  497  211
11 2002 182.7 12.3 12.3  0.0   0 136.4 1048.6 342  342    0    0  264  480  216
12 2003 195.0 12.3 12.3  0.0   0 145.9 1194.6 356  356    0    0  288  480  192
13 2004 209.4 14.4 14.4  0.0   0 182.9 1377.5 336  336    0    0  274  456  182
14 2005 221.4 12.0 12.0  0.0   0 162.4 1539.9 329  329    0    0  257  453  196
15 2006 229.8  8.4  8.4  0.0   0 119.1 1659.0 341  341    0    0  264  456  192
16 2007 237.6  7.8  7.5  0.3   3 114.5 1773.5 348  341  523  182  276  523  247
17 2008 246.0  8.4  8.1  0.3   3 127.6 1901.2 348  342  514  172  273  514  241
18 2009 251.4  5.4  4.5  0.9  16  84.4 1985.5 358  325  520  195  285  541  256
19 2010 256.2  4.8  4.5  0.3   6  76.5 2062.1 341  328  548  220  283  548  265
20 2011 260.4  4.2  4.2  0.0   0  68.2 2130.3 333  333    0    0  269  415  146
21 2012 264.9  4.5  4.2  0.3   6  74.3 2204.5 365  354  521  167  275  521  246
22 2013 268.8  3.9  3.0  0.9  23  65.4 2269.9 387  331  572  241  295  607  312
23 2014 273.0  4.2  3.6  0.6  14  71.5 2341.4 369  340  543  203  279  546  267
24 2015 278.1  5.1  4.5  0.6  11  88.3 2429.7 368  343  557  214  296  567  271
25 2016 281.1  3.0  2.7  0.3  10  52.7 2482.4 377  352  602  250  306  602  296

Core Length:  278.1 mm
Core Density: 343 kg/m3
Cross-sectional Density:  342 kg/m3
Early/Latewood Threshold: 500 kg/m3
Attenuation Constant: 3.10

ִִִִִִִִִִִִִִִִִִִִִִִִִִִִִִִִִִִִִִִִִִִִִִִִִִִִִִִִִִִִִִִִִִִִִִִִִִִִִִִ
Core : 10
ֲֲֲִִִִִִִִִִִִִִִִִִִִִִִִִִִִִִִִִִִִִִִִִִִִִִִִִִִִִִִִִִִִִִִִִִִִִִִִִִִִ
       ³Widths (mm)              ³ Areas    ³ Densities (kg/m3)
       ³                         ³ (cm‎)    ³
Ring   ³Outer Ring Erly Late   % ³Incr Total³Ring E/Wd L/Wd Unif  Min  Max  Rng
 # Year³ Rad.      Wood Wood  LW ³          ³mean mean mean
ֱֱֱִִִִִִִִִִִִִִִִִִִִִִִִִִִִִִִִִִִִִִִִִִִִִִִִִִִִִִִִִִִִִִִִִִִִִִִִִִִִ

 4 1995  27.9 27.9 14.4  1.5   5  24.5   24.5 379  361  556  195  317  584  267
 5 1996  51.3 23.4 21.9  1.5   6  58.2   82.7 363  349  566  217  286  600  314
 6 1997  72.6 21.3 19.5  1.8   8  82.9  165.6 392  378  542  164  334  582  248
 7 1998  88.5 15.9 14.1  1.8  11  80.5  246.1 400  384  523  139  324  575  251
 8 1999 104.4 15.9 15.0  0.9   5  96.4  342.4 392  383  540  157  332  554  222
 9 2000 120.6 16.2 14.7  1.5   9 114.5  456.9 395  383  518  135  310  525  215
10 2001 137.1 16.5 15.0  1.5   9 133.6  590.5 402  385  573  188  328  639  311
11 2002 151.5 14.4 11.1  3.3  22 130.6  721.1 415  374  551  177  304  602  298
12 2003 164.7 13.2  9.9  3.3  24 131.1  852.2 429  387  553  166  322  619  297
13 2004 177.6 12.9  8.7  4.2  32 138.7  990.9 440  384  554  170  325  601  276
14 2005 188.4 10.8  8.4  2.4  22 124.2 1115.1 418  377  565  188  304  621  317
15 2006 197.1  8.7  7.5  1.2  13 105.4 1220.5 395  369  557  188  298  591  293
16 2007 203.4  6.3  5.1  1.2  19  79.3 1299.7 413  370  597  227  322  633  311
17 2008 209.1  5.7  4.2  1.5  26  73.9 1373.6 407  358  543  185  330  580  250
18 2009 213.3  4.2  3.3  0.9  21  55.7 1429.3 420  370  603  233  332  632  300
19 2010 219.6  6.3  4.5  1.8  28  85.7 1515.0 419  351  587  236  310  614  304
20 2011 224.7  5.1  4.2  0.9  17  71.2 1586.2 403  373  542  169  337  582  245
21 2012 227.7  3.0  2.4  0.6  20  42.6 1628.8 394  354  555  201  307  587  280
22 2013 231.0  3.3  2.4  0.9  27  47.6 1676.4 439  374  612  238  333  664  331
23 2014 234.0  3.0  2.1  0.9  30  43.8 1720.2 457  403  584  181  343  629  286
24 2015 237.0  3.0  2.1  0.9  30  44.4 1764.6 450  401  564  163  354  671  317
25 2016 239.4  2.4  1.8  0.6  25  35.9 1800.5 433  381  589  208  352  639  287

Core Length:  227.4 mm
Core Density: 411 kg/m3
Cross-sectional Density:  411 kg/m3
Early/Latewood Threshold: 500 kg/m3
Attenuation Constant: 3.10

ִִִִִִִִִִִִִִִִִִִִִִִִִִִִִִִִִִִִִִִִִִִִִִִִִִִִִִִִִִִִִִִִִִִִִִִִִִִִִִִ
Core : 13
ֲֲֲִִִִִִִִִִִִִִִִִִִִִִִִִִִִִִִִִִִִִִִִִִִִִִִִִִִִִִִִִִִִִִִִִִִִִִִִִִִִ
       ³Widths (mm)              ³ Areas    ³ Densities (kg/m3)
       ³                         ³ (cm‎)    ³
Ring   ³Outer Ring Erly Late   % ³Incr Total³Ring E/Wd L/Wd Unif  Min  Max  Rng
 # Year³ Rad.      Wood Wood  LW ³          ³mean mean mean
ֱֱֱִִִִִִִִִִִִִִִִִִִִִִִִִִִִִִִִִִִִִִִִִִִִִִִִִִִִִִִִִִִִִִִִִִִִִִִִִִִִ

 2 1993   9.6  9.6  6.6  0.0   0   2.9    2.9 392  392    0    0  348  480  132
 3 1994  27.0 17.4 16.2  1.2   6  20.0   22.9 397  386  545  159  348  556  208
 4 1995  48.9 21.9 19.8  2.1   9  52.2   75.1 419  403  571  168  349  601  252
 5 1996  71.4 22.5 19.8  2.7  12  85.0  160.2 409  389  555  166  338  592  254
 6 1997  95.4 24.0 19.8  4.2  17 125.8  285.9 448  428  541  113  367  575  208
 7 1998 107.7 12.3  9.0  3.3  26  78.5  364.4 445  402  562  160  332  626  294
 8 1999 122.4 14.7 11.1  3.6  24 106.3  470.7 445  413  545  132  345  599  254
 9 2000 136.5 14.1 13.8  0.3   2 114.7  585.3 374  371  526  155  305  526  221
10 2001 148.8 12.3 12.3  0.0   0 110.2  695.6 352  352    0    0  275  479  204
11 2002 159.0 10.2  8.4  1.8  17  98.6  794.2 390  351  571  220  245  615  370
12 2003 171.9 12.9 10.5  2.4  18 134.1  928.3 398  367  534  167  292  587  295
13 2004 180.9  9.0  6.6  2.4  26  99.8 1028.1 403  344  566  222  273  620  347
14 2005 188.4  7.5  7.2  0.3   4  87.0 1115.1 373  363  595  232  289  595  306
15 2006 195.3  6.9  6.6  0.3   4  83.2 1198.3 363  356  517  161  283  517  234
16 2007 201.6  6.3  5.1  1.2  19  78.6 1276.8 404  359  597  238  302  641  339
17 2008 206.4  4.8  4.2  0.6  12  61.5 1338.3 395  364  608  244  313  672  359
18 2009 210.3  3.9  3.3  0.6  15  51.1 1389.4 424  386  632  246  330  665  335
19 2010 215.4  5.1  3.3  1.8  35  68.2 1457.6 460  393  582  189  330  669  339
20 2011 220.5  5.1  3.3  1.8  35  69.8 1527.5 476  419  579  160  385  692  307
21 2012 225.3  4.8  2.7  2.1  43  67.2 1594.7 476  414  556  142  371  616  245
22 2013 228.0  2.7  1.8  0.9  33  38.5 1633.1 479  409  618  209  356  709  353
23 2014 231.6  3.6  2.1  1.5  41  52.0 1685.1 469  401  565  164  370  610  240
24 2015 234.9  3.3  2.4  0.9  27  48.4 1733.5 476  425  612  187  381  709  328
25 2016 237.3  2.4  1.5  0.9  37  35.6 1769.1 478  433  553  120  385  593  208

Core Length:  234.3 mm
Core Density: 422 kg/m3
Cross-sectional Density:  417 kg/m3
Early/Latewood Threshold: 500 kg/m3
Attenuation Constant: 3.10

ִִִִִִִִִִִִִִִִִִִִִִִִִִִִִִִִִִִִִִִִִִִִִִִִִִִִִִִִִִִִִִִִִִִִִִִִִִִִִִִ
Core : 16
ֲֲֲִִִִִִִִִִִִִִִִִִִִִִִִִִִִִִִִִִִִִִִִִִִִִִִִִִִִִִִִִִִִִִִִִִִִִִִִִִִִ
       ³Widths (mm)              ³ Areas    ³ Densities (kg/m3)
       ³                         ³ (cm‎)    ³
Ring   ³Outer Ring Erly Late   % ³Incr Total³Ring E/Wd L/Wd Unif  Min  Max  Rng
 # Year³ Rad.      Wood Wood  LW ³          ³mean mean mean
ֱֱֱִִִִִִִִִִִִִִִִִִִִִִִִִִִִִִִִִִִִִִִִִִִִִִִִִִִִִִִִִִִִִִִִִִִִִִִִִִִִ

 2 1994  14.8 14.8 13.8  0.0   0   6.9    6.9 318  318    0    0  256  480  224
 3 1995  36.4 21.6 21.6  0.0   0  34.7   41.6 311  311    0    0  248  493  245
 4 1996  59.2 22.8 21.9  0.9   3  68.5  110.1 331  323  522  199  248  527  279
 5 1997  80.8 21.6 18.9  2.7  12  95.0  205.1 384  360  554  194  307  584  277
 6 1998  96.4 15.6 13.8  1.8  11  86.8  291.9 398  379  546  167  322  595  273
 7 1999 116.2 19.8 18.6  1.2   6 132.2  424.2 401  393  518  125  314  538  224
 8 2000 135.4 19.2 16.8  2.4  12 151.8  576.0 388  366  548  182  311  589  278
 9 2001 149.2 13.8 10.5  3.3  23 123.4  699.3 427  385  560  175  342  593  251
10 2002 159.1  9.9  6.3  3.6  36  95.9  795.2 494  437  594  157  397  682  285
11 2003 167.8  8.7  6.3  2.4  27  89.3  884.6 477  459  523   64  415  582  167
12 2004 176.8  9.0  6.3  2.7  30  97.4  982.0 447  410  533  123  347  584  237
13 2005 186.1  9.3  7.8  1.5  16 106.0 1088.0 440  423  526  103  355  558  203
14 2006 192.7  6.6  5.1  1.5  22  78.5 1166.6 436  407  535  128  334  548  214
15 2007 197.2  4.5  3.3  1.2  26  55.1 1221.7 455  416  562  146  342  612  270
16 2008 200.2  3.0  1.8  1.2  40  37.5 1259.2 493  426  595  169  367  652  285
17 2009 202.3  2.1  1.2  0.9  42  26.6 1285.7 474  396  579  183  350  641  291
18 2010 205.3  3.0  2.7  0.3  10  38.4 1324.1 440  424  582  158  358  582  224
19 2011 208.0  2.7  1.5  1.2  44  35.1 1359.2 482  414  568  154  361  632  271
20 2012 211.0  3.0  1.2  1.8  60  39.5 1398.7 476  387  535  148  368  596  228
21 2013 212.8  1.8  0.9  0.9  50  24.0 1422.6 506  407  605  198  330  691  361
22 2014 214.6  1.8  1.2  0.6  33  24.2 1446.8 454  402  559  157  362  607  245
23 2015 216.1  1.5  0.6  0.9  60  20.3 1467.1 527  426  594  168  414  697  283
24 2016 217.6  1.5  0.9  0.6  40  20.4 1487.5 467  409  554  145  370  577  207

Core Length:  216.6 mm
Core Density: 435 kg/m3
Cross-sectional Density:  428 kg/m3
Early/Latewood Threshold: 500 kg/m3
Attenuation Constant: 3.10

ִִִִִִִִִִִִִִִִִִִִִִִִִִִִִִִִִִִִִִִִִִִִִִִִִִִִִִִִִִִִִִִִִִִִִִִִִִִִִִִ
Core : 18
ֲֲֲִִִִִִִִִִִִִִִִִִִִִִִִִִִִִִִִִִִִִִִִִִִִִִִִִִִִִִִִִִִִִִִִִִִִִִִִִִִִ
       ³Widths (mm)              ³ Areas    ³ Densities (kg/m3)
       ³                         ³ (cm‎)    ³
Ring   ³Outer Ring Erly Late   % ³Incr Total³Ring E/Wd L/Wd Unif  Min  Max  Rng
 # Year³ Rad.      Wood Wood  LW ³          ³mean mean mean
ֱֱֱִִִִִִִִִִִִִִִִִִִִִִִִִִִִִִִִִִִִִִִִִִִִִִִִִִִִִִִִִִִִִִִִִִִִִִִִִִִִ

 3 1994  28.5 28.5 16.5  0.0   0  25.5   25.5 301  301    0    0  242  407  165
 4 1995  50.1 21.6 21.6  0.0   0  53.3   78.9 299  299    0    0  249  479  230
 5 1996  70.5 20.4 20.4  0.0   0  77.3  156.1 328  328    0    0  252  496  244
 6 1997  94.5 24.0 22.2  1.8   7 124.4  280.6 355  340  543  203  276  599  323
 7 1998 109.8 15.3 15.0  0.3   1  98.2  378.8 374  371  540  169  298  540  242
 8 1999 132.6 22.8 22.8  0.0   0 173.6  552.4 384  384    0    0  297  495  198
 9 2000 151.5 18.9 18.6  0.3   1 168.7  721.1 352  350  509  159  288  509  221
10 2001 170.7 19.2 18.9  0.3   1 194.3  915.4 354  351  510  159  289  510  221
11 2002 183.9 13.2 11.7  1.5  11 147.0 1062.5 375  349  579  230  279  611  332
12 2003 197.7 13.8 12.3  1.5  10 165.4 1227.9 396  378  536  158  317  577  260
13 2004 212.1 14.4 12.6  1.8  12 185.4 1413.3 396  374  544  170  296  581  285
14 2005 224.7 12.6 11.4  1.2   9 172.9 1586.2 405  393  527  134  307  553  246
15 2006 234.3  9.6  9.0  0.6   6 138.4 1724.6 382  372  534  162  295  543  248
16 2007 240.6  6.3  5.4  0.9  14  94.0 1818.6 410  384  569  185  316  617  301
17 2008 249.0  8.4  5.7  2.7  32 129.2 1947.8 442  386  561  175  311  617  306
18 2009 254.4  5.4  4.2  1.2  22  85.4 2033.2 404  358  565  207  310  596  286
19 2010 258.9  4.5  4.2  0.3   6  72.6 2105.8 377  361  606  245  316  606  290
20 2011 262.8  3.9  3.3  0.6  15  63.9 2169.7 393  360  569  209  326  594  268
21 2012 266.1  3.3  3.0  0.3   9  54.8 2224.5 388  376  503  127  322  503  181
22 2013 269.1  3.0  2.1  0.9  30  50.4 2275.0 463  402  604  202  362  687  325
23 2014 272.7  3.6  2.7  0.9  24  61.3 2336.3 433  395  547  152  345  617  272
24 2015 278.1  5.4  3.6  1.8  33  93.4 2429.7 441  384  556  172  325  625  300
25 2016 282.6  4.5  3.3  1.2  26  79.3 2509.0 427  379  558  179  317  603  286

Core Length:  270.6 mm
Core Density: 386 kg/m3
Cross-sectional Density:  386 kg/m3
Early/Latewood Threshold: 500 kg/m3
Attenuation Constant: 3.10

ִִִִִִִִִִִִִִִִִִִִִִִִִִִִִִִִִִִִִִִִִִִִִִִִִִִִִִִִִִִִִִִִִִִִִִִִִִִִִִִ
Core : 20
ֲֲֲִִִִִִִִִִִִִִִִִִִִִִִִִִִִִִִִִִִִִִִִִִִִִִִִִִִִִִִִִִִִִִִִִִִִִִִִִִִִ
       ³Widths (mm)              ³ Areas    ³ Densities (kg/m3)
       ³                         ³ (cm‎)    ³
Ring   ³Outer Ring Erly Late   % ³Incr Total³Ring E/Wd L/Wd Unif  Min  Max  Rng
 # Year³ Rad.      Wood Wood  LW ³          ³mean mean mean
ֱֱֱִִִִִִִִִִִִִִִִִִִִִִִִִִִִִִִִִִִִִִִִִִִִִִִִִִִִִִִִִִִִִִִִִִִִִִִִִִִִ

 7 1998  36.4 36.4 25.5  0.9   2  41.6   41.6 365  359  517  158  258  525  267
 8 1999  64.0 27.6 27.6  0.0   0  87.1  128.7 373  373    0    0  296  486  190
 9 2000  83.5 19.5 19.2  0.3   1  90.4  219.0 347  344  521  177  261  521  260
10 2001 100.6 17.1 16.8  0.3   1  98.9  317.9 343  340  522  182  282  522  240
11 2002 114.4 13.8 13.8  0.0   0  93.2  411.2 352  352    0    0  269  497  228
12 2003 130.9 16.5 16.5  0.0   0 127.2  538.3 339  339    0    0  278  473  195
13 2004 145.0 14.1 14.1  0.0   0 122.2  660.5 330  330    0    0  248  441  193
14 2005 156.7 11.7 11.7  0.0   0 110.9  771.4 324  324    0    0  229  449  220
15 2006 166.0  9.3  9.3  0.0   0  94.3  865.7 320  320    0    0  253  439  186
16 2007 175.3  9.3  9.3  0.0   0  99.7  965.4 335  335    0    0  259  474  215
17 2008 182.2  6.9  6.9  0.0   0  77.5 1042.9 328  328    0    0  258  472  214
18 2009 187.0  4.8  4.5  0.3   6  55.7 1098.6 335  324  502  178  268  502  234
19 2010 192.4  5.4  5.1  0.3   5  64.4 1162.9 345  335  512  177  281  512  231
20 2011 196.6  4.2  4.2  0.0   0  51.3 1214.3 332  332    0    0  274  447  173
21 2012 199.6  3.0  3.0  0.0   0  37.3 1251.6 316  316    0    0  245  438  193
22 2013 202.6  3.0  2.7  0.3  10  37.9 1289.5 329  307  530  223  263  530  267
23 2014 205.6  3.0  2.4  0.6  20  38.5 1328.0 365  326  524  198  252  526  274
24 2015 209.5  3.9  3.6  0.3   7  50.9 1378.9 359  346  514  168  280  514  234
25 2016 211.6  2.1  1.8  0.3  14  27.8 1406.6 358  334  502  168  292  502  210

Core Length:  201.6 mm
Core Density: 341 kg/m3
Cross-sectional Density:  340 kg/m3
Early/Latewood Threshold: 500 kg/m3
Attenuation Constant: 3.10

ִִִִִִִִִִִִִִִִִִִִִִִִִִִִִִִִִִִִִִִִִִִִִִִִִִִִִִִִִִִִִִִִִִִִִִִִִִִִִִִ
Core : 24
ֲֲֲִִִִִִִִִִִִִִִִִִִִִִִִִִִִִִִִִִִִִִִִִִִִִִִִִִִִִִִִִִִִִִִִִִִִִִִִִִִִ
       ³Widths (mm)              ³ Areas    ³ Densities (kg/m3)
       ³                         ³ (cm‎)    ³
Ring   ³Outer Ring Erly Late   % ³Incr Total³Ring E/Wd L/Wd Unif  Min  Max  Rng
 # Year³ Rad.      Wood Wood  LW ³          ³mean mean mean
ֱֱֱִִִִִִִִִִִִִִִִִִִִִִִִִִִִִִִִִִִִִִִִִִִִִִִִִִִִִִִִִִִִִִִִִִִִִִִִִִִִ

 1 1992   4.2  4.2  4.2  0.0   0   0.6    0.6 282  282    0    0  183  334  151
 2 1993   9.9  5.7  5.7  0.0   0   2.5    3.1 297  297    0    0  246  394  148
 3 1994  21.9 12.0 12.0  0.0   0  12.0   15.1 353  353    0    0  285  432  147
 4 1995  32.7 10.8 10.8  0.0   0  18.5   33.6 349  349    0    0  290  484  194
 5 1996  52.8 20.1 18.9  1.2   5  54.0   87.6 339  328  519  191  222  528  306
 6 1997  75.3 22.5 21.9  0.6   2  90.5  178.1 356  352  509  157  268  512  244
 7 1998  95.1 19.8 18.9  0.9   4 106.0  284.1 368  360  543  183  273  573  300
 8 1999 118.2 23.1 22.8  0.3   1 154.8  438.9 364  362  514  152  285  514  229
 9 2000 144.9 26.7 26.7  0.0   0 220.7  659.6 358  358    0    0  299  486  187
10 2001 171.0 26.1 24.9  1.2   4 259.0  918.6 348  340  518  178  290  539  249
11 2002 189.0 18.0 16.5  1.5   8 203.6 1122.2 371  358  514  156  268  541  273
12 2003 206.1 17.1 17.1  0.0   0 212.3 1334.5 368  368    0    0  301  486  185
13 2004 220.2 14.1 13.8  0.3   2 188.8 1523.3 354  350  506  156  286  506  220
14 2005 237.0 16.8 16.5  0.3   1 241.3 1764.6 367  364  523  159  300  523  223
15 2006 250.8 13.8 13.8  0.0   0 211.5 1976.1 353  353    0    0  293  478  185
16 2007 261.9 11.1  9.3  1.8  16 178.8 2154.9 391  362  540  178  302  569  267
17 2008 272.4 10.5  9.9  0.6   5 176.2 2331.1 394  387  519  132  299  533  234
18 2009 281.1  8.7  7.5  1.2  13 151.3 2482.4 404  383  534  151  297  549  252
19 2010 289.8  8.7  7.2  1.5  17 156.0 2638.4 392  361  541  180  273  590  317
20 2011 297.0  7.2  6.9  0.3   4 132.7 2771.2 385  380  504  124  282  504  222
21 2012 302.7  5.7  5.7  0.0   0 107.4 2878.6 362  362    0    0  269  482  213
22 2013 305.7  3.0  2.7  0.3  10  57.3 2935.9 369  342  611  269  276  611  335
23 2014 307.8  2.1  1.8  0.3  14  40.5 2976.4 399  376  538  162  293  538  245
24 2015 310.8  3.0  2.1  0.9  30  58.3 3034.7 409  349  551  202  290  581  291
25 2016 313.8  3.0  2.1  0.9  30  58.9 3093.5 429  376  553  177  280  598  318

Core Length:  313.8 mm
Core Density: 366 kg/m3
Cross-sectional Density:  371 kg/m3
Early/Latewood Threshold: 500 kg/m3
Attenuation Constant: 3.10

ִִִִִִִִִִִִִִִִִִִִִִִִִִִִִִִִִִִִִִִִִִִִִִִִִִִִִִִִִִִִִִִִִִִִִִִִִִִִִִִ
Core : 26
ֲֲֲִִִִִִִִִִִִִִִִִִִִִִִִִִִִִִִִִִִִִִִִִִִִִִִִִִִִִִִִִִִִִִִִִִִִִִִִִִִִ
       ³Widths (mm)              ³ Areas    ³ Densities (kg/m3)
       ³                         ³ (cm‎)    ³
Ring   ³Outer Ring Erly Late   % ³Incr Total³Ring E/Wd L/Wd Unif  Min  Max  Rng
 # Year³ Rad.      Wood Wood  LW ³          ³mean mean mean
ֱֱֱִִִִִִִִִִִִִִִִִִִִִִִִִִִִִִִִִִִִִִִִִִִִִִִִִִִִִִִִִִִִִִִִִִִִִִִִִִִִ

 2 1993  11.7 11.7  8.7  0.0   0   4.3    4.3 354  354    0    0  302  427  125
 3 1994  18.6  6.9  6.9  0.0   0   6.6   10.9 360  360    0    0  308  427  119
 4 1995  31.5 12.9 12.9  0.0   0  20.3   31.2 380  380    0    0  324  480  156
 5 1996  65.7 34.2 34.2  0.0   0 104.4  135.6 371  371    0    0  260  468  208
 6 1997  85.2 19.5 18.6  0.9   4  92.4  228.0 403  398  511  113  356  517  161
 7 1998 105.3 20.1 15.3  4.8  23 120.3  348.3 425  391  531  140  304  580  276
 8 1999 125.1 19.8 18.9  0.9   4 143.3  491.7 397  391  519  128  324  524  200
 9 2000 144.3 19.2 17.7  1.5   7 162.5  654.2 425  414  546  132  359  573  214
10 2001 163.5 19.2 15.0  4.2  21 185.7  839.8 445  411  566  155  377  622  245
11 2002 182.1 18.6 14.4  4.2  22 201.9 1041.8 439  400  571  171  348  611  263
12 2003 200.1 18.0 14.7  3.3  18 216.1 1257.9 435  409  552  143  349  612  263
13 2004 218.7 18.6 15.9  2.7  14 244.7 1502.6 411  388  542  154  316  599  283
14 2005 234.9 16.2 15.3  0.9   5 230.9 1733.5 406  400  505  105  318  507  189
15 2006 248.7 13.8 13.5  0.3   2 209.7 1943.1 375  372  533  161  303  533  230
16 2007 259.8 11.1  9.6  1.5  13 177.3 2120.5 399  374  564  190  300  606  306
17 2008 269.7  9.9  6.9  3.0  30 164.7 2285.1 421  368  542  174  295  614  319
18 2009 277.2  7.5  5.1  2.4  32 128.9 2414.0 424  351  580  229  284  669  385
19 2010 284.1  6.9  5.4  1.5  21 121.7 2535.7 417  373  578  205  300  637  337
20 2011 290.1  6.0  4.8  1.2  20 108.2 2643.9 403  372  527  155  291  549  258
21 2012 296.1  6.0  5.1  0.9  15 110.5 2754.4 397  373  533  160  264  571  307
22 2013 300.6  4.5  3.0  1.5  33  84.4 2838.8 426  348  583  235  302  645  343
23 2014 303.3  2.7  1.8  0.9  33  51.2 2890.0 447  378  584  206  308  605  297
24 2015 306.0  2.7  1.8  0.9  33  51.7 2941.7 462  382  623  241  328  652  324
25 2016 307.8  1.8  1.5  0.3  16  34.7 2976.4 439  415  563  148  344  563  219

Core Length:  304.8 mm
Core Density: 410 kg/m3
Cross-sectional Density:  414 kg/m3
Early/Latewood Threshold: 500 kg/m3
Attenuation Constant: 3.10

ִִִִִִִִִִִִִִִִִִִִִִִִִִִִִִִִִִִִִִִִִִִִִִִִִִִִִִִִִִִִִִִִִִִִִִִִִִִִִִִ
Core : 28
ֲֲֲִִִִִִִִִִִִִִִִִִִִִִִִִִִִִִִִִִִִִִִִִִִִִִִִִִִִִִִִִִִִִִִִִִִִִִִִִִִִ
       ³Widths (mm)              ³ Areas    ³ Densities (kg/m3)
       ³                         ³ (cm‎)    ³
Ring   ³Outer Ring Erly Late   % ³Incr Total³Ring E/Wd L/Wd Unif  Min  Max  Rng
 # Year³ Rad.      Wood Wood  LW ³          ³mean mean mean
ֱֱֱִִִִִִִִִִִִִִִִִִִִִִִִִִִִִִִִִִִִִִִִִִִִִִִִִִִִִִִִִִִִִִִִִִִִִִִִִִִִ

 3 1994  36.5 36.5 28.5  0.0   0  41.9   41.9 314  314    0    0  148  484  336
 4 1995  61.4 24.9 24.9  0.0   0  76.6  118.4 321  321    0    0  246  492  246
 5 1996  83.3 21.9 21.0  0.9   4  99.6  218.0 327  319  520  201  255  530  275
 6 1997 105.8 22.5 21.6  0.9   4 133.7  351.7 355  349  520  171  264  534  270
 7 1998 122.3 16.5 14.1  2.4  14 118.2  469.9 365  333  552  219  257  625  368
 8 1999 143.3 21.0 20.4  0.6   2 175.2  645.1 348  343  531  188  253  535  282
 9 2000 166.4 23.1 23.1  0.0   0 224.8  869.9 335  335    0    0  251  495  244
10 2001 186.5 20.1 19.5  0.6   2 222.8 1092.7 328  321  578  257  255  593  338
11 2002 199.4 12.9 11.4  1.5  11 156.4 1249.1 347  318  565  247  247  590  343
12 2003 216.5 17.1 16.2  0.9   5 223.4 1472.5 340  330  527  197  226  538  312
13 2004 232.7 16.2 15.9  0.3   1 228.6 1701.2 346  343  502  159  256  502  246
14 2005 246.8 14.1 13.5  0.6   4 212.4 1913.6 343  335  507  172  241  509  268
15 2006 259.7 12.9 12.9  0.0   0 205.3 2118.8 349  349    0    0  255  486  231
16 2007 269.9 10.2  9.3  0.9   8 169.7 2288.5 354  332  589  257  262  616  354
17 2008 280.4 10.5  9.3  1.2  11 181.5 2470.1 372  351  534  183  262  552  290
18 2009 288.8  8.4  6.6  1.8  21 150.2 2620.3 389  343  556  213  283  586  303
19 2010 300.2 11.4  9.6  1.8  15 210.9 2831.2 366  336  530  194  263  568  305
20 2011 309.2  9.0  8.4  0.6   6 172.3 3003.5 358  344  558  214  274  599  325
21 2012 319.1  9.9  9.0  0.9   9 195.4 3198.9 363  344  549  205  250  600  350
22 2013 325.7  6.6  4.8  1.8  27 133.7 3332.6 394  332  561  229  288  606  318
23 2014 333.8  8.1  6.9  1.2  14 167.8 3500.4 363  327  569  242  272  601  329
24 2015 343.4  9.6  7.5  2.1  21 204.2 3704.7 389  342  557  215  275  614  339
25 2016 350.9  7.5  6.6  0.9  12 163.6 3868.3 363  336  564  228  265  611  346

Core Length:  342.9 mm
Core Density: 353 kg/m3
Cross-sectional Density:  354 kg/m3
Early/Latewood Threshold: 500 kg/m3
Attenuation Constant: 3.10

ִִִִִִִִִִִִִִִִִִִִִִִִִִִִִִִִִִִִִִִִִִִִִִִִִִִִִִִִִִִִִִִִִִִִִִִִִִִִִִִ
Core : 29
ֲֲֲִִִִִִִִִִִִִִִִִִִִִִִִִִִִִִִִִִִִִִִִִִִִִִִִִִִִִִִִִִִִִִִִִִִִִִִִִִִִ
       ³Widths (mm)              ³ Areas    ³ Densities (kg/m3)
       ³                         ³ (cm‎)    ³
Ring   ³Outer Ring Erly Late   % ³Incr Total³Ring E/Wd L/Wd Unif  Min  Max  Rng
 # Year³ Rad.      Wood Wood  LW ³          ³mean mean mean
ֱֱֱִִִִִִִִִִִִִִִִִִִִִִִִִִִִִִִִִִִִִִִִִִִִִִִִִִִִִִִִִִִִִִִִִִִִִִִִִִִִ

 3 1994   8.9  8.9  6.9  0.0   0   2.5    2.5 310  310    0    0  260  411  151
 4 1995  27.2 18.3 18.3  0.0   0  20.8   23.2 335  335    0    0  248  493  245
 5 1996  48.2 21.0 21.0  0.0   0  49.7   73.0 347  347    0    0  287  482  195
 6 1997  68.6 20.4 18.6  1.8   8  74.9  147.8 376  362  525  163  292  573  281
 7 1998  84.2 15.6 15.0  0.6   3  74.9  222.7 379  374  505  131  272  506  234
 8 1999 102.8 18.6 18.6  0.0   0 109.3  332.0 333  333    0    0  271  494  223
 9 2000 116.0 13.2 13.2  0.0   0  90.7  422.7 323  323    0    0  261  475  214
10 2001 132.5 16.5 16.2  0.3   1 128.8  551.5 329  325  547  222  268  547  279
11 2002 142.1  9.6  9.3  0.3   3  82.8  634.4 315  309  518  209  249  518  269
12 2003 152.3 10.2  9.9  0.3   2  94.3  728.7 336  330  523  193  256  523  267
13 2004 164.9 12.6 12.6  0.0   0 125.6  854.3 347  347    0    0  259  471  212
14 2005 179.6 14.7 14.7  0.0   0 159.1 1013.4 322  322    0    0  249  469  220
15 2006 192.2 12.6 12.6  0.0   0 147.2 1160.5 335  335    0    0  260  448  188
16 2007 201.8  9.6  9.0  0.6   6 118.8 1279.4 334  322  514  192  256  520  264
17 2008 210.8  9.0  8.7  0.3   3 116.7 1396.0 362  356  524  168  258  524  266
18 2009 219.5  8.7  8.4  0.3   3 117.6 1513.6 350  345  502  157  255  502  247
19 2010 226.7  7.2  6.6  0.6   8 100.9 1614.6 347  330  532  202  255  540  285
20 2011 232.1  5.4  5.4  0.0   0  77.8 1692.4 331  331    0    0  256  477  221
21 2012 238.1  6.0  5.7  0.3   5  88.6 1781.0 344  336  510  174  252  510  258
22 2013 243.5  5.4  4.2  1.2  22  81.7 1862.7 370  317  554  237  266  579  313
23 2014 248.9  5.4  5.1  0.3   5  83.5 1946.3 346  336  513  177  261  513  252
24 2015 254.3  5.4  4.8  0.6  11  85.4 2031.6 365  342  547  205  266  575  309
25 2016 258.5  4.2  3.3  0.9  21  67.7 2099.3 367  325  520  195  271  534  263

Core Length:  256.5 mm
Core Density: 343 kg/m3
Cross-sectional Density:  343 kg/m3
Early/Latewood Threshold: 500 kg/m3
Attenuation Constant: 3.10

ִִִִִִִִִִִִִִִִִִִִִִִִִִִִִִִִִִִִִִִִִִִִִִִִִִִִִִִִִִִִִִִִִִִִִִִִִִִִִִִ
Core : 36
ֲֲֲִִִִִִִִִִִִִִִִִִִִִִִִִִִִִִִִִִִִִִִִִִִִִִִִִִִִִִִִִִִִִִִִִִִִִִִִִִִִ
       ³Widths (mm)              ³ Areas    ³ Densities (kg/m3)
       ³                         ³ (cm‎)    ³
Ring   ³Outer Ring Erly Late   % ³Incr Total³Ring E/Wd L/Wd Unif  Min  Max  Rng
 # Year³ Rad.      Wood Wood  LW ³          ³mean mean mean
ֱֱֱִִִִִִִִִִִִִִִִִִִִִִִִִִִִִִִִִִִִִִִִִִִִִִִִִִִִִִִִִִִִִִִִִִִִִִִִִִִִ

 2 1993   9.0  9.0  6.0  0.0   0   2.5    2.5 308  308    0    0  250  414  164
 3 1994  16.2  7.2  7.2  0.0   0   5.7    8.2 332  332    0    0  268  467  199
 4 1995  38.7 22.5 22.5  0.0   0  38.8   47.1 306  306    0    0  237  484  247
 5 1996  61.8 23.1 22.5  0.6   2  72.9  120.0 344  340  504  164  257  505  248
 6 1997  86.4 24.6 21.0  3.6  14 114.5  234.5 421  400  544  144  344  587  243
 7 1998 104.1 17.7 16.2  1.5   8 105.9  340.4 423  412  533  121  338  558  220
 8 1999 122.7 18.6 17.4  1.2   6 132.5  473.0 413  406  512  106  340  527  187
 9 2000 139.5 16.8 16.5  0.3   1 138.4  611.4 403  400  533  133  352  533  181
10 2001 155.7 16.2 14.7  1.5   9 150.2  761.6 400  387  534  147  331  576  245
11 2002 168.0 12.3 10.5  1.8  14 125.1  886.7 419  398  540  142  347  580  233
12 2003 177.3  9.3  8.1  1.2  12 100.9  987.6 449  436  536  100  383  571  188
13 2004 186.3  9.0  5.4  3.6  40 102.8 1090.4 469  414  552  138  364  641  277
14 2005 194.7  8.4  6.9  1.5  17 100.5 1190.9 438  418  532  114  372  577  205
15 2006 203.7  9.0  7.2  1.8  20 112.6 1303.6 430  403  538  135  352  570  218
16 2007 210.6  6.9  5.1  1.8  26  89.8 1393.4 464  424  579  155  387  672  285
17 2008 216.6  6.0  3.9  2.1  35  80.5 1473.9 461  402  570  168  349  606  257
18 2009 222.0  5.4  4.2  1.2  22  74.4 1548.3 459  416  609  193  356  646  290
19 2010 227.1  5.1  4.2  0.9  17  72.0 1620.3 438  402  605  203  358  618  260
20 2011 230.7  3.6  2.4  1.2  33  51.8 1672.0 435  388  529  141  329  561  232
21 2012 233.1  2.4  1.8  0.6  25  35.0 1707.0 452  424  536  112  328  559  231
22 2013 235.2  2.1  1.5  0.6  28  30.9 1737.9 452  384  621  237  347  659  312
23 2014 236.7  1.5  0.9  0.6  40  22.2 1760.1 468  424  535  111  370  556  186
24 2015 238.5  1.8  1.2  0.6  33  26.9 1787.0 490  422  628  206  387  636  249
25 2016 240.3  1.8  0.6  1.2  66  27.1 1814.1 502  401  552  151  377  589  212

Core Length:  237.3 mm
Core Density: 424 kg/m3
Cross-sectional Density:  427 kg/m3
Early/Latewood Threshold: 500 kg/m3
Attenuation Constant: 3.10

