File : C:\DENSITOM\MANGAT~1\MANG22.DAT
Cores :
6
11
14
17
21
24
29
31
36
52
56
59

ִִִִִִִִִִִִִִִִִִִִִִִִִִִִִִִִִִִִִִִִִִִִִִִִִִִִִִִִִִִִִִִִִִִִִִִִִִִִִִִ
Core : 6
ֲֲֲִִִִִִִִִִִִִִִִִִִִִִִִִִִִִִִִִִִִִִִִִִִִִִִִִִִִִִִִִִִִִִִִִִִִִִִִִִִִ
       ³Widths (mm)              ³ Areas    ³ Densities (kg/m3)
       ³                         ³ (cm‎)    ³
Ring   ³Outer Ring Erly Late   % ³Incr Total³Ring E/Wd L/Wd Unif  Min  Max  Rng
 # Year³ Rad.      Wood Wood  LW ³          ³mean mean mean
ֱֱֱִִִִִִִִִִִִִִִִִִִִִִִִִִִִִִִִִִִִִִִִִִִִִִִִִִִִִִִִִִִִִִִִִִִִִִִִִִִִ

 1 1992   7.2  7.2  4.2  0.0   0   1.6    1.6 346  346    0    0  307  410  103
 2 1993  20.7 13.5 13.5  0.0   0  11.8   13.5 358  358    0    0  288  474  186
 3 1994  35.7 15.0 15.0  0.0   0  26.6   40.0 356  356    0    0  273  488  215
 4 1995  46.8 11.1  9.6  1.5  13  28.8   68.8 385  365  515  150  319  537  218
 5 1996  64.8 18.0 15.9  2.1  11  63.1  131.9 386  361  578  217  288  609  321
 6 1997  85.5 20.7 17.4  3.3  15  97.7  229.7 419  399  525  126  303  550  247
 7 1998  99.9 14.4 11.1  3.3  22  83.9  313.5 417  375  559  184  296  609  313
 8 1999 114.6 14.7 13.2  1.5  10  99.1  412.6 391  376  531  155  290  557  267
 9 2000 126.6 12.0 11.4  0.6   5  90.9  503.5 382  375  506  131  274  507  233
10 2001 137.7 11.1 10.5  0.6   5  92.2  595.7 383  376  506  130  272  508  236
11 2002 146.7  9.0  7.5  1.5  16  80.4  676.1 383  347  564  217  245  627  382
12 2003 155.7  9.0  6.9  2.1  23  85.5  761.6 421  379  561  182  284  601  317
13 2004 168.0 12.3  7.2  5.1  41 125.1  886.7 442  363  555  192  264  601  337
14 2005 178.8 10.8  8.7  2.1  19 117.7 1004.3 397  359  555  196  243  642  399
15 2006 186.0  7.2  5.1  2.1  29  82.5 1086.9 395  333  545  212  257  580  323
16 2007 194.4  8.4  6.0  2.4  28 100.4 1187.3 422  364  566  202  275  612  337
17 2008 199.2  4.8  3.9  0.9  18  59.4 1246.6 389  333  634  301  275  690  415
18 2009 204.6  5.4  3.6  1.8  33  68.5 1315.1 442  363  600  237  302  672  370
19 2010 214.2  9.6  6.3  3.3  34 126.3 1441.4 425  365  539  174  281  574  293
20 2011 222.9  8.7  4.5  4.2  48 119.5 1560.9 434  343  531  188  277  572  295
21 2012 228.9  6.0  3.9  2.1  35  85.2 1646.0 416  346  545  199  264  571  307
22 2013 233.4  4.5  3.6  0.9  20  65.4 1711.4 413  346  681  335  296  693  397
23 2014 237.6  4.2  2.7  1.5  35  62.1 1773.5 441  364  579  215  291  640  349
24 2015 240.9  3.3  2.4  0.9  27  49.6 1823.2 451  371  665  294  306  676  370
25 2016 243.0  2.1  1.2  0.9  42  31.9 1855.1 463  351  612  261  306  674  368

Core Length:  240.0 mm
Core Density: 406 kg/m3
Cross-sectional Density:  411 kg/m3
Early/Latewood Threshold: 500 kg/m3
Attenuation Constant: 3.10

ִִִִִִִִִִִִִִִִִִִִִִִִִִִִִִִִִִִִִִִִִִִִִִִִִִִִִִִִִִִִִִִִִִִִִִִִִִִִִִִ
Core : 11
ֲֲֲִִִִִִִִִִִִִִִִִִִִִִִִִִִִִִִִִִִִִִִִִִִִִִִִִִִִִִִִִִִִִִִִִִִִִִִִִִִִ
       ³Widths (mm)              ³ Areas    ³ Densities (kg/m3)
       ³                         ³ (cm‎)    ³
Ring   ³Outer Ring Erly Late   % ³Incr Total³Ring E/Wd L/Wd Unif  Min  Max  Rng
 # Year³ Rad.      Wood Wood  LW ³          ³mean mean mean
ֱֱֱִִִִִִִִִִִִִִִִִִִִִִִִִִִִִִִִִִִִִִִִִִִִִִִִִִִִִִִִִִִִִִִִִִִִִִִִִִִִ

 1 1993  16.2 16.2 13.8  2.4  14   8.2    8.2 359  320  579  259  226  610  384
 2 1994  32.4 16.2 15.9  0.3   1  24.7   33.0 327  324  505  181  254  505  251
 3 1995  52.8 20.4 19.5  0.9   4  54.6   87.6 352  345  521  176  269  526  257
 4 1996  67.5 14.7 13.2  1.5  10  55.6  143.1 354  333  535  202  283  563  280
 5 1997  82.2 14.7 12.3  2.4  16  69.1  212.3 398  369  546  177  326  587  261
 6 1998  98.7 16.5 12.9  3.6  21  93.8  306.0 434  397  565  168  319  614  295
 7 1999 113.4 14.7 12.3  2.4  16  98.0  404.0 410  387  528  141  321  561  240
 8 2000 126.3 12.9 12.6  0.3   2  97.1  501.1 376  373  541  168  305  541  236
 9 2001 138.3 12.0 10.8  1.2  10  99.8  600.9 373  355  530  175  298  579  281
10 2002 149.1 10.8  9.3  1.5  13  97.5  698.4 392  359  593  234  283  659  376
11 2003 158.1  9.0  7.5  1.5  16  86.9  785.3 427  402  554  152  335  592  257
12 2004 167.7  9.6  7.5  2.1  21  98.3  883.5 424  385  560  175  339  609  270
13 2005 177.3  9.6  7.5  2.1  21 104.0  987.6 434  400  557  157  343  566  223
14 2006 188.4 11.1  9.9  1.2  10 127.5 1115.1 404  389  523  134  284  548  264
15 2007 199.2 10.8  8.1  2.7  24 131.5 1246.6 416  371  554  183  309  626  317
16 2008 207.0  7.8  5.1  2.7  34  99.5 1346.1 441  367  580  213  295  625  330
17 2009 214.2  7.2  6.0  1.2  16  95.3 1441.4 415  376  610  234  312  629  317
18 2010 222.0  7.8  6.3  1.5  19 106.9 1548.3 416  378  576  198  317  612  295
19 2011 228.3  6.3  4.8  1.5  23  89.1 1637.4 425  383  561  178  327  612  285
20 2012 234.3  6.0  4.2  1.8  30  87.2 1724.6 430  385  535  150  318  606  288
21 2013 238.5  4.2  3.0  1.2  28  62.4 1787.0 416  343  596  253  316  677  361
22 2014 241.8  3.3  2.1  1.2  36  49.8 1836.8 411  339  538  199  311  582  271
23 2015 245.4  3.6  2.7  0.9  24  55.1 1891.9 428  373  596  223  323  646  323
24 2016 248.7  3.3  2.1  1.2  36  51.2 1943.1 436  361  568  207  317  637  320

Core Length:  248.7 mm
Core Density: 404 kg/m3
Cross-sectional Density:  409 kg/m3
Early/Latewood Threshold: 500 kg/m3
Attenuation Constant: 3.10

ִִִִִִִִִִִִִִִִִִִִִִִִִִִִִִִִִִִִִִִִִִִִִִִִִִִִִִִִִִִִִִִִִִִִִִִִִִִִִִִ
Core : 14
ֲֲֲִִִִִִִִִִִִִִִִִִִִִִִִִִִִִִִִִִִִִִִִִִִִִִִִִִִִִִִִִִִִִִִִִִִִִִִִִִִִ
       ³Widths (mm)              ³ Areas    ³ Densities (kg/m3)
       ³                         ³ (cm‎)    ³
Ring   ³Outer Ring Erly Late   % ³Incr Total³Ring E/Wd L/Wd Unif  Min  Max  Rng
 # Year³ Rad.      Wood Wood  LW ³          ³mean mean mean
ֱֱֱִִִִִִִִִִִִִִִִִִִִִִִִִִִִִִִִִִִִִִִִִִִִִִִִִִִִִִִִִִִִִִִִִִִִִִִִִִִִ

 1 1994   9.6  9.6  9.6  0.0   0   2.9    2.9 295  295    0    0  145  417  272
 2 1995  25.2 15.6 15.6  0.0   0  17.1   20.0 323  323    0    0  258  477  219
 3 1996  48.9 23.7 22.8  0.9   3  55.2   75.1 322  315  505  190  262  511  249
 4 1997  69.6 20.7 20.1  0.6   2  77.1  152.2 341  336  515  179  268  527  259
 5 1998  81.0 11.4  9.9  1.5  13  53.9  206.1 387  368  514  146  293  524  231
 6 1999  92.7 11.7 11.4  0.3   2  63.8  270.0 375  371  526  155  300  526  226
 7 2000 107.7 15.0 15.0  0.0   0  94.4  364.4 332  332    0    0  275  472  197
 8 2001 122.7 15.0 14.7  0.3   2 108.6  473.0 337  333  517  184  270  517  247
 9 2002 133.5 10.8  9.6  1.2  11  86.9  559.9 358  334  553  219  253  584  331
10 2003 142.8  9.3  8.4  0.9   9  80.7  640.6 373  357  521  164  270  541  271
11 2004 154.2 11.4  9.6  1.8  15 106.4  747.0 384  358  525  167  267  557  290
12 2005 164.4 10.2  9.6  0.6   5 102.1  849.1 359  349  529  180  283  544  261
13 2006 171.6  7.2  6.9  0.3   4  76.0  925.1 379  371  543  172  286  543  257
14 2007 176.7  5.1  4.5  0.6  11  55.8  980.9 367  342  553  211  270  573  303
15 2008 180.0  3.3  2.7  0.6  18  37.0 1017.9 369  331  541  210  288  564  276
16 2009 182.4  2.4  2.1  0.3  12  27.3 1045.2 380  356  553  197  292  553  261
17 2010 185.4  3.0  2.4  0.6  20  34.7 1079.9 373  339  508  169  264  509  245
18 2011 188.7  3.3  2.4  0.9  27  38.8 1118.6 413  361  554  193  321  558  237
19 2012 192.0  3.3  2.4  0.9  27  39.5 1158.1 424  376  551  175  304  587  283
20 2013 195.6  3.6  2.7  0.9  24  43.8 1202.0 428  370  602  232  285  654  369
21 2014 199.8  4.2  3.0  1.2  28  52.2 1254.1 420  364  560  196  261  565  304
22 2015 203.7  3.9  3.0  0.9  23  49.4 1303.6 401  358  545  187  285  578  293
23 2016 207.3  3.6  2.7  0.9  25  46.5 1350.0 424  384  545  161  297  565  268

Core Length:  207.3 mm
Core Density: 372 kg/m3
Cross-sectional Density:  371 kg/m3
Early/Latewood Threshold: 500 kg/m3
Attenuation Constant: 3.10

ִִִִִִִִִִִִִִִִִִִִִִִִִִִִִִִִִִִִִִִִִִִִִִִִִִִִִִִִִִִִִִִִִִִִִִִִִִִִִִִ
Core : 17
ֲֲֲִִִִִִִִִִִִִִִִִִִִִִִִִִִִִִִִִִִִִִִִִִִִִִִִִִִִִִִִִִִִִִִִִִִִִִִִִִִִ
       ³Widths (mm)              ³ Areas    ³ Densities (kg/m3)
       ³                         ³ (cm‎)    ³
Ring   ³Outer Ring Erly Late   % ³Incr Total³Ring E/Wd L/Wd Unif  Min  Max  Rng
 # Year³ Rad.      Wood Wood  LW ³          ³mean mean mean
ֱֱֱִִִִִִִִִִִִִִִִִִִִִִִִִִִִִִִִִִִִִִִִִִִִִִִִִִִִִִִִִִִִִִִִִִִִִִִִִִִִ

 1 1992   5.2  5.2  4.2  0.0   0   0.8    0.8 282  282    0    0  207  384  177
 2 1993  13.0  7.8  5.7  2.1  26   4.5    5.3 380  319  546  227  254  583  329
 3 1994  32.5 19.5 19.5  0.0   0  27.9   33.2 328  328    0    0  254  484  230
 4 1995  53.5 21.0 20.7  0.3   1  56.7   89.9 337  335  509  174  251  509  258
 5 1996  73.3 19.8 18.9  0.9   4  78.9  168.8 317  308  516  208  220  527  307
 6 1997  92.5 19.2 18.0  1.2   6 100.0  268.8 374  365  517  152  282  524  242
 7 1998 107.8 15.3 11.4  3.9  25  96.3  365.1 406  362  534  172  282  586  304
 8 1999 128.2 20.4 20.1  0.3   1 151.2  516.3 378  376  509  133  298  509  211
 9 2000 147.7 19.5 18.6  0.9   4 169.0  685.3 364  356  510  154  289  512  223
10 2001 170.8 23.1 21.9  1.2   5 231.1  916.5 364  355  531  176  303  554  251
11 2002 184.9 14.1 12.0  2.1  14 157.6 1074.0 383  352  563  211  295  630  335
12 2003 196.0 11.1 10.5  0.6   5 132.8 1206.9 394  385  542  157  321  563  242
13 2004 207.4 11.4  7.8  3.6  31 144.5 1351.3 434  377  559  182  298  606  308
14 2005 217.3  9.9  8.1  1.8  18 132.1 1483.4 420  393  543  150  296  604  308
15 2006 225.7  8.4  5.7  2.7  32 116.9 1600.3 434  382  543  161  297  604  307
16 2007 233.5  7.8  6.0  1.8  23 112.5 1712.9 445  391  625  234  309  691  382
17 2008 238.6  5.1  3.9  1.2  23  75.6 1788.5 444  388  626  238  322  698  376
18 2009 242.2  3.6  2.4  1.2  33  54.4 1842.9 466  399  599  200  348  641  293
19 2010 246.7  4.5  2.7  1.8  40  69.1 1912.0 461  393  563  170  346  696  350
20 2011 250.3  3.6  2.4  1.2  33  56.2 1968.2 482  422  603  181  370  691  321
21 2012 254.2  3.9  1.8  2.1  53  61.8 2030.0 516  394  620  226  363  668  305
22 2013 259.6  5.4  2.7  2.7  50  87.2 2117.2 530  418  643  225  372  734  362
23 2014 265.3  5.7  2.7  3.0  52  94.0 2211.2 510  396  612  216  338  668  330
24 2015 272.8  7.5  4.2  3.3  44 126.8 2338.0 502  403  629  226  330  677  347
25 2016 281.2  8.4  3.9  4.5  53 146.2 2484.2 502  399  591  192  334  688  354

Core Length:  280.2 mm
Core Density: 418 kg/m3
Cross-sectional Density:  421 kg/m3
Early/Latewood Threshold: 500 kg/m3
Attenuation Constant: 3.10

ִִִִִִִִִִִִִִִִִִִִִִִִִִִִִִִִִִִִִִִִִִִִִִִִִִִִִִִִִִִִִִִִִִִִִִִִִִִִִִִ
Core : 21
ֲֲֲִִִִִִִִִִִִִִִִִִִִִִִִִִִִִִִִִִִִִִִִִִִִִִִִִִִִִִִִִִִִִִִִִִִִִִִִִִִִ
       ³Widths (mm)              ³ Areas    ³ Densities (kg/m3)
       ³                         ³ (cm‎)    ³
Ring   ³Outer Ring Erly Late   % ³Incr Total³Ring E/Wd L/Wd Unif  Min  Max  Rng
 # Year³ Rad.      Wood Wood  LW ³          ³mean mean mean
ֱֱֱִִִִִִִִִִִִִִִִִִִִִִִִִִִִִִִִִִִִִִִִִִִִִִִִִִִִִִִִִִִִִִִִִִִִִִִִִִִִ

 3 1994  18.0 18.0 11.1  0.9   5  10.2   10.2 392  382  515  133  357  524  167
 4 1995  34.2 16.2 14.7  1.5   9  26.6   36.7 394  377  561  184  317  623  306
 5 1996  49.5 15.3 13.8  1.5   9  40.2   77.0 402  385  562  177  322  576  254
 6 1997  68.1 18.6 15.9  2.7  14  68.7  145.7 447  430  545  115  330  581  251
 7 1998  84.6 16.5  9.6  6.9  41  79.2  224.8 481  437  544  107  374  592  218
 8 1999  99.3 14.7 13.2  1.5  10  84.9  309.8 433  424  512   88  362  533  171
 9 2000 111.9 12.6  9.0  3.6  28  83.6  393.4 447  419  516   97  354  531  177
10 2001 123.3 11.4 11.1  0.3   2  84.2  477.6 422  419  536  117  338  536  198
11 2002 129.3  6.0  3.9  2.1  35  47.6  525.2 432  363  559  196  333  656  323
12 2003 135.3  6.0  4.2  1.8  30  49.9  575.1 473  442  546  104  388  604  216
13 2004 143.1  7.8  5.7  2.1  26  68.2  643.3 451  418  539  121  352  580  228
14 2005 147.3  4.2  3.6  0.6  14  38.3  681.6 427  409  535  126  356  545  189
15 2006 151.5  4.2  2.7  1.5  35  39.4  721.1 457  401  556  155  344  609  265
16 2007 155.7  4.2  3.3  0.9  21  40.5  761.6 459  418  608  190  370  627  257
17 2008 159.0  3.3  2.4  0.9  27  32.6  794.2 460  417  573  156  358  643  285
18 2009 161.1  2.1  1.5  0.6  28  21.1  815.3 441  391  566  175  366  585  219
19 2010 162.9  1.8  1.5  0.3  16  18.3  833.7 438  403  616  213  373  616  243
20 2011 164.4  1.5  1.5  0.0   0  15.4  849.1 422  422    0    0  363  497  134
21 2012 165.6  1.2  0.6  0.6  50  12.4  861.5 483  422  544  122  374  582  208
22 2013 166.8  1.2  0.9  0.3  25  12.5  874.1 463  429  565  136  385  565  180
23 2014 167.7  0.9  0.6  0.3  33   9.5  883.5 454  423  518   95  423  518   95
24 2015 169.5  1.8  0.9  0.9  50  19.1  902.6 516  432  601  169  403  649  246
25 2016 170.4  0.9  0.6  0.3  33   9.6  912.2 506  489  540   51  480  540   60

Core Length:  164.4 mm
Core Density: 447 kg/m3
Cross-sectional Density:  445 kg/m3
Early/Latewood Threshold: 500 kg/m3
Attenuation Constant: 3.10

ִִִִִִִִִִִִִִִִִִִִִִִִִִִִִִִִִִִִִִִִִִִִִִִִִִִִִִִִִִִִִִִִִִִִִִִִִִִִִִִ
Core : 24
ֲֲֲִִִִִִִִִִִִִִִִִִִִִִִִִִִִִִִִִִִִִִִִִִִִִִִִִִִִִִִִִִִִִִִִִִִִִִִִִִִִ
       ³Widths (mm)              ³ Areas    ³ Densities (kg/m3)
       ³                         ³ (cm‎)    ³
Ring   ³Outer Ring Erly Late   % ³Incr Total³Ring E/Wd L/Wd Unif  Min  Max  Rng
 # Year³ Rad.      Wood Wood  LW ³          ³mean mean mean
ֱֱֱִִִִִִִִִִִִִִִִִִִִִִִִִִִִִִִִִִִִִִִִִִִִִִִִִִִִִִִִִִִִִִִִִִִִִִִִִִִִ

 1 1994  13.2 13.2 12.9  0.3   2   5.5    5.5 373  370  506  136  275  506  231
 2 1995  26.4 13.2 12.3  0.9   6  16.4   21.9 404  396  507  111  280  511  231
 3 1996  45.3 18.9 17.7  1.2   6  42.6   64.5 366  356  515  159  277  523  246
 4 1997  71.7 26.4 25.2  1.2   4  97.0  161.5 373  366  528  162  302  542  240
 5 1998  87.3 15.6 13.5  2.1  13  77.9  239.4 405  385  531  146  288  574  286
 6 1999 104.7 17.4 17.1  0.3   1 105.0  344.4 378  376  500  124  292  500  208
 7 2000 120.6 15.9 15.9  0.0   0 112.5  456.9 358  358    0    0  276  498  222
 8 2001 139.8 19.2 16.5  2.7  14 157.1  614.0 360  333  529  196  252  575  323
 9 2002 154.5 14.7 12.9  1.8  12 135.9  749.9 355  323  580  257  250  667  417
10 2003 169.5 15.0 13.8  1.2   8 152.7  902.6 381  367  549  182  285  587  302
11 2004 186.0 16.5 13.8  2.7  16 184.3 1086.9 394  363  550  187  262  597  335
12 2005 198.9 12.9 10.5  2.4  18 156.0 1242.9 401  369  542  173  274  621  347
13 2006 209.4 10.5  7.5  3.0  28 134.7 1377.5 410  361  533  172  270  573  303
14 2007 217.8  8.4  6.3  2.1  25 112.7 1490.3 425  362  614  252  287  679  392
15 2008 225.3  7.5  6.0  1.5  20 104.4 1594.7 396  348  588  240  289  618  329
16 2009 229.8  4.5  3.9  0.6  13  64.3 1659.0 383  348  607  259  283  655  372
17 2010 235.5  5.7  4.2  1.5  26  83.3 1742.3 399  343  556  213  280  628  348
18 2011 241.2  5.7  4.2  1.5  26  85.4 1827.7 409  351  573  222  288  621  333
19 2012 246.3  5.1  3.9  1.2  23  78.1 1905.8 400  347  573  226  287  646  359
20 2013 250.8  4.5  3.6  0.9  20  70.3 1976.1 393  344  589  245  287  646  359
21 2014 254.4  3.6  2.4  1.2  33  57.1 2033.2 414  337  567  230  284  645  361
22 2015 258.0  3.6  3.0  0.6  16  58.0 2091.2 429  380  675  295  299  701  402
23 2016 260.7  2.7  2.1  0.6  22  44.0 2135.2 383  338  542  204  304  563  259

Core Length:  260.7 mm
Core Density: 390 kg/m3
Cross-sectional Density:  389 kg/m3
Early/Latewood Threshold: 500 kg/m3
Attenuation Constant: 3.10

ִִִִִִִִִִִִִִִִִִִִִִִִִִִִִִִִִִִִִִִִִִִִִִִִִִִִִִִִִִִִִִִִִִִִִִִִִִִִִִִ
Core : 29
ֲֲֲִִִִִִִִִִִִִִִִִִִִִִִִִִִִִִִִִִִִִִִִִִִִִִִִִִִִִִִִִִִִִִִִִִִִִִִִִִִִ
       ³Widths (mm)              ³ Areas    ³ Densities (kg/m3)
       ³                         ³ (cm‎)    ³
Ring   ³Outer Ring Erly Late   % ³Incr Total³Ring E/Wd L/Wd Unif  Min  Max  Rng
 # Year³ Rad.      Wood Wood  LW ³          ³mean mean mean
ֱֱֱִִִִִִִִִִִִִִִִִִִִִִִִִִִִִִִִִִִִִִִִִִִִִִִִִִִִִִִִִִִִִִִִִִִִִִִִִִִִ

 1 1993   4.9  4.9  3.9  0.0   0   0.8    0.8 347  347    0    0  270  399  129
 2 1994  15.7 10.8 10.5  0.3   2   7.0    7.7 355  350  541  191  286  541  255
 3 1995  33.1 17.4 16.5  0.9   5  26.7   34.4 363  354  528  174  297  555  258
 4 1996  49.9 16.8 15.0  1.8  10  43.8   78.2 373  355  516  161  293  538  245
 5 1997  67.6 17.7 15.9  1.8  10  65.3  143.6 409  395  537  142  314  576  262
 6 1998  80.2 12.6  9.6  3.0  23  58.5  202.1 437  386  603  217  325  672  347
 7 1999  97.6 17.4 15.9  1.5   8  97.2  299.3 403  391  531  140  319  556  237
 8 2000 111.4 13.8 12.0  1.8  13  90.6  389.9 399  374  561  187  298  607  309
 9 2001 124.3 12.9 10.2  2.7  20  95.5  485.4 418  380  563  183  313  623  310
10 2002 131.5  7.2  5.4  1.8  25  57.9  543.3 404  356  550  194  304  641  337
11 2003 138.4  6.9  5.4  1.5  21  58.5  601.8 438  403  562  159  353  624  271
12 2004 146.5  8.1  5.7  2.4  29  72.5  674.3 442  389  568  179  344  617  273
13 2005 155.2  8.7  6.3  2.4  27  82.5  756.7 443  398  561  163  333  608  275
14 2006 162.4  7.2  5.7  1.5  20  71.8  828.6 440  406  573  167  316  611  295
15 2007 166.6  4.2  3.3  0.9  21  43.4  872.0 447  399  623  224  341  676  335
16 2008 169.6  3.0  2.1  0.9  30  31.7  903.7 476  406  641  235  348  684  336
17 2009 172.6  3.0  2.1  0.9  30  32.3  935.9 492  427  642  215  373  663  290
18 2010 175.6  3.0  2.1  0.9  30  32.8  968.7 476  420  609  189  358  655  297
19 2011 178.6  3.0  2.4  0.6  20  33.4 1002.1 438  406  566  160  364  617  253
20 2012 180.7  2.1  1.2  0.9  42  23.7 1025.8 495  400  622  222  358  667  309
21 2013 182.8  2.1  1.5  0.6  28  24.0 1049.8 482  414  654  240  364  690  326
22 2014 184.9  2.1  0.9  1.2  57  24.3 1074.0 508  389  597  208  374  663  289
23 2015 186.7  1.8  1.2  0.6  33  21.0 1095.1 484  414  623  209  373  632  259
24 2016 187.9  1.2  0.6  0.6  50  14.1 1109.2 505  408  601  193  384  672  288

Core Length:  186.9 mm
Core Density: 436 kg/m3
Cross-sectional Density:  431 kg/m3
Early/Latewood Threshold: 500 kg/m3
Attenuation Constant: 3.10

ִִִִִִִִִִִִִִִִִִִִִִִִִִִִִִִִִִִִִִִִִִִִִִִִִִִִִִִִִִִִִִִִִִִִִִִִִִִִִִִ
Core : 31
ֲֲֲִִִִִִִִִִִִִִִִִִִִִִִִִִִִִִִִִִִִִִִִִִִִִִִִִִִִִִִִִִִִִִִִִִִִִִִִִִִִ
       ³Widths (mm)              ³ Areas    ³ Densities (kg/m3)
       ³                         ³ (cm‎)    ³
Ring   ³Outer Ring Erly Late   % ³Incr Total³Ring E/Wd L/Wd Unif  Min  Max  Rng
 # Year³ Rad.      Wood Wood  LW ³          ³mean mean mean
ֱֱֱִִִִִִִִִִִִִִִִִִִִִִִִִִִִִִִִִִִִִִִִִִִִִִִִִִִִִִִִִִִִִִִִִִִִִִִִִִִִ

 3 1994  12.4 12.4  8.4  0.0   0   4.8    4.8 328  328    0    0  268  434  166
 4 1995  30.7 18.3 18.3  0.0   0  24.8   29.6 324  324    0    0  251  472  221
 5 1996  52.0 21.3 20.7  0.6   2  55.3   84.9 334  329  522  193  265  525  260
 6 1997  68.2 16.2 13.5  2.7  16  61.2  146.1 388  352  565  213  295  638  343
 7 1998  77.5  9.3  7.2  2.1  22  42.6  188.7 402  365  528  163  316  554  238
 8 1999  89.5 12.0 11.1  0.9   7  63.0  251.6 355  342  520  178  270  525  255
 9 2000 100.3 10.8  9.9  0.9   8  64.4  316.0 370  355  528  173  303  543  240
10 2001 107.8  7.5  6.9  0.6   8  49.0  365.1 373  357  556  199  300  564  264
11 2002 112.9  5.1  3.9  1.2  23  35.4  400.4 403  354  561  207  279  640  361
12 2003 119.8  6.9  5.4  1.5  21  50.4  450.9 431  399  545  146  327  575  248
13 2004 130.3 10.5  7.2  3.3  31  82.5  533.4 435  384  547  163  292  595  303
14 2005 141.7 11.4  9.6  1.8  15  97.4  630.8 410  390  517  127  319  563  244
15 2006 150.7  9.0  8.7  0.3   3  82.7  713.5 392  388  504  116  289  504  215
16 2007 160.0  9.3  6.6  2.7  29  90.8  804.2 419  364  556  192  295  634  339
17 2008 170.2 10.2  7.5  2.7  26 105.8  910.1 415  372  533  161  295  569  274
18 2009 179.2  9.0  6.6  2.4  26  98.8 1008.8 417  371  543  172  303  571  268
19 2010 188.8  9.6  8.7  0.9   9 111.0 1119.8 382  367  529  162  284  539  255
20 2011 197.2  8.4  7.5  0.9  10 101.9 1221.7 391  373  542  169  291  559  268
21 2012 206.5  9.3  9.3  0.0   0 117.9 1339.6 369  369    0    0  283  497  214
22 2013 211.9  5.4  3.6  1.8  33  71.0 1410.6 438  372  569  197  295  619  324
23 2014 220.3  8.4  4.8  3.6  42 114.1 1524.7 453  397  528  131  320  549  229
24 2015 231.4 11.1  5.7  5.4  48 157.5 1682.2 475  408  545  137  320  582  262
25 2016 244.0 12.6  9.0  3.6  28 188.2 1870.4 467  427  567  140  326  603  277

Core Length:  240.3 mm
Core Density: 398 kg/m3
Cross-sectional Density:  412 kg/m3
Early/Latewood Threshold: 500 kg/m3
Attenuation Constant: 3.10

ִִִִִִִִִִִִִִִִִִִִִִִִִִִִִִִִִִִִִִִִִִִִִִִִִִִִִִִִִִִִִִִִִִִִִִִִִִִִִִִ
Core : 36
ֲֲֲִִִִִִִִִִִִִִִִִִִִִִִִִִִִִִִִִִִִִִִִִִִִִִִִִִִִִִִִִִִִִִִִִִִִִִִִִִִִ
       ³Widths (mm)              ³ Areas    ³ Densities (kg/m3)
       ³                         ³ (cm‎)    ³
Ring   ³Outer Ring Erly Late   % ³Incr Total³Ring E/Wd L/Wd Unif  Min  Max  Rng
 # Year³ Rad.      Wood Wood  LW ³          ³mean mean mean
ֱֱֱִִִִִִִִִִִִִִִִִִִִִִִִִִִִִִִִִִִִִִִִִִִִִִִִִִִִִִִִִִִִִִִִִִִִִִִִִִִִ

 3 1995  14.4 14.4 11.4  0.0   0   6.5    6.5 357  357    0    0  274  473  199
 4 1996  35.1 20.7 20.4  0.3   1  32.2   38.7 366  364  514  150  286  514  228
 5 1997  56.1 21.0 18.9  2.1  10  60.2   98.9 405  391  526  135  302  545  243
 6 1998  68.7 12.6 11.4  1.2   9  49.4  148.3 388  375  517  142  314  539  225
 7 1999  85.2 16.5 15.9  0.6   3  79.8  228.0 362  356  525  169  277  532  255
 8 2000  98.4 13.2 12.9  0.3   2  76.1  304.2 362  359  513  154  292  513  221
 9 2001 112.2 13.8 13.2  0.6   4  91.3  395.5 355  346  551  205  271  585  314
10 2002 119.7  7.5  6.6  0.9  12  54.6  450.1 360  331  572  241  264  648  384
11 2003 126.3  6.6  5.7  0.9  13  51.0  501.1 390  366  545  179  314  576  262
12 2004 136.2  9.9  6.9  3.0  30  81.6  582.8 421  364  551  187  292  624  332
13 2005 146.7 10.5  8.1  2.4  22  93.3  676.1 427  390  554  164  298  625  327
14 2006 157.5 10.8  9.0  1.8  16 103.2  779.3 417  386  570  184  301  598  297
15 2007 165.3  7.8  5.7  2.1  26  79.1  858.4 434  368  612  244  320  684  364
16 2008 171.3  6.0  4.2  1.8  30  63.4  921.9 432  375  566  191  306  633  327
17 2009 176.1  4.8  3.9  0.9  18  52.4  974.2 404  361  590  229  308  662  354
18 2010 180.9  4.8  3.0  1.8  37  53.8 1028.1 435  351  576  225  301  647  346
19 2011 185.4  4.5  3.3  1.2  26  51.8 1079.9 421  365  573  208  316  639  323
20 2012 188.4  3.0  2.1  0.9  30  35.2 1115.1 419  359  557  198  308  649  341
21 2013 190.8  2.4  1.8  0.6  25  28.6 1143.7 412  362  564  202  310  579  269
22 2014 192.3  1.5  1.2  0.3  20  18.1 1161.7 439  388  645  257  330  645  315
23 2015 194.4  2.1  1.5  0.6  28  25.5 1187.3 454  377  645  268  330  692  362
24 2016 196.5  2.1  0.9  1.2  57  25.8 1213.0 486  355  585  230  319  697  378

Core Length:  193.5 mm
Core Density: 406 kg/m3
Cross-sectional Density:  403 kg/m3
Early/Latewood Threshold: 500 kg/m3
Attenuation Constant: 3.10

ִִִִִִִִִִִִִִִִִִִִִִִִִִִִִִִִִִִִִִִִִִִִִִִִִִִִִִִִִִִִִִִִִִִִִִִִִִִִִִִ
Core : 52
ֲֲֲִִִִִִִִִִִִִִִִִִִִִִִִִִִִִִִִִִִִִִִִִִִִִִִִִִִִִִִִִִִִִִִִִִִִִִִִִִִִ
       ³Widths (mm)              ³ Areas    ³ Densities (kg/m3)
       ³                         ³ (cm‎)    ³
Ring   ³Outer Ring Erly Late   % ³Incr Total³Ring E/Wd L/Wd Unif  Min  Max  Rng
 # Year³ Rad.      Wood Wood  LW ³          ³mean mean mean
ֱֱֱִִִִִִִִִִִִִִִִִִִִִִִִִִִִִִִִִִִִִִִִִִִִִִִִִִִִִִִִִִִִִִִִִִִִִִִִִִִִ

 2 1993  14.9 14.9  6.9  0.0   0   7.0    7.0 368  368    0    0  319  452  133
 3 1994  29.6 14.7 14.1  0.6   4  20.6   27.5 373  367  503  136  312  505  193
 4 1995  53.9 24.3 23.4  0.9   3  63.7   91.3 355  348  538  190  294  553  259
 5 1996  71.9 18.0 18.0  0.0   0  71.1  162.4 348  348    0    0  266  499  233
 6 1997  95.3 23.4 22.8  0.6   2 122.9  285.3 393  390  512  122  290  515  225
 7 1998 108.8 13.5 12.0  1.5  11  86.6  371.9 383  366  526  160  285  554  269
 8 1999 127.1 18.3 18.3  0.0   0 135.6  507.5 363  363    0    0  272  491  219
 9 2000 139.1 12.0 12.0  0.0   0 100.4  607.9 345  345    0    0  282  493  211
10 2001 150.5 11.4 10.8  0.6   5 103.7  711.6 360  350  535  185  274  551  277
11 2002 156.5  6.0  5.7  0.3   5  57.9  769.4 348  339  520  181  259  520  261
12 2003 164.0  7.5  6.9  0.6   8  75.5  845.0 396  383  546  163  293  581  288
13 2004 174.8 10.8  9.3  1.5  13 115.0  959.9 409  386  552  166  288  575  287
14 2005 184.4  9.6  9.0  0.6   6 108.3 1068.2 384  374  537  163  283  538  255
15 2006 194.0  9.6  6.9  2.7  28 114.1 1182.4 416  373  525  152  300  574  274
16 2007 202.7  8.7  6.6  2.1  24 108.4 1290.8 409  354  579  225  292  613  321
17 2008 210.2  7.5  5.7  1.8  24  97.3 1388.1 414  360  585  225  303  621  318
18 2009 216.2  6.0  4.5  1.5  25  80.4 1468.5 413  359  575  216  289  631  342
19 2010 222.8  6.6  5.1  1.5  22  91.0 1559.5 407  362  561  199  280  596  316
20 2011 228.5  5.7  3.9  1.8  31  80.8 1640.3 411  348  546  198  307  590  283
21 2012 234.8  6.3  5.7  0.6   9  91.7 1732.0 378  362  531  169  279  536  257
22 2013 240.8  6.0  3.6  2.4  40  89.6 1821.6 454  353  606  253  309  672  363
23 2014 246.8  6.0  3.9  2.1  35  91.9 1913.6 437  373  556  183  280  598  318
24 2015 254.3  7.5  4.5  3.0  40 118.1 2031.6 455  376  574  198  299  622  323
25 2016 259.7  5.4  3.0  2.4  44  87.2 2118.8 446  357  557  200  283  608  325

Core Length:  251.7 mm
Core Density: 394 kg/m3
Cross-sectional Density:  397 kg/m3
Early/Latewood Threshold: 500 kg/m3
Attenuation Constant: 3.10

ִִִִִִִִִִִִִִִִִִִִִִִִִִִִִִִִִִִִִִִִִִִִִִִִִִִִִִִִִִִִִִִִִִִִִִִִִִִִִִִ
Core : 56
ֲֲֲִִִִִִִִִִִִִִִִִִִִִִִִִִִִִִִִִִִִִִִִִִִִִִִִִִִִִִִִִִִִִִִִִִִִִִִִִִִִ
       ³Widths (mm)              ³ Areas    ³ Densities (kg/m3)
       ³                         ³ (cm‎)    ³
Ring   ³Outer Ring Erly Late   % ³Incr Total³Ring E/Wd L/Wd Unif  Min  Max  Rng
 # Year³ Rad.      Wood Wood  LW ³          ³mean mean mean
ֱֱֱִִִִִִִִִִִִִִִִִִִִִִִִִִִִִִִִִִִִִִִִִִִִִִִִִִִִִִִִִִִִִִִִִִִִִִִִִִִִ

 1 1994  13.5 13.5 13.2  0.3   2   5.7    5.7 299  294  531  237  220  531  311
 2 1995  34.5 21.0 21.0  0.0   0  31.7   37.4 297  297    0    0  226  431  205
 3 1996  55.5 21.0 18.6  2.4  11  59.4   96.8 346  325  513  188  231  527  296
 4 1997  78.6 23.1 21.6  1.5   6  97.3  194.1 380  369  543  174  283  572  289
 5 1998  92.7 14.1 13.8  0.3   2  75.9  270.0 374  371  523  152  280  523  243
 6 1999 107.1 14.4 14.4  0.0   0  90.4  360.4 332  332    0    0  278  481  203
 7 2000 119.4 12.3 11.7  0.6   4  87.5  447.9 350  340  543  203  254  568  314
 8 2001 132.0 12.6 12.0  0.6   4  99.5  547.4 350  341  527  186  259  532  273
 9 2002 141.0  9.0  8.1  0.9  10  77.2  624.6 365  340  583  243  252  634  382
10 2003 148.5  7.5  7.2  0.3   4  68.2  692.8 397  393  500  107  282  500  218
11 2004 160.5 12.0 11.1  0.9   7 116.5  809.3 386  376  508  132  280  517  237
12 2005 170.4  9.9  8.7  1.2  12 102.9  912.2 381  361  522  161  292  548  256
13 2006 178.8  8.4  6.6  1.8  21  92.2 1004.3 408  370  548  178  286  584  298
14 2007 186.6  7.8  6.3  1.5  19  89.5 1093.9 400  363  559  196  287  623  336
15 2008 191.4  4.8  3.3  1.5  31  57.0 1150.9 426  362  568  206  313  638  325
16 2009 195.6  4.2  3.6  0.6  14  51.1 1202.0 389  358  571  213  305  583  278
17 2010 199.5  3.9  3.0  0.9  23  48.4 1250.4 379  331  542  211  293  580  287
18 2011 201.9  2.4  2.4  0.0   0  30.3 1280.6 364  364    0    0  274  471  197
19 2012 204.6  2.7  2.4  0.3  11  34.5 1315.1 378  357  547  190  280  547  267
20 2013 207.0  2.4  2.1  0.3  12  31.0 1346.1 374  336  634  298  294  634  340
21 2014 209.1  2.1  1.8  0.3  14  27.5 1373.6 367  333  568  235  283  568  285
22 2015 210.6  1.5  1.2  0.3  20  19.8 1393.4 403  372  526  154  322  526  204
23 2016 211.8  1.2  1.2  0.0   0  15.9 1409.3 363  363    0    0  297  479  182

Core Length:  211.8 mm
Core Density: 369 kg/m3
Cross-sectional Density:  374 kg/m3
Early/Latewood Threshold: 500 kg/m3
Attenuation Constant: 3.10

ִִִִִִִִִִִִִִִִִִִִִִִִִִִִִִִִִִִִִִִִִִִִִִִִִִִִִִִִִִִִִִִִִִִִִִִִִִִִִִִ
Core : 59
ֲֲֲִִִִִִִִִִִִִִִִִִִִִִִִִִִִִִִִִִִִִִִִִִִִִִִִִִִִִִִִִִִִִִִִִִִִִִִִִִִִ
       ³Widths (mm)              ³ Areas    ³ Densities (kg/m3)
       ³                         ³ (cm‎)    ³
Ring   ³Outer Ring Erly Late   % ³Incr Total³Ring E/Wd L/Wd Unif  Min  Max  Rng
 # Year³ Rad.      Wood Wood  LW ³          ³mean mean mean
ֱֱֱִִִִִִִִִִִִִִִִִִִִִִִִִִִִִִִִִִִִִִִִִִִִִִִִִִִִִִִִִִִִִִִִִִִִִִִִִִִִ

 1 1994  12.0 12.0 12.0  0.0   0   4.5    4.5 327  327    0    0  222  454  232
 2 1995  28.2 16.2 16.2  0.0   0  20.5   25.0 336  336    0    0  271  494  223
 3 1996  49.8 21.6 19.8  1.8   8  52.9   77.9 343  326  525  199  271  542  271
 4 1997  69.6 19.8 18.0  1.8   9  74.3  152.2 377  361  537  176  289  557  268
 5 1998  80.7 11.1  9.3  1.8  16  52.4  204.6 391  353  591  238  277  625  348
 6 1999  92.7 12.0 10.2  1.8  15  65.4  270.0 401  381  513  132  290  526  236
 7 2000 106.5 13.8 13.8  0.0   0  86.4  356.3 383  383    0    0  274  496  222
 8 2001 119.1 12.6 11.4  1.2   9  89.3  445.6 388  371  546  175  285  584  299
 9 2002 129.6 10.5  7.8  2.7  25  82.0  527.7 404  349  565  216  257  658  401
10 2003 139.8 10.2  7.5  2.7  26  86.3  614.0 428  390  534  144  320  567  247
11 2004 153.9 14.1 11.1  3.0  21 130.1  744.1 392  352  540  188  254  564  310
12 2005 166.5 12.6 10.2  2.4  19 126.8  870.9 407  372  555  183  288  613  325
13 2006 179.7 13.2  8.7  4.5  34 143.6 1014.5 435  381  538  157  290  631  341
14 2007 190.2 10.5  7.5  3.0  28 122.0 1136.5 443  381  598  217  285  650  365
15 2008 197.7  7.5  5.4  2.1  28  91.4 1227.9 435  365  616  251  289  679  390
16 2009 203.7  6.0  4.2  1.8  30  75.7 1303.6 438  366  606  240  302  708  406
17 2010 210.0  6.3  4.5  1.8  28  81.9 1385.4 427  366  582  216  309  673  364
18 2011 214.8  4.8  3.9  0.9  18  64.1 1449.5 413  368  606  238  314  657  343
19 2012 219.3  4.5  3.0  1.5  33  61.4 1510.9 438  365  584  219  296  659  363
20 2013 222.9  3.6  2.7  0.9  24  50.0 1560.9 445  387  618  231  337  647  310
21 2014 227.7  4.8  2.7  2.1  43  67.9 1628.8 500  394  635  241  338  708  370
22 2015 232.2  4.5  3.0  1.5  33  65.0 1693.8 485  416  623  207  356  712  356
23 2016 235.8  3.6  2.1  1.5  41  52.9 1746.8 490  407  607  200  339  698  359

Core Length:  235.8 mm
Core Density: 414 kg/m3
Cross-sectional Density:  419 kg/m3
Early/Latewood Threshold: 500 kg/m3
Attenuation Constant: 3.10

