File : C:\DENSITOM\REDNEE~1\AK6.DAT
Cores :
1
2
3
4
5
6
7
8
10
11
12
13
15
14
17a
17b

ִִִִִִִִִִִִִִִִִִִִִִִִִִִִִִִִִִִִִִִִִִִִִִִִִִִִִִִִִִִִִִִִִִִִִִִִִִִִִִִ
Core : 1
ֲֲֲִִִִִִִִִִִִִִִִִִִִִִִִִִִִִִִִִִִִִִִִִִִִִִִִִִִִִִִִִִִִִִִִִִִִִִִִִִִִ
       ³Widths (mm)              ³ Areas    ³ Densities (kg/m3)
       ³                         ³ (cm‎)    ³
Ring   ³Outer Ring Erly Late   % ³Incr Total³Ring E/Wd L/Wd Unif  Min  Max  Rng
 # Year³ Rad.      Wood Wood  LW ³          ³mean mean mean
ֱֱֱִִִִִִִִִִִִִִִִִִִִִִִִִִִִִִִִִִִִִִִִִִִִִִִִִִִִִִִִִִִִִִִִִִִִִִִִִִִִ

 3 1988  32.4 32.4 20.4  0.0   0  33.0   33.0 376  376    0    0  323  427  104
 4 1989  51.9 19.5 19.2  0.3   1  51.6   84.6 343  341  501  160  291  501  210
 5 1990  62.4 10.5  9.0  1.5  14  37.7  122.3 398  377  520  143  280  539  259
 6 1991  76.2 13.8 12.0  1.8  13  60.1  182.4 381  359  530  171  327  547  220
 7 1992  89.4 13.2 12.0  1.2   9  68.7  251.1 361  344  530  186  308  556  248
 8 1993 103.8 14.4 12.6  1.8  12  87.4  338.5 361  339  518  179  289  539  250
 9 1994 120.3 16.5 15.9  0.6   3 116.2  454.7 363  357  531  174  300  541  241
10 1995 133.2 12.9 12.3  0.6   4 102.7  557.4 366  356  557  201  289  574  285
11 1996 143.1  9.9  9.6  0.3   3  85.9  643.3 352  347  515  168  298  515  217
12 1997 152.4  9.3  8.4  0.9   9  86.3  729.7 369  349  552  203  300  567  267
13 1998 159.6  7.2  6.3  0.9  12  70.6  800.2 384  364  526  162  301  539  238
14 1999 166.2  6.6  5.4  1.2  18  67.6  867.8 413  384  544  160  331  596  265
15 2000 172.2  6.0  5.1  0.9  15  63.8  931.6 414  391  543  152  323  575  252
16 2001 177.9  5.7  4.2  1.5  26  62.7  994.3 453  412  570  158  377  627  250
17 2002 181.5  3.6  3.0  0.6  16  40.6 1034.9 420  391  566  175  342  582  240
18 2003 186.0  4.5  3.3  1.2  26  52.0 1086.9 445  406  552  146  356  612  256
19 2004 190.5  4.5  3.0  1.5  33  53.2 1140.1 473  416  585  169  360  623  263
20 2005 195.3  4.8  3.3  1.5  31  58.2 1198.3 471  441  537   96  405  569  164
21 2006 199.5  4.2  2.7  1.5  35  52.1 1250.4 440  390  531  141  355  552  197
22 2007 202.8  3.3  1.2  2.1  63  41.7 1292.1 501  406  555  149  374  627  253
23 2008 207.0  4.2  2.7  1.5  35  54.1 1346.1 478  424  576  152  373  598  225
24 2009 211.8  4.8  1.8  3.0  62  63.2 1409.3 511  433  557  124  400  628  228
25 2010 216.6  4.8  2.4  2.4  49  64.6 1473.9 502  434  569  135  401  619  218
26 2011 220.8  4.2  3.0  1.2  28  57.7 1531.6 479  443  571  128  411  605  194
27 2012 223.8  3.0  2.4  0.6  20  41.9 1573.5 470  453  542   89  410  560  150

Core Length:  211.8 mm
Core Density: 420 kg/m3
Cross-sectional Density:  413 kg/m3
Early/Latewood Threshold: 500 kg/m3
Attenuation Constant: 2.79

ִִִִִִִִִִִִִִִִִִִִִִִִִִִִִִִִִִִִִִִִִִִִִִִִִִִִִִִִִִִִִִִִִִִִִִִִִִִִִִִ
Core : 2
ֲֲֲִִִִִִִִִִִִִִִִִִִִִִִִִִִִִִִִִִִִִִִִִִִִִִִִִִִִִִִִִִִִִִִִִִִִִִִִִִִִ
       ³Widths (mm)              ³ Areas    ³ Densities (kg/m3)
       ³                         ³ (cm‎)    ³
Ring   ³Outer Ring Erly Late   % ³Incr Total³Ring E/Wd L/Wd Unif  Min  Max  Rng
 # Year³ Rad.      Wood Wood  LW ³          ³mean mean mean
ֱֱֱִִִִִִִִִִִִִִִִִִִִִִִִִִִִִִִִִִִִִִִִִִִִִִִִִִִִִִִִִִִִִִִִִִִִִִִִִִִִ

 3 1987  32.2 32.2 22.2  0.0   0  32.6   32.6 368  368    0    0  216  498  282
 4 1988  49.0 16.8 16.2  0.6   3  42.9   75.4 358  352  513  161  274  514  240
 5 1989  65.5 16.5 16.2  0.3   1  59.4  134.8 357  354  523  169  285  523  238
 6 1990  79.6 14.1 13.8  0.3   2  64.3  199.1 371  368  523  155  297  523  226
 7 1991  91.6 12.0 10.8  1.2  10  64.5  263.6 392  377  526  149  296  549  253
 8 1992 106.6 15.0 13.2  1.8  12  93.4  357.0 379  360  520  160  291  545  254
 9 1993 118.3 11.7  9.6  2.1  17  82.7  439.7 379  348  524  176  289  539  250
10 1994 129.1 10.8 10.2  0.6   5  83.9  523.6 363  353  537  184  273  540  267
11 1995 136.9  7.8  6.6  1.2  15  65.2  588.8 391  366  527  161  293  546  253
12 1996 147.1 10.2  8.4  1.8  17  91.0  679.8 393  363  528  165  314  542  228
13 1997 158.8 11.7 10.2  1.5  12 112.4  792.2 386  365  534  169  315  558  243
14 1998 166.3  7.5  6.6  0.9  12  76.6  868.8 387  363  557  194  303  596  293
15 1999 173.2  6.9  6.9  0.0   0  73.6  942.4 378  378    0    0  335  467  132
16 2000 178.6  5.4  4.8  0.6  11  59.7 1002.1 400  382  543  161  337  560  223
17 2001 181.9  3.3  3.0  0.3   9  37.4 1039.5 419  404  572  168  366  572  206
18 2002 184.0  2.1  1.5  0.6  28  24.1 1063.6 462  416  577  161  370  581  211
19 2003 187.0  3.0  2.7  0.3  10  35.0 1098.6 444  431  554  123  390  554  164
20 2004 189.4  2.4  1.8  0.6  24  28.4 1127.0 437  400  546  146  372  556  184
21 2005 191.5  2.1  1.8  0.3  14  25.1 1152.1 460  445  552  107  418  552  134
22 2006 193.9  2.4  1.8  0.6  24  29.1 1181.2 452  425  535  110  352  546  194
23 2007 196.0  2.1  1.2  0.9  42  25.7 1206.9 467  413  541  128  390  575  185
24 2008 197.5  1.5  1.2  0.3  20  18.5 1225.4 472  444  584  140  412  584  172
25 2009 199.3  1.8  1.2  0.6  33  22.4 1247.9 493  450  580  130  436  622  186
26 2010 201.4  2.1  1.5  0.6  28  26.4 1274.3 473  442  551  109  411  569  158
27 2011 202.9  1.5  0.9  0.6  40  19.1 1293.3 477  430  548  118  420  591  171
28 2012 203.8  0.9  0.9  0.0   0  11.5 1304.8 357  357    0    0  252  435  183

Core Length:  193.8 mm
Core Density: 412 kg/m3
Cross-sectional Density:  396 kg/m3
Early/Latewood Threshold: 500 kg/m3
Attenuation Constant: 2.79

ִִִִִִִִִִִִִִִִִִִִִִִִִִִִִִִִִִִִִִִִִִִִִִִִִִִִִִִִִִִִִִִִִִִִִִִִִִִִִִִ
Core : 3
ֲֲֲִִִִִִִִִִִִִִִִִִִִִִִִִִִִִִִִִִִִִִִִִִִִִִִִִִִִִִִִִִִִִִִִִִִִִִִִִִִִ
       ³Widths (mm)              ³ Areas    ³ Densities (kg/m3)
       ³                         ³ (cm‎)    ³
Ring   ³Outer Ring Erly Late   % ³Incr Total³Ring E/Wd L/Wd Unif  Min  Max  Rng
 # Year³ Rad.      Wood Wood  LW ³          ³mean mean mean
ֱֱֱִִִִִִִִִִִִִִִִִִִִִִִִִִִִִִִִִִִִִִִִִִִִִִִִִִִִִִִִִִִִִִִִִִִִִִִִִִִִ

 2 1986  26.5 26.5 22.5  0.0   0  22.1   22.1 332  332    0    0  271  415  144
 3 1987  46.9 20.4 20.4  0.0   0  47.0   69.1 337  337    0    0  257  495  238
 4 1988  64.0 17.1 17.1  0.0   0  59.6  128.7 351  351    0    0  278  470  192
 5 1989  74.5 10.5  9.9  0.6   5  45.7  174.4 388  380  518  138  316  527  211
 6 1990  84.4  9.9  8.7  1.2  12  49.4  223.8 391  371  533  162  320  560  240
 7 1991  93.4  9.0  7.8  1.2  13  50.3  274.1 401  379  540  161  321  547  226
 8 1992 107.2 13.8 12.9  0.9   6  87.0  361.0 385  376  514  138  312  528  216
 9 1993 119.8 12.6 10.8  1.8  14  89.9  450.9 383  361  515  154  301  529  228
10 1994 132.1 12.3 11.1  1.2   9  97.3  548.2 388  373  524  151  321  542  221
11 1995 141.4  9.3  8.1  1.2  12  79.9  628.1 413  396  531  135  318  539  221
12 1996 152.2 10.8  9.0  1.8  16  99.6  727.7 409  385  527  142  333  546  213
13 1997 165.1 12.9 10.5  2.4  18 128.6  856.3 399  370  529  159  305  555  250
14 1998 174.1  9.0  6.6  2.4  26  95.9  952.2 410  363  536  173  297  571  274
15 1999 184.0  9.9  9.3  0.6   6 111.4 1063.6 389  381  523  142  313  530  217
16 2000 192.7  8.7  8.1  0.6   6 103.0 1166.6 365  356  500  144  268  500  232
17 2001 202.9 10.2  8.1  2.1  20 126.8 1293.3 414  383  533  150  315  565  250
18 2002 212.2  9.3  7.2  2.1  22 121.3 1414.6 430  394  553  159  319  592  273
19 2003 221.8  9.6  8.7  0.9   9 130.9 1545.5 416  401  555  154  352  570  218
20 2004 228.4  6.6  5.1  1.5  22  93.3 1638.9 425  393  534  141  338  555  217
21 2005 235.3  6.9  6.9  0.0   0 100.5 1739.4 401  401    0    0  333  492  159
22 2006 239.8  4.5  4.5  0.0   0  67.2 1806.5 398  398    0    0  300  462  162
23 2007 244.0  4.2  2.4  1.8  42  63.8 1870.4 475  423  544  121  360  604  244
24 2008 249.1  5.1  5.1  0.0   0  79.0 1949.4 425  425    0    0  353  497  144
25 2009 253.6  4.5  3.0  1.5  33  71.1 2020.5 472  442  531   89  370  551  181
26 2010 257.8  4.2  2.7  1.5  35  67.5 2087.9 446  402  525  123  332  564  232
27 2011 262.3  4.5  3.3  1.2  26  73.5 2161.5 459  436  522   86  337  552  215
28 2012 265.3  3.0  3.0  0.0   0  49.7 2211.2 429  429    0    0  365  462   97

Core Length:  261.9 mm
Core Density: 404 kg/m3
Cross-sectional Density:  407 kg/m3
Early/Latewood Threshold: 500 kg/m3
Attenuation Constant: 2.79

ִִִִִִִִִִִִִִִִִִִִִִִִִִִִִִִִִִִִִִִִִִִִִִִִִִִִִִִִִִִִִִִִִִִִִִִִִִִִִִִ
Core : 4
ֲֲֲִִִִִִִִִִִִִִִִִִִִִִִִִִִִִִִִִִִִִִִִִִִִִִִִִִִִִִִִִִִִִִִִִִִִִִִִִִִִ
       ³Widths (mm)              ³ Areas    ³ Densities (kg/m3)
       ³                         ³ (cm‎)    ³
Ring   ³Outer Ring Erly Late   % ³Incr Total³Ring E/Wd L/Wd Unif  Min  Max  Rng
 # Year³ Rad.      Wood Wood  LW ³          ³mean mean mean
ֱֱֱִִִִִִִִִִִִִִִִִִִִִִִִִִִִִִִִִִִִִִִִִִִִִִִִִִִִִִִִִִִִִִִִִִִִִִִִִִִִ

 3 1988  31.2 31.2 18.6  0.6   1  30.6   30.6 362  357  504  147  284  508  224
 4 1989  48.6 17.4 16.8  0.6   3  43.6   74.2 374  369  513  144  309  514  205
 5 1990  60.0 11.4 11.4  0.0   0  38.9  113.1 364  364    0    0  314  491  177
 6 1991  68.4  8.4  6.9  1.5  17  33.9  147.0 410  381  545  164  327  575  248
 7 1992  80.4 12.0  9.6  2.4  20  56.1  203.1 405  376  525  149  322  538  216
 8 1993  89.4  9.0  7.8  1.2  13  48.0  251.1 385  364  522  158  301  557  256
 9 1994  96.9  7.5  6.6  0.9  12  43.9  295.0 393  376  514  138  309  524  215
10 1995 103.5  6.6  6.6  0.0   0  41.6  336.5 391  391    0    0  326  479  153
11 1996 109.5  6.0  5.1  0.9  14  40.1  376.7 389  363  537  174  319  562  243
12 1997 117.3  7.8  6.3  1.5  19  55.6  432.3 416  388  532  144  342  562  220
13 1998 123.3  6.0  5.1  0.9  15  45.4  477.6 433  413  547  134  359  563  204
14 1999 130.8  7.5  7.5  0.0   0  59.9  537.5 369  369    0    0  324  489  165
15 2000 134.7  3.9  3.6  0.3   7  32.5  570.0 370  357  525  168  313  525  212
16 2001 139.5  4.8  4.2  0.6  12  41.3  611.4 397  371  573  202  345  611  266
17 2002 144.0  4.5  3.6  0.9  20  40.1  651.4 416  381  555  174  311  590  279
18 2003 148.8  4.8  4.8  0.0   0  44.2  695.6 412  412    0    0  338  498  160
19 2004 152.1  3.3  3.0  0.3   9  31.2  726.8 420  402  601  199  359  601  242
20 2005 155.4  3.3  2.4  0.9  27  31.9  758.7 443  417  514   97  379  533  154
21 2006 157.5  2.1  1.5  0.6  28  20.6  779.3 461  427  544  117  388  582  194
22 2007 160.2  2.7  1.2  1.5  55  26.9  806.3 496  425  553  128  397  621  224
23 2008 163.8  3.6  2.4  1.2  33  36.6  842.9 476  431  567  136  380  605  225
24 2009 168.9  5.1  3.9  1.2  23  53.3  896.2 437  402  551  149  370  565  195
25 2010 173.1  4.2  3.0  1.2  28  45.1  941.3 443  402  545  143  359  605  246
26 2011 177.0  3.9  3.0  0.9  23  42.9  984.2 424  397  515  118  372  535  163
27 2012 178.8  1.8  1.8  0.0   0  20.1 1004.3 414  414    0    0  372  491  119

Core Length:  166.8 mm
Core Density: 412 kg/m3
Cross-sectional Density:  409 kg/m3
Early/Latewood Threshold: 500 kg/m3
Attenuation Constant: 2.79

ִִִִִִִִִִִִִִִִִִִִִִִִִִִִִִִִִִִִִִִִִִִִִִִִִִִִִִִִִִִִִִִִִִִִִִִִִִִִִִִ
Core : 5
ֲֲֲִִִִִִִִִִִִִִִִִִִִִִִִִִִִִִִִִִִִִִִִִִִִִִִִִִִִִִִִִִִִִִִִִִִִִִִִִִִִ
       ³Widths (mm)              ³ Areas    ³ Densities (kg/m3)
       ³                         ³ (cm‎)    ³
Ring   ³Outer Ring Erly Late   % ³Incr Total³Ring E/Wd L/Wd Unif  Min  Max  Rng
 # Year³ Rad.      Wood Wood  LW ³          ³mean mean mean
ֱֱֱִִִִִִִִִִִִִִִִִִִִִִִִִִִִִִִִִִִִִִִִִִִִִִִִִִִִִִִִִִִִִִִִִִִִִִִִִִִִ

 3 1988  67.0 67.0 54.0  0.0   0 141.0  141.0 368  368    0    0  261  490  229
 4 1989  83.2 16.2 16.2  0.0   0  76.4  217.5 318  318    0    0  260  476  216
 5 1990  97.9 14.7 14.4  0.3   2  83.6  301.1 326  322  512  190  265  512  247
 6 1991 109.9 12.0 11.1  0.9   7  78.3  379.4 347  333  514  181  280  517  237
 7 1992 124.9 15.0 15.0  0.0   0 110.6  490.1 338  338    0    0  287  469  182
 8 1993 136.0 11.1 11.1  0.0   0  91.0  581.1 340  340    0    0  260  496  236
 9 1994 146.5 10.5 10.2  0.3   2  93.2  674.3 355  349  546  197  280  546  266
10 1995 155.5  9.0  8.4  0.6   6  85.4  759.6 372  361  525  164  276  538  262
11 1996 166.3 10.8 10.2  0.6   5 109.2  868.8 347  337  517  180  266  523  257
12 1997 177.4 11.1 10.5  0.6   5 119.9  988.7 345  336  504  168  253  505  252
13 1998 184.3  6.9  6.0  0.9  13  78.4 1067.1 371  349  524  175  264  531  267
14 1999 191.2  6.9  6.6  0.3   4  81.4 1148.5 370  363  520  157  297  520  223
15 2000 195.7  4.5  4.2  0.3   6  54.7 1203.2 381  370  538  168  263  538  275
16 2001 201.1  5.4  4.8  0.6  11  67.3 1270.5 390  373  525  152  309  549  240
17 2002 205.3  4.2  3.9  0.3   7  53.6 1324.1 403  389  593  204  298  593  295
18 2003 209.2  3.9  3.3  0.6  15  50.8 1374.9 417  392  555  163  346  576  230
19 2004 212.2  3.0  2.1  0.9  30  39.7 1414.6 452  410  549  139  332  587  255
20 2005 215.2  3.0  2.7  0.3  10  40.3 1454.9 434  424  527  103  381  527  146
21 2006 217.9  2.7  1.8  0.9  33  36.7 1491.6 457  425  521   96  371  544  173
22 2007 220.9  3.0  2.1  0.9  30  41.4 1533.0 449  405  553  148  335  591  256
23 2008 224.8  3.9  3.0  0.9  23  54.6 1587.6 419  389  520  131  315  534  219
24 2009 229.3  4.5  3.9  0.6  13  64.2 1651.8 423  406  536  130  304  550  246
25 2010 232.3  3.0  2.1  0.9  30  43.5 1695.3 425  381  528  147  300  547  247
26 2011 235.6  3.3  2.7  0.6  18  48.5 1743.8 444  413  585  172  354  603  249
27 2012 237.7  2.1  1.2  0.9  42  31.2 1775.0 463  390  560  170  365  587  222

Core Length:  224.7 mm
Core Density: 390 kg/m3
Cross-sectional Density:  376 kg/m3
Early/Latewood Threshold: 500 kg/m3
Attenuation Constant: 2.79

ִִִִִִִִִִִִִִִִִִִִִִִִִִִִִִִִִִִִִִִִִִִִִִִִִִִִִִִִִִִִִִִִִִִִִִִִִִִִִִִ
Core : 6
ֲֲֲִִִִִִִִִִִִִִִִִִִִִִִִִִִִִִִִִִִִִִִִִִִִִִִִִִִִִִִִִִִִִִִִִִִִִִִִִִִִ
       ³Widths (mm)              ³ Areas    ³ Densities (kg/m3)
       ³                         ³ (cm‎)    ³
Ring   ³Outer Ring Erly Late   % ³Incr Total³Ring E/Wd L/Wd Unif  Min  Max  Rng
 # Year³ Rad.      Wood Wood  LW ³          ³mean mean mean
ֱֱֱִִִִִִִִִִִִִִִִִִִִִִִִִִִִִִִִִִִִִִִִִִִִִִִִִִִִִִִִִִִִִִִִִִִִִִִִִִִִ

 2 1986  13.4 13.4  5.4  0.0   0   5.6    5.6 352  352    0    0  284  434  150
 3 1987  31.1 17.7 17.7  0.0   0  24.7   30.4 339  339    0    0  286  489  203
 4 1988  51.2 20.1 20.1  0.0   0  52.0   82.4 340  340    0    0  274  466  192
 5 1989  71.3 20.1 19.8  0.3   1  77.4  159.7 349  346  512  166  296  512  216
 6 1990  92.0 20.7 20.1  0.6   2 106.2  265.9 360  356  516  160  313  530  217
 7 1991 108.2 16.2 14.7  1.5   9 101.9  367.8 384  370  520  150  325  540  215
 8 1992 124.7 16.5 14.4  2.1  12 120.7  488.5 392  372  526  154  322  549  227
 9 1993 138.8 14.1 12.3  1.8  12 116.7  605.2 394  377  513  136  331  533  202
10 1994 150.5 11.7 10.5  1.2  10 106.3  711.6 400  385  525  140  317  551  234
11 1995 157.4  6.9  6.0  0.9  13  66.7  778.3 415  399  522  123  329  530  201
12 1996 166.4  9.0  7.5  1.5  16  91.6  869.9 396  374  510  136  321  520  199
13 1997 176.9 10.5  8.7  1.8  17 113.2  983.1 405  379  529  150  320  553  233
14 1998 186.5  9.6  7.8  1.8  18 109.6 1092.7 422  398  529  131  322  543  221
15 1999 198.5 12.0 10.5  1.5  12 145.1 1237.9 402  383  541  158  338  547  209
16 2000 209.3 10.8  9.6  1.2  11 138.4 1376.2 405  387  550  163  298  569  271
17 2001 219.8 10.5  8.7  1.8  17 141.5 1517.8 416  391  541  150  341  573  232
18 2002 226.7  6.9  5.7  1.2  17  96.8 1614.6 428  398  574  176  315  596  281
19 2003 236.3  9.6  8.1  1.5  15 139.6 1754.2 435  412  559  147  367  578  211
20 2004 245.0  8.7  6.3  2.4  27 131.5 1885.7 444  401  556  155  356  594  238
21 2005 251.0  6.0  4.8  1.2  20  93.5 1979.2 446  420  553  133  376  601  225
22 2006 255.5  4.5  3.0  1.5  33  71.6 2050.8 459  417  542  125  375  588  213
23 2007 259.1  3.6  1.8  1.8  50  58.2 2109.0 488  433  542  109  384  579  195
24 2008 264.8  5.7  4.8  0.9  15  93.8 2202.9 424  407  511  104  346  522  176
25 2009 273.8  9.0  7.2  1.8  20 152.3 2355.1 431  408  521  113  323  554  231
26 2010 281.0  7.2  5.1  2.1  29 125.5 2480.6 435  390  545  155  310  577  267
27 2011 287.3  6.3  5.1  1.2  19 112.5 2593.1 409  378  540  162  315  579  264
28 2012 290.0  2.7  2.4  0.3  11  49.0 2642.1 409  393  538  145  305  538  233

Core Length:  282.0 mm
Core Density: 406 kg/m3
Cross-sectional Density:  411 kg/m3
Early/Latewood Threshold: 500 kg/m3
Attenuation Constant: 2.79

ִִִִִִִִִִִִִִִִִִִִִִִִִִִִִִִִִִִִִִִִִִִִִִִִִִִִִִִִִִִִִִִִִִִִִִִִִִִִִִִ
Core : 7
ֲֲֲִִִִִִִִִִִִִִִִִִִִִִִִִִִִִִִִִִִִִִִִִִִִִִִִִִִִִִִִִִִִִִִִִִִִִִִִִִִִ
       ³Widths (mm)              ³ Areas    ³ Densities (kg/m3)
       ³                         ³ (cm‎)    ³
Ring   ³Outer Ring Erly Late   % ³Incr Total³Ring E/Wd L/Wd Unif  Min  Max  Rng
 # Year³ Rad.      Wood Wood  LW ³          ³mean mean mean
ֱֱֱִִִִִִִִִִִִִִִִִִִִִִִִִִִִִִִִִִִִִִִִִִִִִִִִִִִִִִִִִִִִִִִִִִִִִִִִִִִִ

 3 1987  25.6 25.6 18.6  0.0   0  20.6   20.6 335  335    0    0  130  478  348
 4 1988  47.8 22.2 22.2  0.0   0  51.2   71.8 340  340    0    0  247  492  245
 5 1989  58.9 11.1 10.5  0.6   5  37.2  109.0 356  347  527  180  294  549  255
 6 1990  69.7 10.8  9.9  0.9   8  43.6  152.6 360  343  553  210  278  566  288
 7 1991  81.4 11.7 10.2  1.5  12  55.5  208.2 389  370  515  145  304  531  227
 8 1992  97.6 16.2 15.3  0.9   5  91.1  299.3 375  366  529  163  313  554  241
 9 1993 109.9 12.3 11.4  0.9   7  80.2  379.4 390  380  520  140  311  539  228
10 1994 121.9 12.0 10.8  1.2  10  87.4  466.8 401  386  529  143  301  545  244
11 1995 130.3  8.4  7.2  1.2  14  66.6  533.4 408  391  509  118  313  523  210
12 1996 138.4  8.1  7.2  0.9  11  68.4  601.8 401  384  536  152  339  550  211
13 1997 148.6 10.2  9.0  1.2  11  92.0  693.7 406  389  531  142  325  549  224
14 1998 154.9  6.3  4.8  1.5  23  60.1  753.8 420  379  552  173  322  585  263
15 1999 162.7  7.8  6.9  0.9  11  77.8  831.6 435  422  537  115  351  569  218
16 2000 169.0  6.3  6.0  0.3   4  65.7  897.3 398  390  557  167  322  557  235
17 2001 173.8  4.8  4.2  0.6  12  51.7  949.0 423  406  543  137  347  574  227
18 2002 178.3  4.5  3.3  1.2  26  49.8  998.7 432  386  562  176  335  606  271
19 2003 184.3  6.0  4.8  1.2  20  68.3 1067.1 440  415  541  126  377  563  186
20 2004 191.5  7.2  6.0  1.2  16  85.0 1152.1 433  407  562  155  342  597  255
21 2005 195.4  3.9  3.3  0.6  15  47.4 1199.5 447  433  526   93  378  540  162
22 2006 199.6  4.2  2.4  1.8  42  52.1 1251.6 469  411  546  135  355  571  216
23 2007 207.7  8.1  2.1  6.0  74 103.6 1355.3 512  445  536   91  391  586  195
24 2008 216.1  8.4  6.6  1.8  21 111.8 1467.1 445  420  537  117  379  574  195
25 2009 220.6  4.5  3.0  1.5  33  61.7 1528.8 452  404  548  144  335  591  256
26 2010 223.3  2.7  2.4  0.3  11  37.7 1566.5 435  415  596  181  348  596  248
27 2011 225.7  2.4  1.5  0.9  37  33.9 1600.3 476  436  544  108  370  585  215
28 2012 227.2  1.5  0.9  0.6  40  21.3 1621.7 511  474  568   94  452  586  134

Core Length:  220.2 mm
Core Density: 418 kg/m3
Cross-sectional Density:  420 kg/m3
Early/Latewood Threshold: 500 kg/m3
Attenuation Constant: 2.79

ִִִִִִִִִִִִִִִִִִִִִִִִִִִִִִִִִִִִִִִִִִִִִִִִִִִִִִִִִִִִִִִִִִִִִִִִִִִִִִִ
Core : 8
ֲֲֲִִִִִִִִִִִִִִִִִִִִִִִִִִִִִִִִִִִִִִִִִִִִִִִִִִִִִִִִִִִִִִִִִִִִִִִִִִִִ
       ³Widths (mm)              ³ Areas    ³ Densities (kg/m3)
       ³                         ³ (cm‎)    ³
Ring   ³Outer Ring Erly Late   % ³Incr Total³Ring E/Wd L/Wd Unif  Min  Max  Rng
 # Year³ Rad.      Wood Wood  LW ³          ³mean mean mean
ֱֱֱִִִִִִִִִִִִִִִִִִִִִִִִִִִִִִִִִִִִִִִִִִִִִִִִִִִִִִִִִִִִִִִִִִִִִִִִִִִִ

 1 1985   2.4  2.4  2.4  0.0   0   0.2    0.2 412  412    0    0  349  440   91
 2 1986   9.3  6.9  6.9  0.0   0   2.5    2.7 329  329    0    0  273  435  162
 3 1987  24.6 15.3 15.3  0.0   0  16.3   19.0 291  291    0    0  238  430  192
 4 1988  43.8 19.2 19.2  0.0   0  41.3   60.3 307  307    0    0  233  430  197
 5 1989  61.8 18.0 18.0  0.0   0  59.7  120.0 311  311    0    0  254  459  205
 6 1990  77.7 15.9 15.6  0.3   1  69.7  189.7 310  306  509  203  236  509  273
 7 1991  88.8 11.1  9.6  1.5  13  58.1  247.7 374  351  528  177  234  544  310
 8 1992 106.2 17.4 15.9  1.5   8 106.6  354.3 376  364  511  147  283  519  236
 9 1993 119.1 12.9 12.0  0.9   6  91.3  445.6 371  360  519  159  296  524  228
10 1994 131.1 12.0 11.1  0.9   7  94.3  540.0 370  359  510  151  288  530  242
11 1995 142.2 11.1 11.1  0.0   0  95.3  635.3 355  355    0    0  270  498  228
12 1996 152.4 10.2  9.0  1.2  11  94.4  729.7 353  331  514  183  240  527  287
13 1997 163.2 10.8 10.2  0.6   5 107.1  836.7 365  355  534  179  273  536  263
14 1998 169.8  6.6  5.4  1.2  18  69.0  905.8 378  343  534  191  276  554  278
15 1999 178.8  9.0  9.0  0.0   0  98.6 1004.3 361  361    0    0  301  485  184
16 2000 185.1  6.3  6.3  0.0   0  72.0 1076.4 337  337    0    0  276  469  193
17 2001 189.6  4.5  4.5  0.0   0  53.0 1129.3 336  336    0    0  283  498  215
18 2002 193.2  3.6  3.3  0.3   8  43.3 1172.6 357  342  525  183  286  525  239
19 2003 196.8  3.6  3.6  0.0   0  44.1 1216.7 329  329    0    0  291  429  138
20 2004 200.1  3.3  3.3  0.0   0  41.1 1257.9 329  329    0    0  286  496  210
21 2005 203.4  3.3  3.3  0.0   0  41.8 1299.7 324  324    0    0  275  417  142
22 2006 205.5  2.1  2.1  0.0   0  27.0 1326.7 357  357    0    0  277  462  185
23 2007 207.3  1.8  1.8  0.0   0  23.3 1350.0 355  355    0    0  306  445  139
24 2008 208.8  1.5  1.5  0.0   0  19.6 1369.7 374  374    0    0  318  497  179
25 2009 210.9  2.1  1.8  0.3  14  27.7 1397.3 416  398  523  125  319  523  204
26 2010 213.6  2.7  2.4  0.3  11  36.0 1433.4 398  384  511  127  293  511  218
27 2011 217.2  3.6  3.3  0.3   8  48.7 1482.1 393  382  508  126  302  508  206
28 2012 222.3  5.1  5.1  0.0   0  70.4 1552.5 368  368    0    0  242  476  234

Core Length:  222.3 mm
Core Density: 354 kg/m3
Cross-sectional Density:  355 kg/m3
Early/Latewood Threshold: 500 kg/m3
Attenuation Constant: 2.79

ִִִִִִִִִִִִִִִִִִִִִִִִִִִִִִִִִִִִִִִִִִִִִִִִִִִִִִִִִִִִִִִִִִִִִִִִִִִִִִִ
Core : 10
ֲֲֲִִִִִִִִִִִִִִִִִִִִִִִִִִִִִִִִִִִִִִִִִִִִִִִִִִִִִִִִִִִִִִִִִִִִִִִִִִִִ
       ³Widths (mm)              ³ Areas    ³ Densities (kg/m3)
       ³                         ³ (cm‎)    ³
Ring   ³Outer Ring Erly Late   % ³Incr Total³Ring E/Wd L/Wd Unif  Min  Max  Rng
 # Year³ Rad.      Wood Wood  LW ³          ³mean mean mean
ֱֱֱִִִִִִִִִִִִִִִִִִִִִִִִִִִִִִִִִִִִִִִִִִִִִִִִִִִִִִִִִִִִִִִִִִִִִִִִִִִִ

 1 1985   4.2  4.2  4.2  0.0   0   0.6    0.6 343  343    0    0  265  444  179
 2 1986  11.1  6.9  6.9  0.0   0   3.3    3.9 387  387    0    0  337  452  115
 3 1987  22.5 11.4 11.4  0.0   0  12.0   15.9 329  329    0    0  276  419  143
 4 1988  30.9  8.4  7.8  0.6   7  14.1   30.0 401  393  505  112  313  511  198
 5 1989  51.6 20.7 19.5  1.2   5  53.7   83.6 383  375  515  140  288  523  235
 6 1990  63.9 12.3 11.1  1.2   9  44.6  128.3 410  399  509  110  327  519  192
 7 1991  77.1 13.2 11.4  1.8  13  58.5  186.7 389  366  533  167  306  563  257
 8 1992  91.2 14.1 12.0  2.1  14  74.6  261.3 402  378  538  160  314  554  240
 9 1993 107.7 16.5 13.5  3.0  18 103.1  364.4 424  400  534  134  332  553  221
10 1994 118.2 10.5  9.3  1.2  11  74.5  438.9 404  389  524  135  325  537  212
11 1995 125.7  7.5  6.3  1.2  16  57.5  496.4 411  385  552  167  313  576  263
12 1996 129.9  4.2  3.6  0.6  14  33.7  530.1 424  405  535  130  340  566  226
13 1997 135.9  6.0  4.2  1.8  30  50.1  580.2 444  405  535  130  375  580  205
14 1998 141.6  5.7  4.5  1.2  21  49.7  629.9 455  430  549  119  367  601  234
15 1999 145.8  4.2  2.7  1.5  35  37.9  667.8 471  421  559  138  387  596  209
16 2000 151.5  5.7  3.9  1.8  31  53.2  721.1 482  454  543   89  424  573  149
17 2001 157.5  6.0  4.5  1.5  25  58.2  779.3 458  428  550  122  381  596  215
18 2002 161.1  3.6  2.7  0.9  24  36.0  815.3 471  440  563  123  398  591  193
19 2003 164.4  3.3  2.1  1.2  36  33.7  849.1 470  417  561  144  381  597  216
20 2004 169.2  4.8  3.6  1.2  24  50.3  899.4 447  416  541  125  371  572  201
21 2005 173.7  4.5  3.3  1.2  26  48.5  947.9 476  450  548   98  413  564  151
22 2006 176.4  2.7  1.8  0.9  33  29.7  977.6 482  440  566  126  396  605  209
23 2007 179.1  2.7  1.5  1.2  44  30.2 1007.7 505  460  563  103  411  601  190
24 2008 182.1  3.0  1.8  1.2  40  34.0 1041.8 491  453  547   94  423  584  161
25 2009 184.2  2.1  0.3  1.8  85  24.2 1065.9 536  455  550   95  455  605  150
26 2010 188.1  3.9  2.4  1.5  38  45.6 1111.5 475  430  547  117  278  554  276

Core Length:  188.1 mm
Core Density: 437 kg/m3
Cross-sectional Density:  439 kg/m3
Early/Latewood Threshold: 500 kg/m3
Attenuation Constant: 2.79

ִִִִִִִִִִִִִִִִִִִִִִִִִִִִִִִִִִִִִִִִִִִִִִִִִִִִִִִִִִִִִִִִִִִִִִִִִִִִִִִ
Core : 11
ֲֲֲִִִִִִִִִִִִִִִִִִִִִִִִִִִִִִִִִִִִִִִִִִִִִִִִִִִִִִִִִִִִִִִִִִִִִִִִִִִִ
       ³Widths (mm)              ³ Areas    ³ Densities (kg/m3)
       ³                         ³ (cm‎)    ³
Ring   ³Outer Ring Erly Late   % ³Incr Total³Ring E/Wd L/Wd Unif  Min  Max  Rng
 # Year³ Rad.      Wood Wood  LW ³          ³mean mean mean
ֱֱֱִִִִִִִִִִִִִִִִִִִִִִִִִִִִִִִִִִִִִִִִִִִִִִִִִִִִִִִִִִִִִִִִִִִִִִִִִִִִ

 4 1989  14.9 14.9  9.9  0.0   0   7.0    7.0 374  374    0    0  327  423   96
 5 1990  28.1 13.2 13.2  0.0   0  17.8   24.8 334  334    0    0  280  488  208
 6 1991  43.1 15.0 15.0  0.0   0  33.6   58.4 356  356    0    0  288  484  196
 7 1992  56.0 12.9 12.6  0.3   2  40.2   98.5 385  383  502  119  327  502  175
 8 1993  67.1 11.1 10.8  0.3   2  42.9  141.4 371  368  503  135  324  503  179
 9 1994  73.7  6.6  5.7  0.9  13  29.2  170.6 441  430  512   82  384  520  136
10 1995  83.6  9.9  9.9  0.0   0  48.9  219.6 382  382    0    0  315  491  176
11 1996  90.2  6.6  6.3  0.3   4  36.0  255.6 369  362  514  152  288  514  226
12 1997  97.1  6.9  6.0  0.9  13  40.6  296.2 393  374  518  144  327  532  205
13 1998 103.1  6.0  4.8  1.2  20  37.7  333.9 423  401  512  111  325  525  200
14 1999 107.6  4.5  4.5  0.0   0  29.8  363.7 398  398    0    0  336  497  161
15 2000 113.0  5.4  4.5  0.9  16  37.4  401.2 444  431  514   83  296  535  239

Core Length:  108.0 mm
Core Density: 389 kg/m3
Cross-sectional Density:  391 kg/m3
Early/Latewood Threshold: 500 kg/m3
Attenuation Constant: 2.79

ִִִִִִִִִִִִִִִִִִִִִִִִִִִִִִִִִִִִִִִִִִִִִִִִִִִִִִִִִִִִִִִִִִִִִִִִִִִִִִִ
Core : 12
ֲֲֲִִִִִִִִִִִִִִִִִִִִִִִִִִִִִִִִִִִִִִִִִִִִִִִִִִִִִִִִִִִִִִִִִִִִִִִִִִִִ
       ³Widths (mm)              ³ Areas    ³ Densities (kg/m3)
       ³                         ³ (cm‎)    ³
Ring   ³Outer Ring Erly Late   % ³Incr Total³Ring E/Wd L/Wd Unif  Min  Max  Rng
 # Year³ Rad.      Wood Wood  LW ³          ³mean mean mean
ֱֱֱִִִִִִִִִִִִִִִִִִִִִִִִִִִִִִִִִִִִִִִִִִִִִִִִִִִִִִִִִִִִִִִִִִִִִִִִִִִִ

 3 1987  19.4 19.4 11.4  0.0   0  11.8   11.8 406  406    0    0  302  453  151
 4 1988  40.4 21.0 20.7  0.3   1  39.5   51.3 335  333  505  172  253  505  252
 5 1989  50.0  9.6  9.3  0.3   3  27.3   78.5 380  375  524  149  300  524  224
 6 1990  58.4  8.4  8.1  0.3   3  28.6  107.1 364  357  544  187  298  544  246
 7 1991  64.4  6.0  5.1  0.9  15  23.1  130.3 388  361  541  180  311  576  265
 8 1992  74.9 10.5  9.3  1.2  11  46.0  176.2 392  371  555  184  323  584  261
 9 1993  83.3  8.4  7.2  1.2  14  41.7  218.0 405  380  553  173  323  568  245
10 1994  92.3  9.0  7.2  1.8  20  49.6  267.6 414  380  547  167  337  563  226
11 1995 102.8 10.5  9.6  0.9   8  64.4  332.0 410  400  518  118  313  548  235
12 1996 114.2 11.4  9.9  1.5  13  77.7  409.7 378  355  528  173  293  555  262
13 1997 123.8  9.6  8.4  1.2  12  71.8  481.5 415  394  565  171  335  597  262
14 1998 129.8  6.0  4.2  1.8  30  47.8  529.3 442  400  540  140  359  574  215
15 1999 138.5  8.7  7.2  1.5  17  73.3  602.6 444  427  525   98  375  549  174
16 2000 145.1  6.6  5.7  0.9  13  58.8  661.4 426  406  549  143  347  583  236
17 2001 148.7  3.6  2.7  0.9  24  33.2  694.7 450  424  531  107  392  551  159
18 2002 151.7  3.0  1.8  1.2  40  28.3  723.0 470  414  556  142  373  592  219
19 2003 157.1  5.4  3.9  1.5  27  52.4  775.4 447  415  531  116  387  573  186
20 2004 161.9  4.8  3.9  0.9  18  48.1  823.5 457  427  591  164  377  609  232
21 2005 166.4  4.5  4.2  0.3   6  46.4  869.9 440  432  550  118  387  550  163
22 2006 170.0  3.6  2.1  1.5  41  38.0  907.9 471  420  542  122  386  588  202
23 2007 172.4  2.4  1.8  0.6  24  25.8  933.7 461  429  558  129  412  576  164
24 2008 175.4  3.0  1.8  1.2  40  32.8  966.5 481  432  554  122  393  597  204
25 2009 181.1  5.7  3.6  2.1  36  63.8 1030.4 470  424  549  125  390  592  202
26 2010 187.7  6.6  5.7  0.9  13  76.5 1106.8 438  414  585  171  357  613  256
27 2011 193.1  5.4  4.5  0.9  16  64.6 1171.4 454  427  587  160  385  618  233
28 2012 197.3  4.2  2.7  1.5  35  51.5 1222.9 457  418  527  109  288  542  254

Core Length:  189.3 mm
Core Density: 426 kg/m3
Cross-sectional Density:  428 kg/m3
Early/Latewood Threshold: 500 kg/m3
Attenuation Constant: 2.79

ִִִִִִִִִִִִִִִִִִִִִִִִִִִִִִִִִִִִִִִִִִִִִִִִִִִִִִִִִִִִִִִִִִִִִִִִִִִִִִִ
Core : 13
ֲֲֲִִִִִִִִִִִִִִִִִִִִִִִִִִִִִִִִִִִִִִִִִִִִִִִִִִִִִִִִִִִִִִִִִִִִִִִִִִִִ
       ³Widths (mm)              ³ Areas    ³ Densities (kg/m3)
       ³                         ³ (cm‎)    ³
Ring   ³Outer Ring Erly Late   % ³Incr Total³Ring E/Wd L/Wd Unif  Min  Max  Rng
 # Year³ Rad.      Wood Wood  LW ³          ³mean mean mean
ֱֱֱִִִִִִִִִִִִִִִִִִִִִִִִִִִִִִִִִִִִִִִִִִִִִִִִִִִִִִִִִִִִִִִִִִִִִִִִִִִִ

 3 1988  37.7 37.7 17.7  0.0   0  44.7   44.7 329  329    0    0  250  418  168
 4 1989  51.5 13.8 13.8  0.0   0  38.7   83.3 338  338    0    0  273  476  203
 5 1990  64.1 12.6 12.0  0.6   4  45.8  129.1 338  329  517  188  259  518  259
 6 1991  78.5 14.4 14.1  0.3   2  64.5  193.6 336  333  506  173  260  506  246
 7 1992  95.9 17.4 17.4  0.0   0  95.3  288.9 334  334    0    0  275  496  221
 8 1993 109.4 13.5 13.5  0.0   0  87.1  376.0 326  326    0    0  258  464  206
 9 1994 123.2 13.8 12.9  0.9   6 100.8  476.8 363  351  537  186  278  568  290
10 1995 135.5 12.3 11.1  1.2   9 100.0  576.8 384  366  554  188  304  581  277
11 1996 148.1 12.6 11.1  1.5  11 112.3  689.1 371  351  517  166  281  530  249
12 1997 162.2 14.1 12.0  2.1  14 137.5  826.5 372  345  523  178  294  549  255
13 1998 169.1  6.9  6.0  0.9  13  71.8  898.3 387  361  561  200  303  570  267
14 1999 178.1  9.0  8.1  0.9  10  98.2  996.5 404  388  553  165  343  557  214
15 2000 186.2  8.1  6.6  1.5  18  92.7 1089.2 390  353  555  202  305  594  289
16 2001 193.7  7.5  6.3  1.2  16  89.5 1178.7 384  349  567  218  316  598  282
17 2002 199.1  5.4  4.5  0.9  16  66.6 1245.4 397  361  577  216  315  592  277
18 2003 203.9  4.8  4.5  0.3   6  60.8 1306.1 371  361  512  151  342  512  170
19 2004 206.6  2.7  2.1  0.6  22  34.8 1340.9 416  381  538  157  338  577  239
20 2005 210.2  3.6  3.0  0.6  16  47.1 1388.1 421  399  528  129  343  547  204
21 2006 214.1  3.9  3.3  0.6  15  52.0 1440.1 421  396  558  162  327  565  238
22 2007 217.7  3.6  2.7  0.9  24  48.8 1488.9 444  395  589  194  313  615  302
23 2008 222.5  4.8  4.5  0.3   6  66.4 1555.3 371  358  568  210  293  568  275
24 2009 227.9  5.4  3.9  1.5  27  76.4 1631.7 425  378  547  169  314  552  238
25 2010 233.0  5.1  4.5  0.6  11  73.8 1705.5 388  362  586  224  298  592  294
26 2011 237.2  4.2  3.6  0.6  14  62.0 1767.6 394  369  544  175  327  576  249
27 2012 241.4  4.2  3.9  0.3   7  63.1 1830.7 397  386  544  158  303  544  241

Core Length:  221.4 mm
Core Density: 380 kg/m3
Cross-sectional Density:  378 kg/m3
Early/Latewood Threshold: 500 kg/m3
Attenuation Constant: 2.79

ִִִִִִִִִִִִִִִִִִִִִִִִִִִִִִִִִִִִִִִִִִִִִִִִִִִִִִִִִִִִִִִִִִִִִִִִִִִִִִִ
Core : 15
ֲֲֲִִִִִִִִִִִִִִִִִִִִִִִִִִִִִִִִִִִִִִִִִִִִִִִִִִִִִִִִִִִִִִִִִִִִִִִִִִִִ
       ³Widths (mm)              ³ Areas    ³ Densities (kg/m3)
       ³                         ³ (cm‎)    ³
Ring   ³Outer Ring Erly Late   % ³Incr Total³Ring E/Wd L/Wd Unif  Min  Max  Rng
 # Year³ Rad.      Wood Wood  LW ³          ³mean mean mean
ֱֱֱִִִִִִִִִִִִִִִִִִִִִִִִִִִִִִִִִִִִִִִִִִִִִִִִִִִִִִִִִִִִִִִִִִִִִִִִִִִִ

 3 1988  39.1 39.1 14.1  0.0   0  48.0   48.0 351  351    0    0  277  434  157
 4 1989  56.5 17.4 17.1  0.3   1  52.3  100.3 364  362  500  138  279  500  221
 5 1990  71.8 15.3 15.3  0.0   0  61.7  162.0 338  338    0    0  258  494  236
 6 1991  85.3 13.5 12.9  0.6   4  66.6  228.6 352  344  507  163  272  511  239
 7 1992 100.6 15.3 15.3  0.0   0  89.4  317.9 364  364    0    0  291  497  206
 8 1993 114.7 14.1 13.2  0.9   6  95.4  413.3 368  358  512  154  270  523  253
 9 1994 132.7 18.0 17.4  0.6   3 139.9  553.2 372  366  537  171  299  538  239
10 1995 148.0 15.3 14.7  0.6   3 134.9  688.1 367  360  530  170  291  538  247
11 1996 160.0 12.0 10.5  1.5  12 116.1  804.2 388  367  532  165  304  555  251
12 1997 174.1 14.1 13.5  0.6   4 148.0  952.2 382  376  503  127  321  504  183
13 1998 181.3  7.2  6.6  0.6   8  80.4 1032.6 382  369  521  152  293  533  240
14 1999 189.1  7.8  7.2  0.6   7  90.8 1123.4 394  382  533  151  323  537  214
15 2000 197.5  8.4  6.9  1.5  17 102.0 1225.4 391  364  519  155  304  548  244
16 2001 206.5  9.0  7.5  1.5  16 114.2 1339.6 398  373  521  148  333  550  217
17 2002 212.5  6.0  4.8  1.2  20  79.0 1418.6 416  379  562  183  320  591  271
18 2003 219.4  6.9  6.3  0.6   8  93.6 1512.2 404  391  538  147  350  540  190
19 2004 224.5  5.1  4.5  0.6  11  71.1 1583.4 409  394  523  129  346  524  178
20 2005 229.0  4.5  4.2  0.3   6  64.1 1647.5 412  405  517  112  334  517  183
21 2006 232.6  3.6  3.6  0.0   0  52.2 1699.7 388  388    0    0  311  429  118
22 2007 235.0  2.4  1.5  0.9  37  35.3 1734.9 461  404  556  152  349  605  256
23 2008 238.6  3.6  3.3  0.3   8  53.6 1788.5 407  395  546  151  327  546  219
24 2009 241.9  3.3  3.0  0.3   9  49.8 1838.3 415  404  521  117  350  521  171
25 2010 244.0  2.1  1.8  0.3  14  32.1 1870.4 403  384  515  131  343  515  172
26 2011 245.8  1.8  1.5  0.3  16  27.7 1898.1 430  410  528  118  351  528  177
27 2012 247.9  2.1  2.1  0.0   0  32.6 1930.6 414  414    0    0  373  469   96

Core Length:  222.9 mm
Core Density: 390 kg/m3
Cross-sectional Density:  386 kg/m3
Early/Latewood Threshold: 500 kg/m3
Attenuation Constant: 2.79

ִִִִִִִִִִִִִִִִִִִִִִִִִִִִִִִִִִִִִִִִִִִִִִִִִִִִִִִִִִִִִִִִִִִִִִִִִִִִִִִ
Core : 14
ֲֲֲִִִִִִִִִִִִִִִִִִִִִִִִִִִִִִִִִִִִִִִִִִִִִִִִִִִִִִִִִִִִִִִִִִִִִִִִִִִִ
       ³Widths (mm)              ³ Areas    ³ Densities (kg/m3)
       ³                         ³ (cm‎)    ³
Ring   ³Outer Ring Erly Late   % ³Incr Total³Ring E/Wd L/Wd Unif  Min  Max  Rng
 # Year³ Rad.      Wood Wood  LW ³          ³mean mean mean
ֱֱֱִִִִִִִִִִִִִִִִִִִִִִִִִִִִִִִִִִִִִִִִִִִִִִִִִִִִִִִִִִִִִִִִִִִִִִִִִִִִ

 3 1987  38.4 38.4 23.4  0.0   0  46.3   46.3 363  363    0    0  302  495  193
 4 1988  62.4 24.0 24.0  0.0   0  76.0  122.3 340  340    0    0  277  446  169
 5 1989  77.1 14.7 14.4  0.3   2  64.4  186.7 345  341  540  199  270  540  270
 6 1990  91.5 14.4 13.5  0.9   6  76.3  263.0 350  339  519  180  262  533  271
 7 1991 103.8 12.3 11.1  1.2   9  75.5  338.5 353  335  528  193  268  552  284
 8 1992 119.7 15.9 14.7  1.2   7 111.6  450.1 359  347  511  164  281  518  237
 9 1993 137.1 17.4 15.9  1.5   8 140.4  590.5 375  361  525  164  283  537  254
10 1994 151.8 14.7 13.8  0.9   6 133.4  723.9 363  352  531  179  240  546  306
11 1995 165.0 13.2 12.0  1.2   9 131.4  855.3 377  360  542  182  308  570  262
12 1996 178.2 13.2 11.4  1.8  13 142.3  997.6 375  349  539  190  289  569  280
13 1997 194.4 16.2 14.4  1.8  11 189.6 1187.3 377  360  512  152  302  523  221
14 1998 204.6 10.2  8.4  1.8  17 127.9 1315.1 398  372  519  147  284  550  266
15 1999 217.2 12.6 11.4  1.2   9 167.0 1482.1 394  378  547  169  323  575  252
16 2000 228.3 11.1  9.3  1.8  16 155.4 1637.4 382  354  524  170  305  545  240
17 2001 237.9  9.6  7.5  2.1  21 140.6 1778.0 378  334  536  202  276  557  281
18 2002 244.8  6.9  4.8  2.1  30 104.6 1882.7 423  359  569  210  305  624  319
19 2003 254.7  9.9  8.1  1.8  18 155.4 2038.0 394  363  535  172  332  569  237
20 2004 264.0  9.3  7.8  1.5  16 151.5 2189.6 421  400  530  130  320  570  250
21 2005 272.4  8.4  6.9  1.5  17 141.6 2331.1 422  393  556  163  342  589  247
22 2006 279.0  6.6  4.5  2.1  31 114.3 2445.4 454  408  553  145  360  583  223
23 2007 283.5  4.5  2.4  2.1  46  79.5 2525.0 475  401  560  159  361  606  245
24 2008 288.9  5.4  3.6  1.8  33  97.1 2622.1 459  410  556  146  352  592  240
25 2009 295.2  6.3  4.2  2.1  33 115.6 2737.7 451  408  537  129  348  552  204
26 2010 300.3  5.1  3.3  1.8  35  95.4 2833.1 442  378  558  180  318  591  273
27 2011 304.2  3.9  3.0  0.9  23  74.1 2907.2 449  412  572  160  380  602  222
28 2012 307.2  3.0  2.7  0.3  10  57.6 2964.8 432  423  518   95  361  518  157

Core Length:  292.2 mm
Core Density: 398 kg/m3
Cross-sectional Density:  397 kg/m3
Early/Latewood Threshold: 500 kg/m3
Attenuation Constant: 2.79

ִִִִִִִִִִִִִִִִִִִִִִִִִִִִִִִִִִִִִִִִִִִִִִִִִִִִִִִִִִִִִִִִִִִִִִִִִִִִִִִ
Core : 17a
ֲֲֲִִִִִִִִִִִִִִִִִִִִִִִִִִִִִִִִִִִִִִִִִִִִִִִִִִִִִִִִִִִִִִִִִִִִִִִִִִִִ
       ³Widths (mm)              ³ Areas    ³ Densities (kg/m3)
       ³                         ³ (cm‎)    ³
Ring   ³Outer Ring Erly Late   % ³Incr Total³Ring E/Wd L/Wd Unif  Min  Max  Rng
 # Year³ Rad.      Wood Wood  LW ³          ³mean mean mean
ֱֱֱִִִִִִִִִִִִִִִִִִִִִִִִִִִִִִִִִִִִִִִִִִִִִִִִִִִִִִִִִִִִִִִִִִִִִִִִִִִִ

 1 1986   9.3  9.3  9.3  0.0   0   2.7    2.7 375  375    0    0  314  488  174
 2 1987  27.0 17.7 17.7  0.0   0  20.2   22.9 371  371    0    0  316  497  181
 3 1988  48.0 21.0 21.0  0.0   0  49.5   72.4 339  339    0    0  258  464  206
 4 1989  63.6 15.6 15.0  0.6   3  54.7  127.1 344  338  508  170  279  516  237
 5 1990  72.6  9.0  8.1  0.9   9  38.5  165.6 381  361  557  196  294  589  295
 6 1991  84.0 11.4  9.9  1.5  13  56.1  221.7 379  354  548  194  300  573  273
 7 1992  95.7 11.7 11.4  0.3   2  66.1  287.7 361  356  556  200  284  556  272
 8 1993 106.8 11.1  9.6  1.5  13  70.6  358.3 364  338  532  194  285  557  272
 9 1994 117.3 10.5  9.6  0.9   8  73.9  432.3 373  358  531  173  282  558  276
10 1995 125.1  7.8  6.9  0.9  11  59.4  491.7 400  383  533  150  290  559  269
11 1996 133.8  8.7  7.8  0.9  10  70.8  562.4 368  349  529  180  293  537  244
12 1997 144.9 11.1  9.3  1.8  16  97.2  659.6 406  385  513  128  303  524  221
13 1998 150.3  5.4  4.8  0.6  11  50.1  709.7 381  364  520  156  293  536  243
14 1999 157.8  7.5  6.9  0.6   8  72.6  782.3 408  400  506  106  312  508  196
15 2000 164.1  6.3  6.3  0.0   0  63.7  846.0 385  385    0    0  275  493  218
16 2001 167.7  3.6  3.3  0.3   8  37.5  883.5 416  401  574  173  341  574  233
17 2002 169.8  2.1  0.9  1.2  57  22.3  905.8 471  390  531  141  381  553  172
18 2003 173.1  3.3  3.0  0.3   9  35.5  941.3 442  434  522   88  368  522  154
19 2004 176.4  3.3  2.1  1.2  36  36.2  977.6 453  398  549  151  363  582  219
20 2005 180.0  3.6  3.0  0.6  16  40.3 1017.9 444  426  536  110  335  560  225
21 2006 182.4  2.4  1.8  0.6  24  27.3 1045.2 426  395  519  124  327  532  205
22 2007 183.9  1.5  0.9  0.6  40  17.3 1062.5 487  420  588  168  377  619  242
23 2008 185.7  1.8  1.5  0.3  16  20.9 1083.4 453  430  565  135  364  565  201
24 2009 187.5  1.8  0.9  0.9  50  21.1 1104.5 497  431  562  131  375  568  193
25 2010 188.7  1.2  0.9  0.3  24  14.2 1118.6 454  431  521   90  403  521  118
26 2011 190.2  1.5  0.6  0.9  60  17.9 1136.5 508  446  549  103  409  559  150
27 2012 191.1  0.9  0.9  0.0   0  10.8 1147.3 414  414    0    0  374  485  111

Core Length:  191.1 mm
Core Density: 411 kg/m3
Cross-sectional Density:  397 kg/m3
Early/Latewood Threshold: 500 kg/m3
Attenuation Constant: 2.79

ִִִִִִִִִִִִִִִִִִִִִִִִִִִִִִִִִִִִִִִִִִִִִִִִִִִִִִִִִִִִִִִִִִִִִִִִִִִִִִִ
Core : 17b
ֲֲֲִִִִִִִִִִִִִִִִִִִִִִִִִִִִִִִִִִִִִִִִִִִִִִִִִִִִִִִִִִִִִִִִִִִִִִִִִִִִ
       ³Widths (mm)              ³ Areas    ³ Densities (kg/m3)
       ³                         ³ (cm‎)    ³
Ring   ³Outer Ring Erly Late   % ³Incr Total³Ring E/Wd L/Wd Unif  Min  Max  Rng
 # Year³ Rad.      Wood Wood  LW ³          ³mean mean mean
ֱֱֱִִִִִִִִִִִִִִִִִִִִִִִִִִִִִִִִִִִִִִִִִִִִִִִִִִִִִִִִִִִִִִִִִִִִִִִִִִִִ

 3 1988  30.8 30.8 22.8  0.0   0  29.8   29.8 325  325    0    0  269  414  145
 4 1989  47.0 16.2 15.3  0.9   5  39.6   69.4 339  328  528  200  273  555  282
 5 1990  59.3 12.3 11.7  0.6   4  41.1  110.5 348  339  521  182  286  524  238
 6 1991  72.2 12.9 11.7  1.2   9  53.3  163.8 362  345  525  180  292  532  240
 7 1992  87.5 15.3 14.4  0.9   5  76.8  240.5 359  348  527  179  291  536  245
 8 1993 102.5 15.0 14.1  0.9   6  89.5  330.1 356  346  516  170  273  531  258
 9 1994 115.1 12.6 12.3  0.3   2  86.1  416.2 385  381  567  186  283  567  284
10 1995 127.4 12.3 11.1  1.2   9  93.7  509.9 393  376  548  172  310  580  270
11 1996 138.5 11.1  9.9  1.2  10  92.7  602.6 381  363  530  167  318  553  235
12 1997 149.9 11.4  9.0  2.4  21 103.3  705.9 408  375  535  160  345  563  218
13 1998 156.5  6.6  5.4  1.2  18  63.5  769.4 434  406  560  154  356  589  233
14 1999 163.7  7.2  6.6  0.6   8  72.4  841.9 427  417  540  123  381  546  165
15 2000 169.7  6.0  5.1  0.9  15  62.8  904.7 422  398  558  160  352  609  257
16 2001 175.1  5.4  4.8  0.6  11  58.5  963.2 447  430  588  158  406  616  210
17 2002 179.9  4.8  2.7  2.1  43  53.5 1016.7 481  421  558  137  393  652  259
18 2003 184.4  4.5  2.7  1.8  40  51.5 1068.2 479  439  539  100  430  580  150
19 2004 188.0  3.6  2.1  1.5  41  42.1 1110.4 487  439  555  116  425  598  173
20 2005 191.3  3.3  1.8  1.5  45  39.3 1149.7 476  439  521   82  398  546  148
21 2006 194.9  3.6  3.3  0.3   8  43.7 1193.4 449  442  525   83  360  525  165
22 2007 197.9  3.0  1.5  1.5  50  37.0 1230.4 503  449  556  107  388  597  209
23 2008 201.5  3.6  2.4  1.2  33  45.2 1275.6 465  437  521   84  385  548  163
24 2009 204.2  2.7  1.5  1.2  44  34.4 1310.0 500  467  541   74  428  561  133
25 2010 206.9  2.7  1.8  0.9  33  34.9 1344.8 461  427  529  102  362  568  206
26 2011 210.2  3.3  2.7  0.6  18  43.2 1388.1 449  428  543  115  348  545  197
27 2012 213.5  3.3  3.3  0.0   0  43.9 1432.0 436  436    0    0  395  475   80

Core Length:  205.5 mm
Core Density: 422 kg/m3
Cross-sectional Density:  415 kg/m3
Early/Latewood Threshold: 500 kg/m3
Attenuation Constant: 2.79

