File : C:\DENSITOM\KAWERA~2\KAWE4.DAT
Cores :
13
22
23
29
30
32
34
39
48
60
63
64

ִִִִִִִִִִִִִִִִִִִִִִִִִִִִִִִִִִִִִִִִִִִִִִִִִִִִִִִִִִִִִִִִִִִִִִִִִִִִִִִ
Core : 13
ֲֲֲִִִִִִִִִִִִִִִִִִִִִִִִִִִִִִִִִִִִִִִִִִִִִִִִִִִִִִִִִִִִִִִִִִִִִִִִִִִִ
       ³Widths (mm)              ³ Areas    ³ Densities (kg/m3)
       ³                         ³ (cm‎)    ³
Ring   ³Outer Ring Erly Late   % ³Incr Total³Ring E/Wd L/Wd Unif  Min  Max  Rng
 # Year³ Rad.      Wood Wood  LW ³          ³mean mean mean
ֱֱֱִִִִִִִִִִִִִִִִִִִִִִִִִִִִִִִִִִִִִִִִִִִִִִִִִִִִִִִִִִִִִִִִִִִִִִִִִִִִ

 1 1991  14.1 14.1 14.1  0.0   0   6.2    6.2 325  325    0    0  252  442  190
 2 1992  34.2 20.1 18.9  1.2   5  30.5   36.7 330  318  515  197  256  525  269
 3 1993  62.7 28.5 26.1  2.4   8  86.8  123.5 376  361  546  185  292  573  281
 4 1994  89.1 26.4 24.9  1.5   5 125.9  249.4 379  369  557  188  310  579  269
 5 1995 107.1 18.0 17.7  0.3   1 110.9  360.4 367  364  556  192  321  556  235
 6 1996 118.5 11.4 10.8  0.6   5  80.8  441.2 377  370  509  139  280  512  232
 7 1997 127.2  8.7  7.8  0.9  10  67.2  508.3 386  364  578  214  296  609  313
 8 1998 134.1  6.9  5.4  1.5  21  56.6  564.9 400  362  536  174  292  563  271
 9 1999 139.5  5.4  3.6  1.8  33  46.4  611.4 441  374  576  202  327  605  278
10 2000 143.7  4.2  3.0  1.2  28  37.4  648.7 436  394  542  148  309  586  277
11 2001 146.7  3.0  2.1  0.9  30  27.4  676.1 438  362  616  254  313  649  336
12 2002 149.1  2.4  1.5  0.9  37  22.3  698.4 439  355  579  224  327  611  284
13 2003 151.8  2.7  1.8  0.9  33  25.5  723.9 477  394  645  251  353  665  312
14 2004 153.9  2.1  1.5  0.6  28  20.2  744.1 486  414  667  253  343  673  330
15 2005 157.5  3.6  2.1  1.5  41  35.2  779.3 494  427  589  162  386  656  270
16 2006 159.0  1.5  0.9  0.6  40  14.9  794.2 485  419  585  166  396  602  206
17 2007 161.7  2.7  0.9  1.8  66  27.2  821.4 544  421  605  184  384  658  274
18 2008 165.0  3.3  2.4  0.9  27  33.9  855.3 452  390  619  229  351  648  297
19 2009 167.7  2.7  1.8  0.9  33  28.2  883.5 478  406  623  217  348  716  368
20 2010 171.9  4.2  1.2  3.0  71  44.8  928.3 558  384  627  243  339  744  405
21 2011 175.2  3.3  2.1  1.2  36  36.0  964.3 499  438  605  167  366  680  314
22 2012 176.4  1.2  0.6  0.6  50  13.3  977.6 537  456  618  162  444  625  181
23 2013 178.8  2.4  1.2  1.2  50  26.8 1004.3 530  433  626  193  400  684  284
24 2014 180.9  2.1  1.2  0.9  42  23.7 1028.1 492  426  580  154  376  631  255
25 2015 182.1  1.2  0.6  0.6  50  13.7 1041.8 520  469  571  102  448  598  150
26 2016 183.0  0.9  0.3  0.6  66  10.3 1052.1 534  473  565   92  473  584  111

Core Length:  183.0 mm
Core Density: 453 kg/m3
Cross-sectional Density:  427 kg/m3
Early/Latewood Threshold: 500 kg/m3
Attenuation Constant: 3.09

ִִִִִִִִִִִִִִִִִִִִִִִִִִִִִִִִִִִִִִִִִִִִִִִִִִִִִִִִִִִִִִִִִִִִִִִִִִִִִִִ
Core : 22
ֲֲֲִִִִִִִִִִִִִִִִִִִִִִִִִִִִִִִִִִִִִִִִִִִִִִִִִִִִִִִִִִִִִִִִִִִִִִִִִִִִ
       ³Widths (mm)              ³ Areas    ³ Densities (kg/m3)
       ³                         ³ (cm‎)    ³
Ring   ³Outer Ring Erly Late   % ³Incr Total³Ring E/Wd L/Wd Unif  Min  Max  Rng
 # Year³ Rad.      Wood Wood  LW ³          ³mean mean mean
ֱֱֱִִִִִִִִִִִִִִִִִִִִִִִִִִִִִִִִִִִִִִִִִִִִִִִִִִִִִִִִִִִִִִִִִִִִִִִִִִִִ

 1 1991   8.5  8.5  7.5  0.0   0   2.3    2.3 291  291    0    0  176  443  267
 2 1992  27.4 18.9 18.3  0.6   3  21.3   23.6 309  302  519  217  247  524  277
 3 1993  50.8 23.4 23.4  0.0   0  57.5   81.1 332  332    0    0  267  471  204
 4 1994  73.0 22.2 21.6  0.6   2  86.3  167.4 320  314  544  230  248  551  303
 5 1995  91.3 18.3 17.4  0.9   4  94.5  261.9 364  353  570  217  293  592  299
 6 1996 107.8 16.5 15.6  0.9   5 103.2  365.1 379  367  585  218  282  625  343
 7 1997 121.3 13.5 12.3  1.2   8  97.2  462.2 371  354  542  188  292  592  300
 8 1998 131.8 10.5  9.9  0.6   5  83.5  545.7 380  372  517  145  279  522  243
 9 1999 142.9 11.1 10.8  0.3   2  95.8  641.5 376  372  532  160  279  532  253
10 2000 151.0  8.1  6.9  1.2  14  74.8  716.3 410  388  537  149  278  563  285
11 2001 158.5  7.5  6.9  0.6   8  72.9  789.2 396  385  526  141  266  532  266
12 2002 163.9  5.4  3.0  2.4  44  54.7  843.9 431  332  554  222  270  617  347
13 2003 169.0  5.1  3.0  2.1  41  53.3  897.3 449  373  558  185  303  604  301
14 2004 174.7  5.7  3.9  1.8  31  61.5  958.8 445  397  548  151  314  597  283
15 2005 179.8  5.1  3.3  1.8  35  56.8 1015.6 433  373  544  171  292  554  262
16 2006 184.9  5.1  3.6  1.5  29  58.4 1074.0 442  399  547  148  321  593  272
17 2007 189.4  4.5  3.0  1.5  33  52.9 1127.0 458  392  591  199  351  617  266
18 2008 194.2  4.8  2.7  2.1  43  57.8 1184.8 474  405  564  159  340  607  267
19 2009 196.9  2.7  1.5  1.2  44  33.2 1218.0 477  409  562  153  366  625  259
20 2010 200.2  3.3  1.8  1.5  45  41.2 1259.2 459  394  538  144  344  571  227
21 2011 202.9  2.7  1.5  1.2  44  34.2 1293.3 477  412  557  145  322  581  259
22 2012 205.0  2.1  1.5  0.6  28  26.9 1320.3 482  431  610  179  323  618  295
23 2013 208.0  3.0  1.8  1.2  40  38.9 1359.2 490  416  600  184  380  666  286
24 2014 211.3  3.3  1.5  1.8  54  43.5 1402.6 494  405  569  164  346  597  251
25 2015 214.6  3.3  1.2  2.1  63  44.2 1446.8 538  433  598  165  378  663  285
26 2016 218.5  3.9  1.2  2.7  69  53.1 1499.9 532  426  579  153  391  652  261

Core Length:  217.5 mm
Core Density: 423 kg/m3
Cross-sectional Density:  416 kg/m3
Early/Latewood Threshold: 500 kg/m3
Attenuation Constant: 3.09

ִִִִִִִִִִִִִִִִִִִִִִִִִִִִִִִִִִִִִִִִִִִִִִִִִִִִִִִִִִִִִִִִִִִִִִִִִִִִִִִ
Core : 23
ֲֲֲִִִִִִִִִִִִִִִִִִִִִִִִִִִִִִִִִִִִִִִִִִִִִִִִִִִִִִִִִִִִִִִִִִִִִִִִִִִִ
       ³Widths (mm)              ³ Areas    ³ Densities (kg/m3)
       ³                         ³ (cm‎)    ³
Ring   ³Outer Ring Erly Late   % ³Incr Total³Ring E/Wd L/Wd Unif  Min  Max  Rng
 # Year³ Rad.      Wood Wood  LW ³          ³mean mean mean
ֱֱֱִִִִִִִִִִִִִִִִִִִִִִִִִִִִִִִִִִִִִִִִִִִִִִִִִִִִִִִִִִִִִִִִִִִִִִִִִִִִ

 2 1991   9.1  9.1  6.9  1.2  13   2.6    2.6 407  386  526  140  330  533  203
 3 1992  31.3 22.2 20.4  1.8   8  28.2   30.8 368  353  543  190  300  580  280
 4 1993  56.5 25.2 23.4  1.8   7  69.5  100.3 378  367  521  154  292  536  244
 5 1994  78.7 22.2 20.7  1.5   6  94.3  194.6 383  372  528  156  315  549  234
 6 1995  94.3 15.6 15.3  0.3   1  84.8  279.4 383  380  565  185  331  565  234
 7 1996 107.5 13.2 12.3  0.9   6  83.7  363.1 394  383  542  159  331  576  245
 8 1997 117.1  9.6  8.7  0.9   9  67.7  430.8 384  368  532  164  324  541  217
 9 1998 122.5  5.4  5.1  0.3   5  40.6  471.4 381  374  509  135  345  509  164
10 1999 124.6  2.1  1.8  0.3  14  16.3  487.7 453  444  505   61  406  505   99
11 2000 127.6  3.0  2.4  0.6  20  23.8  511.5 447  416  572  156  351  604  253
12 2001 128.5  0.9  0.9  0.0   0   7.2  518.7 409  409    0    0  337  465  128
13 2002 131.2  2.7  2.1  0.6  22  22.0  540.8 455  438  512   74  374  513  139
14 2003 133.0  1.8  1.2  0.6  33  14.9  555.7 493  454  571  117  427  610  183
15 2004 133.6  0.6  0.3  0.3  49   5.0  560.7 486  457  516   59  457  516   59
16 2005 134.8  1.2  0.3  0.9  75  10.1  570.9 567  487  593  106  487  668  181
17 2006 136.6  1.8  1.2  0.6  33  15.3  586.2 514  472  599  127  447  621  174
18 2007 137.8  1.2  0.6  0.6  50  10.3  596.6 537  493  581   88  490  588   98
19 2008 138.4  0.6  0.0  0.6  99   5.2  601.8 532    0  532  532  528  537    9
20 2009 138.7  0.3  0.0  0.3  99   2.6  604.4 502    0  502  502  502  502    0
21 2010 139.3  0.6  0.0  0.6 100   5.2  609.6 556    0  556  556  546  566   20
22 2011 139.6  0.3  0.3  0.0   0   2.6  612.2 491  491    0    0  491  491    0
23 2012 140.2  0.6  0.3  0.3  49   5.3  617.5 493  463  523   60  463  523   60
24 2013 141.1  0.9  0.6  0.3  33   8.0  625.5 487  480  502   22  480  502   22
25 2014 141.4  0.3  0.0  0.3  99   2.7  628.1 546    0  546  546  546  546    0
26 2015 141.7  0.3  0.0  0.3  99   2.7  630.8 571    0  571  571  571  571    0
27 2016 142.0  0.3  0.0  0.3 100   2.7  633.5 576    0  576  576  576  576    0

Core Length:  141.0 mm
Core Density: 468 kg/m3
Cross-sectional Density:  410 kg/m3
Early/Latewood Threshold: 500 kg/m3
Attenuation Constant: 3.09

ִִִִִִִִִִִִִִִִִִִִִִִִִִִִִִִִִִִִִִִִִִִִִִִִִִִִִִִִִִִִִִִִִִִִִִִִִִִִִִִ
Core : 29
ֲֲֲִִִִִִִִִִִִִִִִִִִִִִִִִִִִִִִִִִִִִִִִִִִִִִִִִִִִִִִִִִִִִִִִִִִִִִִִִִִִ
       ³Widths (mm)              ³ Areas    ³ Densities (kg/m3)
       ³                         ³ (cm‎)    ³
Ring   ³Outer Ring Erly Late   % ³Incr Total³Ring E/Wd L/Wd Unif  Min  Max  Rng
 # Year³ Rad.      Wood Wood  LW ³          ³mean mean mean
ֱֱֱִִִִִִִִִִִִִִִִִִִִִִִִִִִִִִִִִִִִִִִִִִִִִִִִִִִִִִִִִִִִִִִִִִִִִִִִִִִִ

 1 1991   6.0  6.0  6.0  0.0   0   1.1    1.1 306  306    0    0  197  420  223
 2 1992  26.7 20.7 19.8  0.9   4  21.3   22.4 340  331  531  200  282  539  257
 3 1993  48.3 21.6 19.8  1.8   8  50.9   73.3 387  374  534  160  306  550  244
 4 1994  68.7 20.4 18.9  1.5   7  75.0  148.3 409  398  552  154  346  577  231
 5 1995  84.9 16.2 15.3  0.9   5  78.2  226.4 417  410  521  111  375  539  164
 6 1996  92.7  7.8  7.2  0.6   7  43.5  270.0 418  409  526  117  340  531  191
 7 1997 100.2  7.5  5.4  2.1  28  45.5  315.4 470  439  548  109  339  597  258
 8 1998 104.1  3.9  1.2  2.7  69  25.0  340.4 532  405  588  183  372  689  317
 9 1999 107.7  3.6  1.5  2.1  58  24.0  364.4 519  435  579  144  399  719  320
10 2000 111.9  4.2  2.1  2.1  50  29.0  393.4 542  449  636  187  397  721  324
11 2001 116.4  4.5  2.4  2.1  46  32.3  425.7 518  456  589  133  411  627  216
12 2002 117.9  1.5  0.9  0.6  40  11.0  436.7 499  464  553   89  417  567  150
13 2003 119.1  1.2  0.3  0.9  74   8.9  445.6 555  494  576   82  494  646  152
14 2004 119.7  0.6  0.3  0.3  50   4.5  450.1 508  467  549   82  467  549   82
15 2005 120.3  0.6  0.0  0.6 100   4.5  454.7 592    0  592  592  517  668  151
16 2006 121.5  1.2  0.6  0.6  49   9.1  463.8 536  492  581   89  489  613  124
17 2007 122.1  0.6  0.0  0.6 100   4.6  468.4 587    0  587  587  547  628   81
18 2008 122.7  0.6  0.0  0.6 100   4.6  473.0 658    0  658  658  639  678   39
19 2009 123.3  0.6  0.3  0.3  50   4.6  477.6 598  496  701  205  496  701  205
20 2010 125.1  1.8  0.6  1.2  66  14.0  491.7 521  463  550   87  455  591  136
21 2011 126.0  0.9  0.3  0.6  66   7.1  498.8 571  434  639  205  434  647  213
22 2012 126.9  0.9  0.6  0.3  33   7.2  505.9 491  427  620  193  421  620  199
23 2013 128.7  1.8  0.3  1.5  83  14.5  520.4 569  491  585   94  491  669  178
24 2014 131.4  2.7  0.9  1.8  66  22.1  542.4 557  447  612  165  423  669  246
25 2015 133.5  2.1  0.6  1.5  71  17.5  559.9 573  454  621  167  430  671  241
26 2016 135.0  1.5  0.3  1.2  80  12.7  572.6 594  497  619  122  497  658  161

Core Length:  135.6 mm
Core Density: 510 kg/m3
Cross-sectional Density:  471 kg/m3
Early/Latewood Threshold: 500 kg/m3
Attenuation Constant: 3.09

ִִִִִִִִִִִִִִִִִִִִִִִִִִִִִִִִִִִִִִִִִִִִִִִִִִִִִִִִִִִִִִִִִִִִִִִִִִִִִִִ
Core : 30
ֲֲֲִִִִִִִִִִִִִִִִִִִִִִִִִִִִִִִִִִִִִִִִִִִִִִִִִִִִִִִִִִִִִִִִִִִִִִִִִִִִ
       ³Widths (mm)              ³ Areas    ³ Densities (kg/m3)
       ³                         ³ (cm‎)    ³
Ring   ³Outer Ring Erly Late   % ³Incr Total³Ring E/Wd L/Wd Unif  Min  Max  Rng
 # Year³ Rad.      Wood Wood  LW ³          ³mean mean mean
ֱֱֱִִִִִִִִִִִִִִִִִִִִִִִִִִִִִִִִִִִִִִִִִִִִִִִִִִִִִִִִִִִִִִִִִִִִִִִִִִִִ

 2 1991  21.5 21.5 18.3  1.2   5  14.5   14.5 309  296  516  220  241  526  285
 3 1992  43.4 21.9 20.4  1.5   6  44.7   59.2 334  316  580  264  249  602  353
 4 1993  66.2 22.8 21.0  1.8   7  78.5  137.7 349  333  530  197  263  551  288
 5 1994  88.7 22.5 21.3  1.2   5 109.5  247.2 354  343  542  199  282  570  288
 6 1995 106.7 18.0 17.7  0.3   1 110.5  357.7 337  333  572  239  289  572  283
 7 1996 121.1 14.4 13.2  1.2   8 103.1  460.7 357  339  553  214  254  584  330
 8 1997 134.6 13.5 11.7  1.8  13 108.4  569.2 368  338  569  231  282  593  311
 9 1998 140.9  6.3  4.8  1.5  23  54.5  623.7 429  371  615  244  295  651  356
10 1999 144.8  3.9  2.4  1.5  38  35.0  658.7 491  441  572  131  418  607  189
11 2000 147.2  2.4  1.2  1.2  49  22.0  680.7 478  380  576  196  352  646  294
12 2001 149.3  2.1  1.5  0.6  28  19.6  700.3 464  409  600  191  370  633  263
13 2002 153.2  3.9  2.7  1.2  30  37.1  737.3 451  386  598  212  309  673  364
14 2003 158.0  4.8  3.9  0.9  18  46.9  784.3 453  415  618  203  362  639  277
15 2004 161.3  3.3  2.7  0.6  18  33.1  817.4 437  402  594  192  354  606  252
16 2005 164.6  3.3  1.8  1.5  45  33.8  851.2 491  420  576  156  390  649  259
17 2006 167.6  3.0  1.2  1.8  60  31.3  882.5 531  421  604  183  388  650  262
18 2007 170.6  3.0  1.2  1.8  60  31.9  914.3 513  415  578  163  378  680  302
19 2008 173.6  3.0  1.8  1.2  40  32.4  946.8 465  386  584  198  359  685  326
20 2009 176.3  2.7  1.8  0.9  33  29.7  976.5 492  435  608  173  384  658  274
21 2010 179.0  2.7  1.5  1.2  44  30.1 1006.6 474  397  570  173  350  602  252
22 2011 181.7  2.7  2.1  0.6  22  30.6 1037.2 442  399  595  196  349  622  273
23 2012 184.1  2.4  1.2  1.2  50  27.6 1064.8 487  412  563  151  362  645  283
24 2013 186.8  2.7  1.2  1.5  55  31.5 1096.2 516  427  588  161  393  666  273
25 2014 191.0  4.2  1.5  2.7  64  49.8 1146.1 508  398  570  172  334  634  300
26 2015 196.4  5.4  2.7  2.7  49  65.7 1211.8 498  404  592  188  346  650  304
27 2016 199.4  3.0  2.1  0.9  30  37.3 1249.1 457  420  542  122  360  564  204

Core Length:  197.4 mm
Core Density: 441 kg/m3
Cross-sectional Density:  419 kg/m3
Early/Latewood Threshold: 500 kg/m3
Attenuation Constant: 3.09

ִִִִִִִִִִִִִִִִִִִִִִִִִִִִִִִִִִִִִִִִִִִִִִִִִִִִִִִִִִִִִִִִִִִִִִִִִִִִִִִ
Core : 32
ֲֲֲִִִִִִִִִִִִִִִִִִִִִִִִִִִִִִִִִִִִִִִִִִִִִִִִִִִִִִִִִִִִִִִִִִִִִִִִִִִִ
       ³Widths (mm)              ³ Areas    ³ Densities (kg/m3)
       ³                         ³ (cm‎)    ³
Ring   ³Outer Ring Erly Late   % ³Incr Total³Ring E/Wd L/Wd Unif  Min  Max  Rng
 # Year³ Rad.      Wood Wood  LW ³          ³mean mean mean
ֱֱֱִִִִִִִִִִִִִִִִִִִִִִִִִִִִִִִִִִִִִִִִִִִִִִִִִִִִִִִִִִִִִִִִִִִִִִִִִִִִ

 1 1990   4.3  4.3  3.3  0.0   0   0.6    0.6 404  404    0    0  356  445   89
 2 1991  15.4 11.1 11.1  0.0   0   6.9    7.5 339  339    0    0  273  426  153
 3 1992  37.6 22.2 22.2  0.0   0  37.0   44.4 339  339    0    0  290  456  166
 4 1993  63.1 25.5 25.5  0.0   0  80.7  125.1 366  366    0    0  280  447  167
 5 1994  86.8 23.7 23.7  0.0   0 111.6  236.7 369  369    0    0  313  467  154
 6 1995 106.3 19.5 19.2  0.3   1 118.3  355.0 376  373  557  184  326  557  231
 7 1996 118.9 12.6 12.6  0.0   0  89.1  444.1 384  384    0    0  327  458  131
 8 1997 121.9  3.0  2.7  0.3  10  22.7  466.8 364  348  512  164  290  512  222
 9 1998 123.7  1.8  1.2  0.6  33  13.9  480.7 446  396  545  149  333  577  244
10 1999 125.8  2.1  1.2  0.9  42  16.5  497.2 462  391  558  167  350  570  220
11 2000 127.6  1.8  1.2  0.6  33  14.3  511.5 465  399  598  199  352  616  264
12 2001 129.7  2.1  0.9  1.2  57  17.0  528.5 504  385  594  209  331  653  322
13 2002 132.7  3.0  1.2  1.8  60  24.7  553.2 514  400  591  191  354  673  319
14 2003 137.8  5.1  1.8  3.3  64  43.3  596.6 535  439  588  149  418  642  224
15 2004 142.6  4.8  1.8  3.0  62  42.3  638.8 533  425  599  174  384  655  271
16 2005 147.1  4.5  1.2  3.3  73  41.0  679.8 559  449  599  150  406  654  248
17 2006 151.0  3.9  0.9  3.0  76  36.5  716.3 539  449  566  117  423  614  191
18 2007 156.1  5.1  0.9  4.2  82  49.2  765.5 562  452  585  133  420  673  253
19 2008 164.2  8.1  2.7  5.4  66  81.5  847.0 541  460  582  122  428  644  216
20 2009 171.1  6.9  2.7  4.2  60  72.7  919.7 529  470  567   97  447  619  172
21 2010 178.3  7.2  2.4  4.8  66  79.0  998.7 541  444  590  146  372  675  303
22 2011 182.2  3.9  1.8  2.1  53  44.2 1042.9 534  476  584  108  443  651  208
23 2012 188.8  6.6  2.7  3.9  59  76.9 1119.8 544  456  606  150  400  694  294
24 2013 193.3  4.5  0.9  3.6  80  54.0 1173.9 620  452  661  209  441  763  322
25 2014 196.0  2.7  0.9  1.8  66  33.0 1206.9 609  462  682  220  440  738  298
26 2015 200.2  4.2  0.9  3.3  78  52.3 1259.2 596  430  641  211  428  756  328
27 2016 204.1  3.9  0.9  3.0  76  49.5 1308.7 603  448  650  202  424  750  326

Core Length:  203.1 mm
Core Density: 488 kg/m3
Cross-sectional Density:  485 kg/m3
Early/Latewood Threshold: 500 kg/m3
Attenuation Constant: 3.09

ִִִִִִִִִִִִִִִִִִִִִִִִִִִִִִִִִִִִִִִִִִִִִִִִִִִִִִִִִִִִִִִִִִִִִִִִִִִִִִִ
Core : 34
ֲֲֲִִִִִִִִִִִִִִִִִִִִִִִִִִִִִִִִִִִִִִִִִִִִִִִִִִִִִִִִִִִִִִִִִִִִִִִִִִִִ
       ³Widths (mm)              ³ Areas    ³ Densities (kg/m3)
       ³                         ³ (cm‎)    ³
Ring   ³Outer Ring Erly Late   % ³Incr Total³Ring E/Wd L/Wd Unif  Min  Max  Rng
 # Year³ Rad.      Wood Wood  LW ³          ³mean mean mean
ֱֱֱִִִִִִִִִִִִִִִִִִִִִִִִִִִִִִִִִִִִִִִִִִִִִִִִִִִִִִִִִִִִִִִִִִִִִִִִִִִִ

 2 1991  13.1 13.1  8.1  0.0   0   5.4    5.4 372  372    0    0  303  495  192
 3 1992  33.8 20.7 19.5  1.2   5  30.5   35.9 354  342  540  198  305  575  270
 4 1993  55.1 21.3 21.0  0.3   1  59.5   95.4 342  340  528  188  266  528  262
 5 1994  72.8 17.7 17.1  0.6   3  71.1  166.5 361  355  550  195  294  574  280
 6 1995  86.9 14.1 13.8  0.3   2  70.7  237.2 361  358  501  143  302  501  199
 7 1996  96.2  9.3  9.0  0.3   3  53.5  290.7 391  387  505  118  301  505  204
 8 1997 105.8  9.6  8.1  1.5  15  60.9  351.7 430  406  555  149  334  563  229
 9 1998 113.0  7.2  6.0  1.2  16  49.5  401.2 433  409  557  148  338  604  266
10 1999 119.3  6.3  4.2  2.1  33  46.0  447.1 459  421  535  114  358  608  250
11 2000 123.2  3.9  1.8  2.1  53  29.7  476.8 484  407  550  143  350  637  287
12 2001 127.7  4.5  3.0  1.5  33  35.5  512.3 466  425  549  124  371  594  223
13 2002 133.4  5.7  3.9  1.8  31  46.8  559.1 429  372  553  181  303  600  297
14 2003 137.9  4.5  3.3  1.2  26  38.4  597.4 440  398  556  158  346  592  246
15 2004 141.5  3.6  2.1  1.5  41  31.6  629.0 482  410  583  173  345  609  264
16 2005 146.0  4.5  2.7  1.8  40  40.6  669.7 477  418  564  146  338  659  321
17 2006 149.9  3.9  2.4  1.5  38  36.3  705.9 491  419  605  186  372  657  285
18 2007 152.6  2.7  1.2  1.5  55  25.7  731.6 508  410  586  176  375  689  314
19 2008 154.7  2.1  1.2  0.9  42  20.3  751.8 518  431  634  203  396  715  319
20 2009 156.2  1.5  0.9  0.6  40  14.7  766.5 485  404  606  202  372  614  242
21 2010 157.7  1.5  0.6  0.9  60  14.8  781.3 508  386  590  204  368  649  281
22 2011 158.6  0.9  0.3  0.6  66   8.9  790.2 474  391  515  124  391  531  140
23 2012 160.1  1.5  0.6  0.9  60  15.0  805.3 512  408  582  174  394  648  254
24 2013 161.6  1.5  0.6  0.9  60  15.2  820.4 534  421  610  189  404  647  243
25 2014 163.4  1.8  0.9  0.9  49  18.4  838.8 508  421  595  174  351  608  257
26 2015 165.2  1.8  0.9  0.9  49  18.6  857.4 527  431  624  193  362  658  296
27 2016 166.4  1.2  0.6  0.6  50  12.5  869.9 519  426  613  187  366  629  263

Core Length:  161.4 mm
Core Density: 456 kg/m3
Cross-sectional Density:  434 kg/m3
Early/Latewood Threshold: 500 kg/m3
Attenuation Constant: 3.09

ִִִִִִִִִִִִִִִִִִִִִִִִִִִִִִִִִִִִִִִִִִִִִִִִִִִִִִִִִִִִִִִִִִִִִִִִִִִִִִִ
Core : 39
ֲֲֲִִִִִִִִִִִִִִִִִִִִִִִִִִִִִִִִִִִִִִִִִִִִִִִִִִִִִִִִִִִִִִִִִִִִִִִִִִִִ
       ³Widths (mm)              ³ Areas    ³ Densities (kg/m3)
       ³                         ³ (cm‎)    ³
Ring   ³Outer Ring Erly Late   % ³Incr Total³Ring E/Wd L/Wd Unif  Min  Max  Rng
 # Year³ Rad.      Wood Wood  LW ³          ³mean mean mean
ֱֱֱִִִִִִִִִִִִִִִִִִִִִִִִִִִִִִִִִִִִִִִִִִִִִִִִִִִִִִִִִִִִִִִִִִִִִִִִִִִִ

 1 1991   6.9  6.9  6.9  0.0   0   1.5    1.5 358  358    0    0  297  484  187
 2 1992  26.7 19.8 18.6  1.2   6  20.9   22.4 356  345  532  187  278  547  269
 3 1993  50.7 24.0 22.5  1.5   6  58.4   80.8 360  350  513  163  281  526  245
 4 1994  72.6 21.9 21.0  0.9   4  84.8  165.6 372  364  559  195  317  581  264
 5 1995  90.3 17.7 16.8  0.9   5  90.6  256.2 386  376  572  196  336  596  260
 6 1996 105.0 14.7 14.4  0.3   2  90.2  346.4 403  400  564  164  334  564  230
 7 1997 116.4 11.4  9.3  2.1  18  79.3  425.7 453  427  570  143  362  611  249
 8 1998 122.1  5.7  4.2  1.5  26  42.7  468.4 466  428  575  147  369  636  267
 9 1999 124.2  2.1  1.2  0.9  42  16.2  484.6 471  420  540  120  350  574  224
10 2000 125.1  0.9  0.6  0.3  33   7.0  491.7 475  430  564  134  408  564  156
11 2001 126.9  1.8  0.9  0.9  50  14.3  505.9 474  394  554  160  367  610  243
12 2002 128.7  1.8  1.2  0.6  33  14.5  520.4 453  399  559  160  344  574  230
13 2003 131.1  2.4  1.5  0.9  37  19.6  540.0 491  431  592  161  399  631  232
14 2004 133.8  2.7  1.8  0.9  33  22.5  562.4 458  403  566  163  358  585  227
15 2005 136.8  3.0  1.8  1.2  40  25.5  587.9 444  390  526  136  338  570  232
16 2006 140.1  3.3  1.5  1.8  54  28.7  616.6 476  424  520   96  369  535  166
17 2007 142.5  2.4  1.5  0.9  37  21.3  637.9 483  436  561  125  377  581  204
18 2008 144.9  2.4  1.5  0.9  37  21.7  659.6 459  401  555  154  362  600  238
19 2009 147.0  2.1  0.9  1.2  57  19.3  678.9 480  398  541  143  369  573  204
20 2010 150.0  3.0  1.2  1.8  60  28.0  706.9 513  437  564  127  385  636  251
21 2011 151.2  1.2  0.9  0.3  24  11.4  718.2 407  373  508  135  350  508  158
22 2012 152.1  0.9  0.6  0.3  33   8.6  726.8 457  412  546  134  411  546  135
23 2013 153.6  1.5  0.6  0.9  60  14.4  741.2 492  396  556  160  361  600  239
24 2014 155.7  2.1  0.6  1.5  71  20.4  761.6 498  383  544  161  354  562  208
25 2015 158.4  2.7  0.9  1.8  66  26.6  788.2 503  423  543  120  385  579  194
26 2016 160.2  1.8  0.9  0.9  49  18.0  806.3 473  418  529  111  359  565  206

Core Length:  160.2 mm
Core Density: 448 kg/m3
Cross-sectional Density:  432 kg/m3
Early/Latewood Threshold: 500 kg/m3
Attenuation Constant: 3.09

ִִִִִִִִִִִִִִִִִִִִִִִִִִִִִִִִִִִִִִִִִִִִִִִִִִִִִִִִִִִִִִִִִִִִִִִִִִִִִִִ
Core : 48
ֲֲֲִִִִִִִִִִִִִִִִִִִִִִִִִִִִִִִִִִִִִִִִִִִִִִִִִִִִִִִִִִִִִִִִִִִִִִִִִִִִ
       ³Widths (mm)              ³ Areas    ³ Densities (kg/m3)
       ³                         ³ (cm‎)    ³
Ring   ³Outer Ring Erly Late   % ³Incr Total³Ring E/Wd L/Wd Unif  Min  Max  Rng
 # Year³ Rad.      Wood Wood  LW ³          ³mean mean mean
ֱֱֱִִִִִִִִִִִִִִִִִִִִִִִִִִִִִִִִִִִִִִִִִִִִִִִִִִִִִִִִִִִִִִִִִִִִִִִִִִִִ

 1 1990  10.1 10.1  5.1  0.0   0   3.2    3.2 305  305    0    0  254  426  172
 2 1991  22.1 12.0 12.0  0.0   0  12.1   15.3 308  308    0    0  250  447  197
 3 1992  44.6 22.5 21.6  0.9   3  47.1   62.5 304  296  508  212  239  514  275
 4 1993  68.6 24.0 24.0  0.0   0  85.4  147.8 342  342    0    0  273  493  220
 5 1994  91.7 23.1 22.5  0.6   2 116.3  264.2 346  341  525  184  290  534  244
 6 1995 106.4 14.7 14.7  0.0   0  91.5  355.7 334  334    0    0  291  438  147
 7 1996 116.9 10.5 10.5  0.0   0  73.7  429.3 366  366    0    0  283  472  189
 8 1997 125.0  8.1  7.8  0.3   3  61.6  490.9 365  358  529  171  261  529  268
 9 1998 131.9  6.9  6.9  0.0   0  55.7  546.6 376  376    0    0  272  491  219
10 1999 135.8  3.9  3.0  0.9  23  32.8  579.4 419  388  524  136  291  534  243
11 2000 139.7  3.9  3.6  0.3   7  33.8  613.1 429  421  524  103  311  524  213
12 2001 142.1  2.4  2.1  0.3  12  21.2  634.4 419  403  528  125  349  528  179
13 2002 145.1  3.0  2.4  0.6  20  27.1  661.4 402  367  540  173  280  549  269
14 2003 148.1  3.0  2.7  0.3  10  27.6  689.1 432  422  528  106  373  528  155
15 2004 150.8  2.7  2.4  0.3  11  25.4  714.4 425  413  518  105  358  518  160
16 2005 152.6  1.8  1.5  0.3  16  17.2  731.6 438  414  556  142  335  556  221
17 2006 153.8  1.2  0.9  0.3  25  11.6  743.1 476  453  544   91  445  544   99
18 2007 155.3  1.5  1.5  0.0   0  14.6  757.7 439  439    0    0  413  458   45
19 2008 156.2  0.9  0.9  0.0   0   8.8  766.5 446  446    0    0  422  473   51
20 2009 157.1  0.9  0.9  0.0   0   8.9  775.4 457  457    0    0  447  473   26
21 2010 158.9  1.8  1.8  0.0   0  17.9  793.2 437  437    0    0  384  479   95
22 2011 159.5  0.6  0.6  0.0   0   6.0  799.2 454  454    0    0  432  477   45
23 2012 159.8  0.3  0.0  0.3  99   3.0  802.2 500    0  500  500  500  500    0
24 2013 160.1  0.3  0.3  0.0   0   3.0  805.3 497  497    0    0  497  497    0
25 2014 160.7  0.6  0.3  0.3  49   6.0  811.3 515  491  540   49  491  540   49
26 2015 161.0  0.3  0.3  0.0   0   3.0  814.3 497  497    0    0  497  497    0
27 2016 161.6  0.6  0.6  0.0   0   6.1  820.4 447  447    0    0  400  494   94

Core Length:  156.6 mm
Core Density: 413 kg/m3
Cross-sectional Density:  375 kg/m3
Early/Latewood Threshold: 500 kg/m3
Attenuation Constant: 3.09

ִִִִִִִִִִִִִִִִִִִִִִִִִִִִִִִִִִִִִִִִִִִִִִִִִִִִִִִִִִִִִִִִִִִִִִִִִִִִִִִ
Core : 60
ֲֲֲִִִִִִִִִִִִִִִִִִִִִִִִִִִִִִִִִִִִִִִִִִִִִִִִִִִִִִִִִִִִִִִִִִִִִִִִִִִִ
       ³Widths (mm)              ³ Areas    ³ Densities (kg/m3)
       ³                         ³ (cm‎)    ³
Ring   ³Outer Ring Erly Late   % ³Incr Total³Ring E/Wd L/Wd Unif  Min  Max  Rng
 # Year³ Rad.      Wood Wood  LW ³          ³mean mean mean
ֱֱֱִִִִִִִִִִִִִִִִִִִִִִִִִִִִִִִִִִִִִִִִִִִִִִִִִִִִִִִִִִִִִִִִִִִִִִִִִִִִ

 1 1990   4.6  4.6  3.6  0.0   0   0.7    0.7 387  387    0    0  346  441   95
 2 1991  11.2  6.6  6.6  0.0   0   3.3    3.9 307  307    0    0  257  413  156
 3 1992  36.7 25.5 25.5  0.0   0  38.4   42.3 305  305    0    0  244  461  217
 4 1993  64.0 27.3 27.3  0.0   0  86.4  128.7 324  324    0    0  237  451  214
 5 1994  94.9 30.9 30.0  0.9   2 154.3  282.9 335  330  521  191  263  528  265
 6 1995 117.4 22.5 21.9  0.6   2 150.1  433.0 358  353  562  209  299  583  284
 7 1996 136.6 19.2 18.3  0.9   4 153.2  586.2 360  351  547  196  269  600  331
 8 1997 152.2 15.6 13.5  2.1  13 141.5  727.7 387  362  549  187  322  602  280
 9 1998 160.0  7.8  5.4  2.4  30  76.5  804.2 438  388  550  162  322  593  271
10 1999 164.5  4.5  2.7  1.8  40  45.9  850.1 481  422  571  149  384  624  240
11 2000 168.7  4.2  2.4  1.8  42  44.0  894.1 456  398  533  135  365  580  215
12 2001 171.4  2.7  1.5  1.2  44  28.8  922.9 492  420  582  162  373  657  284
13 2002 175.6  4.2  2.4  1.8  42  45.8  968.7 507  426  615  189  363  690  327
14 2003 180.4  4.8  3.3  1.5  31  53.7 1022.4 509  453  632  179  417  723  306
15 2004 183.7  3.3  1.8  1.5  45  37.7 1060.2 519  457  593  136  426  673  247
16 2005 188.2  4.5  1.8  2.7  60  52.6 1112.7 563  470  625  155  448  742  294
17 2006 192.1  3.9  1.2  2.7  69  46.6 1159.3 575  456  629  173  444  740  296
18 2007 197.2  5.1  0.9  4.2  82  62.4 1221.7 587  469  612  143  467  752  285
19 2008 204.1  6.9  2.1  4.8  69  87.0 1308.7 568  472  611  139  454  766  312
20 2009 212.2  8.1  1.8  6.3  77 105.9 1414.6 576  469  606  137  442  721  279
21 2010 219.1  6.9  2.1  4.8  69  93.5 1508.1 556  466  596  130  439  746  307
22 2011 224.5  5.4  0.9  4.5  83  75.3 1583.4 584  474  606  132  461  705  244
23 2012 228.1  3.6  0.9  2.7  75  51.2 1634.6 586  470  624  154  454  723  269
24 2013 234.4  6.3  0.6  5.7  90  91.5 1726.1 630  484  645  161  474  760  286
25 2014 240.4  6.0  1.2  4.8  80  89.5 1815.6 582  483  607  124  467  698  231
26 2015 245.5  5.1  0.6  4.5  88  77.9 1893.4 610  490  626  136  489  743  254
27 2016 249.4  3.9  0.6  3.3  84  60.6 1954.1 592  492  610  118  492  693  201

Core Length:  248.4 mm
Core Density: 487 kg/m3
Cross-sectional Density:  480 kg/m3
Early/Latewood Threshold: 500 kg/m3
Attenuation Constant: 3.09

ִִִִִִִִִִִִִִִִִִִִִִִִִִִִִִִִִִִִִִִִִִִִִִִִִִִִִִִִִִִִִִִִִִִִִִִִִִִִִִִ
Core : 63
ֲֲֲִִִִִִִִִִִִִִִִִִִִִִִִִִִִִִִִִִִִִִִִִִִִִִִִִִִִִִִִִִִִִִִִִִִִִִִִִִִִ
       ³Widths (mm)              ³ Areas    ³ Densities (kg/m3)
       ³                         ³ (cm‎)    ³
Ring   ³Outer Ring Erly Late   % ³Incr Total³Ring E/Wd L/Wd Unif  Min  Max  Rng
 # Year³ Rad.      Wood Wood  LW ³          ³mean mean mean
ֱֱֱִִִִִִִִִִִִִִִִִִִִִִִִִִִִִִִִִִִִִִִִִִִִִִִִִִִִִִִִִִִִִִִִִִִִִִִִִִִִ

 1 1991  10.8 10.8  9.9  0.9   8   3.7    3.7 375  362  516  154  320  524  204
 2 1992  31.5 20.7 19.5  1.2   5  27.5   31.2 355  345  519  174  300  533  233
 3 1993  58.8 27.3 26.7  0.6   2  77.4  108.6 395  392  511  119  328  518  190
 4 1994  78.6 19.8 17.7  2.1  10  85.5  194.1 412  395  558  163  343  615  272
 5 1995  90.9 12.3 12.0  0.3   2  65.5  259.6 403  398  574  176  328  574  246
 6 1996 101.7 10.8  9.9  0.9   8  65.3  324.9 388  372  560  188  291  617  326
 7 1997 110.4  8.7  7.5  1.2  13  58.0  382.9 400  373  570  197  307  601  294
 8 1998 115.8  5.4  4.5  0.9  16  38.4  421.3 421  391  575  184  332  620  288
 9 1999 119.7  3.9  2.4  1.5  38  28.9  450.1 470  408  570  162  342  618  276
10 2000 123.0  3.3  1.8  1.5  45  25.2  475.3 491  404  595  191  339  678  339
11 2001 126.9  3.9  2.1  1.8  46  30.6  505.9 483  407  573  166  350  624  274
12 2002 130.5  3.6  2.1  1.5  41  29.1  535.0 473  404  571  167  334  636  302
13 2003 134.4  3.9  2.4  1.5  38  32.5  567.5 511  465  585  120  433  637  204
14 2004 138.6  4.2  2.1  2.1  50  36.0  603.5 490  426  555  129  397  583  186
15 2005 141.6  3.0  2.1  0.9  30  26.4  629.9 472  429  573  144  364  635  271
16 2006 143.7  2.1  1.2  0.9  42  18.8  648.7 478  433  539  106  396  598  202
17 2007 145.5  1.8  1.2  0.6  33  16.4  665.1 493  456  568  112  409  601  192
18 2008 149.1  3.6  1.2  2.4  66  33.3  698.4 530  445  573  128  401  667  266
19 2009 152.1  3.0  1.5  1.5  50  28.4  726.8 484  410  558  148  376  602  226
20 2010 154.2  2.1  0.9  1.2  57  20.2  747.0 504  434  556  122  396  611  215
21 2011 156.9  2.7  1.8  0.9  33  26.4  773.4 495  458  568  110  397  632  235
22 2012 158.4  1.5  0.9  0.6  40  14.9  788.2 481  434  551  117  392  568  176
23 2013 159.9  1.5  0.6  0.9  60  15.0  803.2 513  452  554  102  410  580  170
24 2014 161.7  1.8  0.6  1.2  66  18.2  821.4 526  452  564  112  418  606  188
25 2015 163.8  2.1  0.6  1.5  71  21.5  842.9 510  432  542  110  418  588  170
26 2016 165.3  1.5  0.9  0.6  40  15.5  858.4 501  466  554   88  435  568  133

Core Length:  165.3 mm
Core Density: 463 kg/m3
Cross-sectional Density:  447 kg/m3
Early/Latewood Threshold: 500 kg/m3
Attenuation Constant: 3.09

ִִִִִִִִִִִִִִִִִִִִִִִִִִִִִִִִִִִִִִִִִִִִִִִִִִִִִִִִִִִִִִִִִִִִִִִִִִִִִִִ
Core : 64
ֲֲֲִִִִִִִִִִִִִִִִִִִִִִִִִִִִִִִִִִִִִִִִִִִִִִִִִִִִִִִִִִִִִִִִִִִִִִִִִִִִ
       ³Widths (mm)              ³ Areas    ³ Densities (kg/m3)
       ³                         ³ (cm‎)    ³
Ring   ³Outer Ring Erly Late   % ³Incr Total³Ring E/Wd L/Wd Unif  Min  Max  Rng
 # Year³ Rad.      Wood Wood  LW ³          ³mean mean mean
ֱֱֱִִִִִִִִִִִִִִִִִִִִִִִִִִִִִִִִִִִִִִִִִִִִִִִִִִִִִִִִִִִִִִִִִִִִִִִִִִִִ

 1 1990   3.3  3.3  3.3  0.0   0   0.3    0.3 352  352    0    0  249  468  219
 2 1991   9.3  6.0  6.0  0.0   0   2.4    2.7 354  354    0    0  300  407  107
 3 1992  36.3 27.0 27.0  0.0   0  38.7   41.4 342  342    0    0  285  469  184
 4 1993  65.7 29.4 29.4  0.0   0  94.2  135.6 356  356    0    0  307  445  138
 5 1994  87.6 21.9 21.3  0.6   2 105.5  241.1 368  364  506  142  310  509  199
 6 1995 102.9 15.3 14.7  0.6   3  91.6  332.6 383  377  528  151  314  556  242
 7 1996 111.9  9.0  8.1  0.9  10  60.7  393.4 410  398  521  123  312  557  245
 8 1997 120.0  8.1  6.9  1.2  14  59.0  452.4 426  403  554  151  316  580  264
 9 1998 124.5  4.5  3.9  0.6  13  34.6  487.0 406  386  537  151  325  572  247
10 1999 127.5  3.0  2.1  0.9  30  23.8  510.7 462  407  591  184  346  600  254
11 2000 130.2  2.7  1.8  0.9  33  21.9  532.6 467  405  593  188  332  663  331
12 2001 132.6  2.4  1.5  0.9  37  19.8  552.4 465  425  531  106  358  580  222
13 2002 135.6  3.0  1.8  1.2  40  25.3  577.7 501  407  641  234  334  679  345
14 2003 140.4  4.8  2.4  2.4  49  41.6  619.3 501  422  581  159  365  628  263
15 2004 144.0  3.6  1.8  1.8  50  32.2  651.4 496  413  579  166  359  657  298
16 2005 147.3  3.3  2.1  1.2  36  30.2  681.6 496  422  627  205  362  680  318
17 2006 149.7  2.4  1.2  1.2  49  22.4  704.0 485  386  583  197  365  605  240
18 2007 152.1  2.4  1.2  1.2  50  22.8  726.8 478  407  550  143  370  613  243
19 2008 154.2  2.1  0.9  1.2  57  20.2  747.0 531  448  593  145  434  654  220
20 2009 157.2  3.0  1.2  1.8  60  29.3  776.3 528  408  608  200  387  673  286
21 2010 161.4  4.2  2.1  2.1  50  42.0  818.4 500  411  588  177  349  662  313
22 2011 164.7  3.3  2.1  1.2  36  33.8  852.2 455  407  537  130  328  563  235
23 2012 167.1  2.4  1.5  0.9  37  25.0  877.2 495  426  611  185  340  628  288
24 2013 171.3  4.2  2.1  2.1  50  44.7  921.9 511  417  606  189  351  656  305
25 2014 176.1  4.8  2.1  2.7  56  52.4  974.2 520  425  595  170  349  628  279
26 2015 180.3  4.2  2.1  2.1  50  47.0 1021.3 491  393  588  195  346  635  289
27 2016 184.2  3.9  2.1  1.8  46  44.7 1065.9 480  401  571  170  324  629  305

Core Length:  184.2 mm
Core Density: 454 kg/m3
Cross-sectional Density:  442 kg/m3
Early/Latewood Threshold: 500 kg/m3
Attenuation Constant: 3.09

