File : C:\DENSITOM\KAWERA~2\KAWE29.DAT
Cores :
5
8
18
20
45
24
47
50
53
61
68
72
75

ִִִִִִִִִִִִִִִִִִִִִִִִִִִִִִִִִִִִִִִִִִִִִִִִִִִִִִִִִִִִִִִִִִִִִִִִִִִִִִִ
Core : 5
ֲֲֲִִִִִִִִִִִִִִִִִִִִִִִִִִִִִִִִִִִִִִִִִִִִִִִִִִִִִִִִִִִִִִִִִִִִִִִִִִִִ
       ³Widths (mm)              ³ Areas    ³ Densities (kg/m3)
       ³                         ³ (cm‎)    ³
Ring   ³Outer Ring Erly Late   % ³Incr Total³Ring E/Wd L/Wd Unif  Min  Max  Rng
 # Year³ Rad.      Wood Wood  LW ³          ³mean mean mean
ֱֱֱִִִִִִִִִִִִִִִִִִִִִִִִִִִִִִִִִִִִִִִִִִִִִִִִִִִִִִִִִִִִִִִִִִִִִִִִִִִִ

 1 1990   3.6  3.6  3.6  0.0   0   0.4    0.4 322  322    0    0  285  414  129
 2 1991  17.7 14.1 14.1  0.0   0   9.4    9.8 306  306    0    0  252  418  166
 3 1992  43.2 25.5 25.5  0.0   0  48.8   58.6 296  296    0    0  224  422  198
 4 1993  71.1 27.9 27.9  0.0   0 100.2  158.8 287  287    0    0  227  410  183
 5 1994  87.9 16.8 15.9  0.9   5  83.9  242.7 317  305  520  215  221  545  324
 6 1995 102.9 15.0 14.4  0.6   4  89.9  332.6 334  326  524  198  251  527  276
 7 1996 117.0 14.1 13.5  0.6   4  97.4  430.1 340  331  535  204  248  539  291
 8 1997 130.8 13.8 12.9  0.9   6 107.4  537.5 341  328  516  188  258  527  269
 9 1998 137.1  6.3  6.0  0.3   4  53.0  590.5 335  326  523  197  278  523  245
10 1999 146.1  9.0  8.7  0.3   3  80.1  670.6 354  347  548  201  265  548  283
11 2000 152.1  6.0  5.7  0.3   5  56.2  726.8 344  334  522  188  267  522  255
12 2001 156.3  4.2  3.9  0.3   7  40.7  767.5 359  346  522  176  297  522  225
13 2002 161.1  4.8  4.2  0.6  12  47.9  815.3 375  346  583  237  260  606  346
14 2003 167.1  6.0  5.1  0.9  15  61.9  877.2 396  375  512  137  281  532  251
15 2004 171.9  4.8  3.6  1.2  24  51.1  928.3 404  359  539  180  282  589  307
16 2005 175.8  3.9  3.3  0.6  15  42.6  970.9 398  375  525  150  307  548  241
17 2006 177.9  2.1  1.5  0.6  28  23.3  994.3 414  370  525  155  330  548  218
18 2007 180.0  2.1  1.8  0.3  14  23.6 1017.9 420  389  603  214  323  603  280
19 2008 181.8  1.8  1.2  0.6  33  20.5 1038.3 450  387  574  187  344  584  240
20 2009 185.4  3.6  2.7  0.9  24  41.5 1079.9 459  423  569  146  358  606  248
21 2010 188.1  2.7  2.7  0.0   0  31.7 1111.5 421  421    0    0  330  495  165
22 2011 190.2  2.1  1.5  0.6  28  25.0 1136.5 436  406  511  105  325  521  196
23 2012 191.7  1.5  1.2  0.3  20  18.0 1154.5 428  402  534  132  341  534  193
24 2013 192.9  1.2  0.6  0.6  50  14.5 1169.0 467  394  541  147  359  582  223
25 2014 193.5  0.6  0.6  0.0   0   7.3 1176.3 401  401    0    0  376  427   51
26 2015 194.1  0.6  0.6  0.0   0   7.3 1183.6 403  403    0    0  367  439   72
27 2016 194.7  0.6  0.6  0.0   0   7.3 1190.9 381  381    0    0  350  413   63

Core Length:  194.7 mm
Core Density: 377 kg/m3
Cross-sectional Density:  359 kg/m3
Early/Latewood Threshold: 500 kg/m3
Attenuation Constant: 3.09

ִִִִִִִִִִִִִִִִִִִִִִִִִִִִִִִִִִִִִִִִִִִִִִִִִִִִִִִִִִִִִִִִִִִִִִִִִִִִִִִ
Core : 8
ֲֲֲִִִִִִִִִִִִִִִִִִִִִִִִִִִִִִִִִִִִִִִִִִִִִִִִִִִִִִִִִִִִִִִִִִִִִִִִִִִִ
       ³Widths (mm)              ³ Areas    ³ Densities (kg/m3)
       ³                         ³ (cm‎)    ³
Ring   ³Outer Ring Erly Late   % ³Incr Total³Ring E/Wd L/Wd Unif  Min  Max  Rng
 # Year³ Rad.      Wood Wood  LW ³          ³mean mean mean
ֱֱֱִִִִִִִִִִִִִִִִִִִִִִִִִִִִִִִִִִִִִִִִִִִִִִִִִִִִִִִִִִִִִִִִִִִִִִִִִִִִ

 5 1994  27.1 27.1 15.3  1.8   6  23.1   23.1 376  357  540  183  293  561  268
 6 1995  43.3 16.2 14.4  1.8  11  35.8   58.9 380  357  567  210  305  643  338
 7 1996  55.6 12.3  9.6  2.7  21  38.2   97.1 399  358  544  186  284  606  322
 8 1997  67.9 12.3 10.2  2.1  17  47.7  144.8 386  354  545  191  292  590  298
 9 1998  76.0  8.1  7.8  0.3   3  36.6  181.5 355  346  590  244  284  590  306
10 1999  92.2 16.2 12.3  3.9  24  85.6  267.1 436  392  573  181  311  618  307
11 2000 107.8 15.6 14.1  1.5   9  98.0  365.1 400  386  532  146  292  560  268
12 2001 119.2 11.4  8.1  3.3  28  81.3  446.4 455  396  601  205  331  670  339
13 2002 130.6 11.4  5.4  6.0  52  89.5  535.8 505  389  609  220  361  707  346
14 2003 142.9 12.3  8.7  3.6  29 105.7  641.5 460  406  590  184  361  649  288
15 2004 151.9  9.0  6.3  2.7  30  83.4  724.9 431  380  551  171  347  589  242
16 2005 160.0  8.1  6.3  1.8  22  79.4  804.2 437  373  658  285  335  696  361
17 2006 166.0  6.0  3.9  2.1  35  61.4  865.7 468  400  596  196  351  650  299
18 2007 174.4  8.4  5.7  2.7  32  89.8  955.5 480  414  619  205  357  679  322
19 2008 180.7  6.3  4.8  1.5  23  70.3 1025.8 448  387  643  256  351  705  354
20 2009 186.7  6.0  4.5  1.5  25  69.3 1095.1 464  408  632  224  363  665  302
21 2010 191.2  4.5  3.6  0.9  20  53.4 1148.5 442  411  566  155  358  624  266
22 2011 196.9  5.7  3.6  2.1  36  69.5 1218.0 466  391  593  202  370  634  264
23 2012 205.9  9.0  4.2  4.8  53 113.9 1331.9 537  405  653  248  350  708  358
24 2013 213.1  7.2  4.2  3.0  41  94.8 1426.6 513  422  640  218  393  750  357
25 2014 217.3  4.2  2.7  1.5  35  56.8 1483.4 471  396  607  211  371  687  316
26 2015 221.8  4.5  2.7  1.8  40  62.1 1545.5 467  388  585  197  356  645  289
27 2016 225.4  3.6  2.4  1.2  33  50.6 1596.1 429  353  582  229  205  640  435

Core Length:  215.4 mm
Core Density: 443 kg/m3
Cross-sectional Density:  454 kg/m3
Early/Latewood Threshold: 500 kg/m3
Attenuation Constant: 3.09

ִִִִִִִִִִִִִִִִִִִִִִִִִִִִִִִִִִִִִִִִִִִִִִִִִִִִִִִִִִִִִִִִִִִִִִִִִִִִִִִ
Core : 18
ֲֲֲִִִִִִִִִִִִִִִִִִִִִִִִִִִִִִִִִִִִִִִִִִִִִִִִִִִִִִִִִִִִִִִִִִִִִִִִִִִִ
       ³Widths (mm)              ³ Areas    ³ Densities (kg/m3)
       ³                         ³ (cm‎)    ³
Ring   ³Outer Ring Erly Late   % ³Incr Total³Ring E/Wd L/Wd Unif  Min  Max  Rng
 # Year³ Rad.      Wood Wood  LW ³          ³mean mean mean
ֱֱֱִִִִִִִִִִִִִִִִִִִִִִִִִִִִִִִִִִִִִִִִִִִִִִִִִִִִִִִִִִִִִִִִִִִִִִִִִִִִ

 1 1990   4.5  4.5  4.5  0.0   0   0.6    0.6 296  296    0    0  209  388  179
 2 1991  15.3 10.8 10.8  0.0   0   6.7    7.4 322  322    0    0  255  449  194
 3 1992  37.8 22.5 22.5  0.0   0  37.5   44.9 298  298    0    0  238  426  188
 4 1993  66.9 29.1 29.1  0.0   0  95.7  140.6 287  287    0    0  223  396  173
 5 1994  95.1 28.2 28.2  0.0   0 143.5  284.1 305  305    0    0  231  470  239
 6 1995 117.3 22.2 21.3  0.9   4 148.1  432.3 323  315  528  213  244  540  296
 7 1996 133.5 16.2 15.6  0.6   3 127.6  559.9 347  340  520  180  275  538  263
 8 1997 151.8 18.3 17.4  0.9   4 164.0  723.9 350  342  509  167  255  519  264
 9 1998 160.2  8.4  7.8  0.6   7  82.3  806.3 344  330  526  196  267  543  276
10 1999 174.3 14.1 14.1  0.0   0 148.2  954.4 346  346    0    0  259  498  239
11 2000 187.8 13.5 12.6  0.9   6 153.6 1108.0 329  315  532  217  242  542  300
12 2001 204.6 16.8 15.6  1.2   7 207.1 1315.1 345  332  516  184  255  530  275
13 2002 210.9  6.3  5.1  1.2  19  82.2 1397.3 343  291  565  274  257  591  334
14 2003 215.4  4.5  3.9  0.6  13  60.3 1457.6 378  345  596  251  286  605  319
15 2004 220.5  5.1  4.5  0.6  11  69.8 1527.5 359  330  580  250  287  590  303
16 2005 226.5  6.0  4.8  1.2  20  84.3 1611.7 365  312  581  269  280  619  339
17 2006 230.4  3.9  3.0  0.9  23  56.0 1667.7 384  320  597  277  280  633  353
18 2007 235.5  5.1  4.5  0.6  11  74.6 1742.3 377  350  579  229  277  633  356
19 2008 240.3  4.8  3.6  1.2  25  71.7 1814.1 382  323  558  235  267  603  336
20 2009 246.6  6.3  4.8  1.5  23  96.4 1910.5 399  349  560  211  277  634  357
21 2010 252.9  6.3  5.4  0.9  14  98.9 2009.3 371  339  562  223  257  598  341
22 2011 256.2  3.3  2.7  0.6  18  52.8 2062.1 362  316  569  253  284  618  334
23 2012 259.8  3.6  2.4  1.2  33  58.4 2120.5 437  370  571  201  299  629  330
24 2013 263.7  3.9  2.4  1.5  38  64.1 2184.6 434  356  558  202  313  619  306
25 2014 267.3  3.6  2.4  1.2  33  60.1 2244.6 430  358  574  216  294  597  303
26 2015 270.3  3.0  2.4  0.6  20  50.7 2295.3 425  388  574  186  320  599  279
27 2016 272.1  1.8  1.5  0.3  16  30.7 2326.0 391  360  545  185  320  545  225

Core Length:  272.1 mm
Core Density: 360 kg/m3
Cross-sectional Density:  355 kg/m3
Early/Latewood Threshold: 500 kg/m3
Attenuation Constant: 3.09

ִִִִִִִִִִִִִִִִִִִִִִִִִִִִִִִִִִִִִִִִִִִִִִִִִִִִִִִִִִִִִִִִִִִִִִִִִִִִִִִ
Core : 20
ֲֲֲִִִִִִִִִִִִִִִִִִִִִִִִִִִִִִִִִִִִִִִִִִִִִִִִִִִִִִִִִִִִִִִִִִִִִִִִִִִִ
       ³Widths (mm)              ³ Areas    ³ Densities (kg/m3)
       ³                         ³ (cm‎)    ³
Ring   ³Outer Ring Erly Late   % ³Incr Total³Ring E/Wd L/Wd Unif  Min  Max  Rng
 # Year³ Rad.      Wood Wood  LW ³          ³mean mean mean
ֱֱֱִִִִִִִִִִִִִִִִִִִִִִִִִִִִִִִִִִִִִִִִִִִִִִִִִִִִִִִִִִִִִִִִִִִִִִִִִִִִ

 2 1991  15.4 15.4 11.4  0.0   0   7.5    7.5 324  324    0    0  236  447  211
 3 1992  39.1 23.7 22.8  0.9   3  40.6   48.0 312  305  509  204  241  511  270
 4 1993  64.9 25.8 25.2  0.6   2  84.3  132.3 320  316  504  188  251  505  254
 5 1994  85.6 20.7 19.8  0.9   4  97.9  230.2 323  313  553  240  246  603  357
 6 1995 106.6 21.0 19.8  1.2   5 126.8  357.0 345  333  546  213  256  578  322
 7 1996 122.8 16.2 15.6  0.6   3 116.8  473.7 349  342  535  193  261  560  299
 8 1997 135.1 12.3 10.8  1.5  12  99.7  573.4 360  334  544  210  288  558  270
 9 1998 142.6  7.5  6.9  0.6   8  65.4  638.8 343  325  554  229  296  566  270
10 1999 153.4 10.8  8.7  2.1  19 100.4  739.3 421  379  597  218  325  667  342
11 2000 169.9 16.5 14.4  2.1  12 167.6  906.9 383  363  521  158  295  547  252
12 2001 185.5 15.6 13.8  1.8  11 174.2 1081.0 379  359  537  178  283  595  312
13 2002 199.0 13.5  9.9  3.6  26 163.1 1244.1 423  359  598  239  296  646  350
14 2003 208.6  9.6  7.8  1.8  18 122.9 1367.0 405  363  587  224  309  617  308
15 2004 215.2  6.6  4.8  1.8  27  87.9 1454.9 409  349  567  218  291  624  333
16 2005 224.2  9.0  5.7  3.3  36 124.2 1579.1 440  360  578  218  308  628  320
17 2006 233.2  9.0  4.8  4.2  46 129.3 1708.5 468  361  590  229  312  616  304
18 2007 245.8 12.6  5.7  6.9  54 189.6 1898.1 477  378  559  181  308  606  298
19 2008 255.4  9.6  7.2  2.4  24 151.2 2049.2 414  358  582  224  297  640  343
20 2009 262.0  6.6  5.1  1.5  22 107.3 2156.5 414  366  577  211  308  605  297
21 2010 266.8  4.8  3.9  0.9  18  79.7 2236.3 405  364  581  217  299  614  315
22 2011 269.8  3.0  2.4  0.6  20  50.6 2286.8 394  342  600  258  306  601  295
23 2012 271.9  2.1  1.5  0.6  28  35.7 2322.6 412  343  583  240  274  593  319
24 2013 274.0  2.1  1.8  0.3  14  36.0 2358.6 386  347  617  270  330  617  287
25 2014 275.8  1.8  1.5  0.3  16  31.1 2389.7 415  388  551  163  344  551  207
26 2015 277.6  1.8  1.2  0.6  33  31.3 2421.0 443  379  569  190  341  574  233
27 2016 279.4  1.8  1.5  0.3  16  31.5 2452.5 398  362  576  214  292  576  284

Core Length:  275.4 mm
Core Density: 390 kg/m3
Cross-sectional Density:  398 kg/m3
Early/Latewood Threshold: 500 kg/m3
Attenuation Constant: 3.09

ִִִִִִִִִִִִִִִִִִִִִִִִִִִִִִִִִִִִִִִִִִִִִִִִִִִִִִִִִִִִִִִִִִִִִִִִִִִִִִִ
Core : 45
ֲֲֲִִִִִִִִִִִִִִִִִִִִִִִִִִִִִִִִִִִִִִִִִִִִִִִִִִִִִִִִִִִִִִִִִִִִִִִִִִִִ
       ³Widths (mm)              ³ Areas    ³ Densities (kg/m3)
       ³                         ³ (cm‎)    ³
Ring   ³Outer Ring Erly Late   % ³Incr Total³Ring E/Wd L/Wd Unif  Min  Max  Rng
 # Year³ Rad.      Wood Wood  LW ³          ³mean mean mean
ֱֱֱִִִִִִִִִִִִִִִִִִִִִִִִִִִִִִִִִִִִִִִִִִִִִִִִִִִִִִִִִִִִִִִִִִִִִִִִִִִִ

 1 1990   5.4  5.4  5.1  0.3   5   0.9    0.9 349  339  514  175  150  514  364
 2 1991  16.5 11.1 11.1  0.0   0   7.6    8.6 326  326    0    0  269  432  163
 3 1992  41.1 24.6 24.6  0.0   0  44.5   53.1 284  284    0    0  229  413  184
 4 1993  75.0 33.9 33.9  0.0   0 123.6  176.7 297  297    0    0  229  416  187
 5 1994  98.7 23.7 23.7  0.0   0 129.3  306.0 311  311    0    0  235  491  256
 6 1995 118.5 19.8 18.9  0.9   4 135.1  441.2 330  321  518  197  253  534  281
 7 1996 133.5 15.0 14.4  0.6   4 118.8  559.9 336  327  541  214  260  577  317
 8 1997 147.9 14.4 12.6  1.8  12 127.3  687.2 359  334  533  199  293  546  253
 9 1998 153.6  5.7  5.7  0.0   0  54.0  741.2 334  334    0    0  278  481  203
10 1999 166.5 12.9 11.1  1.8  13 129.7  870.9 377  354  520  166  285  534  249
11 2000 181.5 15.0 14.1  0.9   6 164.0 1034.9 345  335  508  173  258  515  257
12 2001 195.9 14.4 12.6  1.8  12 170.7 1205.6 346  320  524  204  258  542  284
13 2002 204.3  8.4  7.2  1.2  14 105.6 1311.3 352  320  545  225  251  621  370
14 2003 211.5  7.2  6.6  0.6   8  94.1 1405.3 359  344  528  184  267  530  263
15 2004 217.2  5.7  5.1  0.6  10  76.8 1482.1 342  318  544  226  262  563  301
16 2005 224.4  7.2  6.0  1.2  16  99.9 1582.0 372  331  577  246  285  612  327
17 2006 230.4  6.0  4.8  1.2  20  85.7 1667.7 371  327  547  220  281  579  298
18 2007 234.9  4.5  4.5  0.0   0  65.8 1733.5 340  340    0    0  283  469  186
19 2008 237.6  2.7  2.7  0.0   0  40.1 1773.5 356  356    0    0  288  481  193
20 2009 240.9  3.3  2.7  0.6  18  49.6 1823.2 403  365  574  209  320  595  275
21 2010 244.5  3.6  3.0  0.6  16  54.9 1878.1 396  370  529  159  312  543  231
22 2011 247.2  2.7  2.1  0.6  22  41.7 1919.8 394  360  513  153  321  515  194
23 2012 248.7  1.5  1.5  0.0   0  23.4 1943.1 426  426    0    0  368  466   98
24 2013 250.8  2.1  1.5  0.6  28  33.0 1976.1 422  381  527  146  324  549  225
25 2014 253.2  2.4  1.8  0.6  24  38.0 2014.1 447  415  542  127  318  546  228
26 2015 256.2  3.0  2.4  0.6  20  48.0 2062.1 431  404  543  139  346  584  238
27 2016 258.0  1.8  1.5  0.3  16  29.1 2091.2 417  394  534  140  328  534  206

Core Length:  258.0 mm
Core Density: 363 kg/m3
Cross-sectional Density:  353 kg/m3
Early/Latewood Threshold: 500 kg/m3
Attenuation Constant: 3.09

ִִִִִִִִִִִִִִִִִִִִִִִִִִִִִִִִִִִִִִִִִִִִִִִִִִִִִִִִִִִִִִִִִִִִִִִִִִִִִִִ
Core : 24
ֲֲֲִִִִִִִִִִִִִִִִִִִִִִִִִִִִִִִִִִִִִִִִִִִִִִִִִִִִִִִִִִִִִִִִִִִִִִִִִִִִ
       ³Widths (mm)              ³ Areas    ³ Densities (kg/m3)
       ³                         ³ (cm‎)    ³
Ring   ³Outer Ring Erly Late   % ³Incr Total³Ring E/Wd L/Wd Unif  Min  Max  Rng
 # Year³ Rad.      Wood Wood  LW ³          ³mean mean mean
ֱֱֱִִִִִִִִִִִִִִִִִִִִִִִִִִִִִִִִִִִִִִִִִִִִִִִִִִִִִִִִִִִִִִִִִִִִִִִִִִִִ

 1 1991  14.1 14.1 14.1  0.0   0   6.2    6.2 287  287    0    0  244  416  172
 2 1992  39.3 25.2 25.2  0.0   0  42.3   48.5 287  287    0    0  225  484  259
 3 1993  67.2 27.9 27.9  0.0   0  93.3  141.9 284  284    0    0  222  429  207
 4 1994  84.9 17.7 16.8  0.9   5  84.6  226.4 312  299  542  243  232  565  333
 5 1995 100.8 15.9 15.6  0.3   1  92.8  319.2 315  311  523  212  243  523  280
 6 1996 113.4 12.6 12.0  0.6   4  84.8  404.0 326  314  552  238  230  552  322
 7 1997 122.7  9.3  8.4  0.9   9  69.0  473.0 351  326  582  256  280  618  338
 8 1998 127.5  4.8  4.5  0.3   6  37.7  510.7 366  353  553  200  288  553  265
 9 1999 136.5  9.0  6.9  2.1  23  74.6  585.3 437  389  597  208  332  623  291
10 2000 149.4 12.9 11.1  1.8  13 115.9  701.2 367  342  522  180  281  556  275
11 2001 158.4  9.0  8.4  0.6   6  87.0  788.2 333  315  578  263  252  604  352
12 2002 162.0  3.6  2.4  1.2  33  36.2  824.5 436  343  622  279  294  674  380
13 2003 166.5  4.5  3.3  1.2  26  46.4  870.9 429  376  573  197  335  655  320
14 2004 170.4  3.9  3.0  0.9  23  41.3  912.2 391  334  579  245  300  606  306
15 2005 175.5  5.1  3.6  1.5  29  55.4  967.6 411  340  583  243  272  657  385
16 2006 178.5  3.0  1.8  1.2  40  33.4 1001.0 448  359  581  222  289  618  329
17 2007 185.7  7.2  5.4  1.8  24  82.4 1083.4 406  348  582  234  305  643  338
18 2008 191.4  5.7  4.2  1.5  26  67.5 1150.9 409  357  555  198  307  643  336
19 2009 196.5  5.1  3.6  1.5  29  62.1 1213.0 445  378  605  227  317  638  321
20 2010 201.0  4.5  3.0  1.5  33  56.2 1269.2 453  383  593  210  324  659  335
21 2011 205.5  4.5  2.7  1.8  40  57.5 1326.7 443  359  568  209  313  611  298
22 2012 209.4  3.9  3.0  0.9  23  50.8 1377.5 414  359  595  236  295  642  347
23 2013 212.7  3.3  2.7  0.6  18  43.8 1421.3 390  344  597  253  278  629  351
24 2014 216.3  3.6  2.4  1.2  33  48.5 1469.8 424  346  579  233  270  638  368
25 2015 219.6  3.3  2.4  0.9  27  45.2 1515.0 426  363  596  233  312  635  323
26 2016 221.7  2.1  1.8  0.3  14  29.1 1544.1 360  333  527  194  283  527  244

Core Length:  221.7 mm
Core Density: 382 kg/m3
Cross-sectional Density:  377 kg/m3
Early/Latewood Threshold: 500 kg/m3
Attenuation Constant: 3.09

ִִִִִִִִִִִִִִִִִִִִִִִִִִִִִִִִִִִִִִִִִִִִִִִִִִִִִִִִִִִִִִִִִִִִִִִִִִִִִִִ
Core : 47
ֲֲֲִִִִִִִִִִִִִִִִִִִִִִִִִִִִִִִִִִִִִִִִִִִִִִִִִִִִִִִִִִִִִִִִִִִִִִִִִִִִ
       ³Widths (mm)              ³ Areas    ³ Densities (kg/m3)
       ³                         ³ (cm‎)    ³
Ring   ³Outer Ring Erly Late   % ³Incr Total³Ring E/Wd L/Wd Unif  Min  Max  Rng
 # Year³ Rad.      Wood Wood  LW ³          ³mean mean mean
ֱֱֱִִִִִִִִִִִִִִִִִִִִִִִִִִִִִִִִִִִִִִִִִִִִִִִִִִִִִִִִִִִִִִִִִִִִִִִִִִִִ

 2 1991  25.3 25.3 18.3  0.0   0  20.1   20.1 296  296    0    0  239  388  149
 3 1992  47.8 22.5 22.5  0.0   0  51.7   71.8 272  272    0    0  223  449  226
 4 1993  77.2 29.4 29.4  0.0   0 115.5  187.2 285  285    0    0  212  423  211
 5 1994  94.9 17.7 17.1  0.6   3  95.7  282.9 321  314  503  189  217  507  290
 6 1995 115.3 20.4 19.8  0.6   2 134.7  417.6 313  306  536  230  236  551  315
 7 1996 128.5 13.2 12.6  0.6   4 101.1  518.7 328  317  562  245  244  608  364
 8 1997 136.0  7.5  6.3  1.2  16  62.3  581.1 358  319  563  244  249  589  340
 9 1998 139.9  3.9  3.9  0.0   0  33.8  614.9 309  309    0    0  251  467  216
10 1999 146.5  6.6  6.0  0.6   9  59.4  674.3 371  350  580  230  289  603  314
11 2000 151.9  5.4  4.5  0.9  16  50.6  724.9 365  319  593  274  260  628  368
12 2001 159.4  7.5  6.3  1.2  16  73.3  798.2 378  343  565  222  275  606  331
13 2002 165.4  6.0  3.9  2.1  35  61.2  859.5 422  328  595  267  270  639  369
14 2003 170.2  4.8  3.3  1.5  31  50.6  910.1 451  389  588  199  351  621  270
15 2004 172.9  2.7  2.4  0.3  11  29.1  939.2 398  377  567  190  321  567  246
16 2005 174.4  1.5  0.9  0.6  40  16.4  955.5 492  428  589  161  381  595  214
17 2006 176.2  1.8  1.2  0.6  33  19.8  975.4 482  457  531   74  414  547  133
18 2007 179.8  3.6  2.7  0.9  25  40.3 1015.6 481  435  619  184  389  653  264
19 2008 182.2  2.4  1.8  0.6  24  27.3 1042.9 473  429  603  174  365  612  247
20 2009 185.2  3.0  2.1  0.9  30  34.6 1077.5 462  420  561  141  360  622  262
21 2010 187.0  1.8  0.9  0.9  50  21.0 1098.6 514  444  584  140  376  609  233
22 2011 189.1  2.1  0.9  1.2  57  24.8 1123.4 506  416  573  157  366  650  284
23 2012 191.2  2.1  0.6  1.5  71  25.1 1148.5 523  397  573  176  395  657  262
24 2013 193.9  2.7  1.2  1.5  55  32.7 1181.2 536  422  627  205  357  718  361
25 2014 196.3  2.4  0.9  1.5  62  29.4 1210.6 547  413  627  214  352  710  358
26 2015 198.4  2.1  1.5  0.6  28  26.0 1236.6 468  422  584  162  384  647  263
27 2016 200.2  1.8  0.6  1.2  66  22.5 1259.2 529  447  571  124  412  632  220

Core Length:  193.2 mm
Core Density: 418 kg/m3
Cross-sectional Density:  381 kg/m3
Early/Latewood Threshold: 500 kg/m3
Attenuation Constant: 3.09

ִִִִִִִִִִִִִִִִִִִִִִִִִִִִִִִִִִִִִִִִִִִִִִִִִִִִִִִִִִִִִִִִִִִִִִִִִִִִִִִ
Core : 50
ֲֲֲִִִִִִִִִִִִִִִִִִִִִִִִִִִִִִִִִִִִִִִִִִִִִִִִִִִִִִִִִִִִִִִִִִִִִִִִִִִִ
       ³Widths (mm)              ³ Areas    ³ Densities (kg/m3)
       ³                         ³ (cm‎)    ³
Ring   ³Outer Ring Erly Late   % ³Incr Total³Ring E/Wd L/Wd Unif  Min  Max  Rng
 # Year³ Rad.      Wood Wood  LW ³          ³mean mean mean
ֱֱֱִִִִִִִִִִִִִִִִִִִִִִִִִִִִִִִִִִִִִִִִִִִִִִִִִִִִִִִִִִִִִִִִִִִִִִִִִִִִ

 1 1990   3.3  3.3  3.3  0.0   0   0.3    0.3 336  336    0    0  230  414  184
 2 1991  13.8 10.5 10.5  0.0   0   5.6    6.0 368  368    0    0  308  486  178
 3 1992  39.0 25.2 24.9  0.3   1  41.8   47.8 350  348  517  169  278  517  239
 4 1993  69.3 30.3 30.3  0.0   0 103.1  150.9 353  353    0    0  280  463  183
 5 1994  97.2 27.9 27.3  0.6   2 145.9  296.8 337  334  504  170  243  505  262
 6 1995 117.6 20.4 19.8  0.6   2 137.7  434.5 336  331  531  200  269  544  275
 7 1996 134.1 16.5 15.3  1.2   7 130.5  564.9 328  313  519  206  254  534  280
 8 1997 148.2 14.1 13.8  0.3   2 125.0  690.0 338  334  510  176  281  510  229
 9 1998 157.2  9.0  8.4  0.6   6  86.3  776.3 324  311  510  199  262  521  259
10 1999 169.8 12.6 12.3  0.3   2 129.4  905.8 352  348  507  159  290  507  217
11 2000 181.8 12.0 12.0  0.0   0 132.6 1038.3 328  328    0    0  263  477  214
12 2001 192.9 11.1 10.5  0.6   5 130.7 1169.0 353  342  539  197  268  565  297
13 2002 203.1 10.2  9.9  0.3   2 126.9 1295.9 340  333  575  242  273  575  302
14 2003 210.9  7.8  7.5  0.3   3 101.4 1397.3 365  358  554  196  291  554  263
15 2004 216.9  6.0  5.4  0.6  10  80.6 1478.0 363  344  526  182  263  546  283
16 2005 225.0  8.1  7.2  0.9  11 112.4 1590.4 359  336  540  204  262  544  282
17 2006 236.4 11.4 10.8  0.6   5 165.2 1755.7 353  343  529  186  266  551  285
18 2007 251.7 15.3 14.4  0.9   5 234.6 1990.3 342  332  505  173  233  512  279
19 2008 261.0  9.3  9.0  0.3   3 149.8 2140.1 348  341  557  216  263  557  294
20 2009 270.6  9.6  8.4  1.2  12 160.3 2300.4 363  338  544  206  276  558  282
21 2010 277.8  7.2  6.9  0.3   4 124.0 2424.5 370  361  559  198  307  559  252
22 2011 282.6  4.8  4.2  0.6  12  84.5 2509.0 385  367  510  143  295  514  219
23 2012 286.8  4.2  3.9  0.3   7  75.1 2584.1 363  349  543  194  288  543  255
24 2013 290.1  3.3  2.7  0.6  18  59.8 2643.9 389  351  561  210  295  577  282
25 2014 291.9  1.8  1.8  0.0   0  32.9 2676.8 398  398    0    0  292  487  195
26 2015 293.1  1.2  1.2  0.0   0  22.1 2698.9 384  384    0    0  285  464  179
27 2016 294.9  1.8  1.5  0.3  16  33.3 2732.1 400  380  501  121  303  501  198

Core Length:  294.9 mm
Core Density: 356 kg/m3
Cross-sectional Density:  351 kg/m3
Early/Latewood Threshold: 500 kg/m3
Attenuation Constant: 3.09

ִִִִִִִִִִִִִִִִִִִִִִִִִִִִִִִִִִִִִִִִִִִִִִִִִִִִִִִִִִִִִִִִִִִִִִִִִִִִִִִ
Core : 53
ֲֲֲִִִִִִִִִִִִִִִִִִִִִִִִִִִִִִִִִִִִִִִִִִִִִִִִִִִִִִִִִִִִִִִִִִִִִִִִִִִִ
       ³Widths (mm)              ³ Areas    ³ Densities (kg/m3)
       ³                         ³ (cm‎)    ³
Ring   ³Outer Ring Erly Late   % ³Incr Total³Ring E/Wd L/Wd Unif  Min  Max  Rng
 # Year³ Rad.      Wood Wood  LW ³          ³mean mean mean
ֱֱֱִִִִִִִִִִִִִִִִִִִִִִִִִִִִִִִִִִִִִִִִִִִִִִִִִִִִִִִִִִִִִִִִִִִִִִִִִִִִ

 2 1991  13.9 13.9  9.9  0.0   0   6.1    6.1 320  320    0    0  270  393  123
 3 1992  37.9 24.0 24.0  0.0   0  39.1   45.1 302  302    0    0  260  416  156
 4 1993  69.4 31.5 31.5  0.0   0 106.2  151.3 309  309    0    0  242  421  179
 5 1994  91.0 21.6 21.0  0.6   2 108.8  260.2 304  298  509  211  216  510  294
 6 1995 105.7 14.7 14.4  0.3   2  90.8  351.0 322  318  503  185  256  503  247
 7 1996 115.6  9.9  9.9  0.0   0  68.8  419.8 310  310    0    0  251  488  237
 8 1997 124.0  8.4  7.5  0.9  10  63.2  483.1 353  333  521  188  279  531  252
 9 1998 129.1  5.1  5.1  0.0   0  40.6  523.6 316  316    0    0  248  486  238
10 1999 135.4  6.3  4.8  1.5  23  52.3  576.0 433  400  542  142  304  561  257
11 2000 143.8  8.4  7.5  0.9  10  73.7  649.6 358  338  526  188  261  534  273
12 2001 153.7  9.9  8.1  1.8  18  92.5  742.2 370  332  542  210  282  562  280
13 2002 160.6  6.9  5.1  1.8  26  68.1  810.3 385  324  556  232  288  614  326
14 2003 166.0  5.4  4.5  0.9  16  55.4  865.7 398  369  539  170  288  569  281
15 2004 169.6  3.6  3.0  0.6  16  38.0  903.7 376  340  561  221  270  565  295
16 2005 174.7  5.1  3.3  1.8  35  55.2  958.8 430  360  558  198  288  627  339
17 2006 178.9  4.2  2.7  1.5  35  46.7 1005.5 425  354  552  198  286  601  315
18 2007 183.4  4.5  3.6  0.9  20  51.2 1056.7 412  372  571  199  298  579  281
19 2008 188.2  4.8  3.3  1.5  31  56.0 1112.7 424  357  569  212  285  612  327
20 2009 191.5  3.3  2.1  1.2  36  39.4 1152.1 429  373  528  155  315  556  241
21 2010 195.1  3.6  2.4  1.2  33  43.7 1195.8 431  376  540  164  305  575  270
22 2011 198.7  3.6  3.0  0.6  16  44.5 1240.4 414  394  517  123  303  521  218
23 2012 201.1  2.4  2.1  0.3  12  30.1 1270.5 408  384  575  191  280  575  295
24 2013 203.2  2.1  1.2  0.9  42  26.7 1297.2 444  358  559  201  298  580  282
25 2014 205.6  2.4  1.2  1.2  50  30.8 1328.0 478  387  569  182  329  602  273
26 2015 210.1  4.5  2.7  1.8  40  58.8 1386.8 439  370  542  172  291  562  271
27 2016 213.7  3.6  3.6  0.0   0  47.9 1434.7 386  386    0    0  294  494  200

Core Length:  209.7 mm
Core Density: 383 kg/m3
Cross-sectional Density:  374 kg/m3
Early/Latewood Threshold: 500 kg/m3
Attenuation Constant: 3.09

ִִִִִִִִִִִִִִִִִִִִִִִִִִִִִִִִִִִִִִִִִִִִִִִִִִִִִִִִִִִִִִִִִִִִִִִִִִִִִִִ
Core : 61
ֲֲֲִִִִִִִִִִִִִִִִִִִִִִִִִִִִִִִִִִִִִִִִִִִִִִִִִִִִִִִִִִִִִִִִִִִִִִִִִִִִ
       ³Widths (mm)              ³ Areas    ³ Densities (kg/m3)
       ³                         ³ (cm‎)    ³
Ring   ³Outer Ring Erly Late   % ³Incr Total³Ring E/Wd L/Wd Unif  Min  Max  Rng
 # Year³ Rad.      Wood Wood  LW ³          ³mean mean mean
ֱֱֱִִִִִִִִִִִִִִִִִִִִִִִִִִִִִִִִִִִִִִִִִִִִִִִִִִִִִִִִִִִִִִִִִִִִִִִִִִִִ

 2 1991  13.4 13.4 11.4  0.0   0   5.6    5.6 339  339    0    0  279  470  191
 3 1992  38.0 24.6 24.6  0.0   0  39.7   45.4 286  286    0    0  218  442  224
 4 1993  70.7 32.7 32.7  0.0   0 111.7  157.0 316  316    0    0  234  415  181
 5 1994  93.5 22.8 22.2  0.6   2 117.6  274.6 326  321  505  184  247  506  259
 6 1995 115.1 21.6 21.3  0.3   1 141.6  416.2 329  327  501  174  256  501  245
 7 1996 133.4 18.3 17.7  0.6   3 142.9  559.1 318  311  525  214  244  544  300
 8 1997 146.6 13.2 12.0  1.2   9 116.1  675.2 346  329  514  185  279  532  253
 9 1998 152.0  5.4  5.1  0.3   5  50.7  725.8 349  339  513  174  266  513  247
10 1999 165.2 13.2 11.1  2.1  15 131.5  857.4 386  354  554  200  281  574  293
11 2000 176.3 11.1 10.5  0.6   5 119.1  976.5 352  341  534  193  259  538  279
12 2001 187.4 11.1 10.5  0.6   5 126.8 1103.3 370  361  520  159  254  536  282
13 2002 196.7  9.3  6.3  3.0  32 112.2 1215.5 412  347  548  201  256  621  365
14 2003 206.6  9.9  7.2  2.7  27 125.4 1340.9 410  355  557  202  288  622  334
15 2004 212.9  6.3  5.1  1.2  19  83.0 1424.0 383  342  561  219  288  584  296
16 2005 218.9  6.0  5.1  0.9  15  81.4 1505.4 379  346  567  221  291  623  332
17 2006 221.9  3.0  2.1  0.9  30  41.5 1546.9 431  364  587  223  313  611  298
18 2007 226.7  4.8  2.7  2.1  43  67.6 1614.6 467  366  598  232  324  621  297
19 2008 230.6  3.9  3.0  0.9  23  56.0 1670.6 400  351  564  213  281  590  309
20 2009 233.9  3.3  2.7  0.6  18  48.2 1718.7 400  359  587  228  304  610  306
21 2010 236.6  2.7  1.8  0.9  33  39.9 1758.6 436  387  535  148  331  565  234
22 2011 238.7  2.1  0.9  1.2  57  31.4 1790.0 481  353  577  224  298  593  295
23 2012 241.7  3.0  2.1  0.9  30  45.3 1835.3 442  373  601  228  303  647  344
24 2013 244.7  3.0  2.7  0.3  10  45.8 1881.1 408  393  543  150  291  543  252
25 2014 245.9  1.2  0.9  0.3  25  18.5 1899.6 425  391  530  139  350  530  180
26 2015 247.4  1.5  1.2  0.3  20  23.2 1922.9 432  396  577  181  324  577  253
27 2016 249.2  1.8  1.2  0.6  33  28.1 1950.9 426  375  529  154  337  530  193

Core Length:  247.2 mm
Core Density: 386 kg/m3
Cross-sectional Density:  373 kg/m3
Early/Latewood Threshold: 500 kg/m3
Attenuation Constant: 3.09

ִִִִִִִִִִִִִִִִִִִִִִִִִִִִִִִִִִִִִִִִִִִִִִִִִִִִִִִִִִִִִִִִִִִִִִִִִִִִִִִ
Core : 68
ֲֲֲִִִִִִִִִִִִִִִִִִִִִִִִִִִִִִִִִִִִִִִִִִִִִִִִִִִִִִִִִִִִִִִִִִִִִִִִִִִִ
       ³Widths (mm)              ³ Areas    ³ Densities (kg/m3)
       ³                         ³ (cm‎)    ³
Ring   ³Outer Ring Erly Late   % ³Incr Total³Ring E/Wd L/Wd Unif  Min  Max  Rng
 # Year³ Rad.      Wood Wood  LW ³          ³mean mean mean
ֱֱֱִִִִִִִִִִִִִִִִִִִִִִִִִִִִִִִִִִִִִִִִִִִִִִִִִִִִִִִִִִִִִִִִִִִִִִִִִִִִ

 1 1990  10.2 10.2 10.2  0.0   0   3.3    3.3 331  331    0    0  266  380  114
 2 1991  19.8  9.6  9.6  0.0   0   9.0   12.3 351  351    0    0  286  475  189
 3 1992  42.6 22.8 22.8  0.0   0  44.7   57.0 276  276    0    0  219  411  192
 4 1993  73.5 30.9 30.9  0.0   0 112.7  169.7 295  295    0    0  238  420  182
 5 1994  98.1 24.6 24.6  0.0   0 132.6  302.3 296  296    0    0  230  496  266
 6 1995 118.8 20.7 20.1  0.6   2 141.1  443.4 326  319  566  247  249  574  325
 7 1996 137.7 18.9 17.7  1.2   6 152.3  595.7 349  336  544  208  239  567  328
 8 1997 155.1 17.4 16.5  0.9   5 160.1  755.7 340  330  522  192  260  551  291
 9 1998 163.8  8.7  7.8  0.9  10  87.2  842.9 338  318  508  190  282  517  235
10 1999 177.6 13.8 12.3  1.5  10 148.0  990.9 372  354  520  166  291  534  243
11 2000 192.3 14.7 13.5  1.2   8 170.8 1161.7 348  333  518  185  277  549  272
12 2001 206.4 14.1 13.5  0.6   4 176.6 1338.3 358  351  528  177  270  532  262
13 2002 217.5 11.1  9.6  1.5  13 147.8 1486.2 357  327  547  220  249  609  360
14 2003 230.7 13.2 12.0  1.2   9 185.9 1672.0 358  338  556  218  266  613  347
15 2004 239.1  8.4  6.9  1.5  17 124.0 1796.0 358  318  543  225  274  569  295
16 2005 246.9  7.8  6.6  1.2  15 119.1 1915.1 357  324  537  213  292  550  258
17 2006 252.6  5.7  4.5  1.2  21  89.4 2004.5 385  342  546  204  297  577  280
18 2007 258.6  6.0  4.8  1.2  20  96.4 2100.9 399  353  582  229  286  633  347
19 2008 264.0  5.4  4.5  0.9  16  88.7 2189.6 385  349  565  216  311  600  289
20 2009 268.5  4.5  3.6  0.9  20  75.3 2264.8 404  361  577  216  311  620  309
21 2010 271.2  2.7  2.4  0.3  11  45.8 2310.6 380  364  513  149  312  513  201
22 2011 271.8  0.6  0.6  0.0   0  10.2 2320.9 391  391    0    0  369  413   44
23 2012 272.4  0.6  0.6  0.0   0  10.3 2331.1 400  400    0    0  380  421   41
24 2013 273.3  0.9  0.9  0.0   0  15.4 2346.5 383  383    0    0  350  409   59
25 2014 274.2  0.9  0.6  0.3  33  15.5 2362.0 438  406  503   97  392  503  111
26 2015 275.7  1.5  1.2  0.3  20  25.9 2387.9 429  398  550  152  324  550  226
27 2016 276.9  1.2  0.6  0.6  49  20.8 2408.8 471  401  541  140  359  558  199

Core Length:  276.9 mm
Core Density: 365 kg/m3
Cross-sectional Density:  353 kg/m3
Early/Latewood Threshold: 500 kg/m3
Attenuation Constant: 3.09

ִִִִִִִִִִִִִִִִִִִִִִִִִִִִִִִִִִִִִִִִִִִִִִִִִִִִִִִִִִִִִִִִִִִִִִִִִִִִִִִ
Core : 72
ֲֲֲִִִִִִִִִִִִִִִִִִִִִִִִִִִִִִִִִִִִִִִִִִִִִִִִִִִִִִִִִִִִִִִִִִִִִִִִִִִִ
       ³Widths (mm)              ³ Areas    ³ Densities (kg/m3)
       ³                         ³ (cm‎)    ³
Ring   ³Outer Ring Erly Late   % ³Incr Total³Ring E/Wd L/Wd Unif  Min  Max  Rng
 # Year³ Rad.      Wood Wood  LW ³          ³mean mean mean
ֱֱֱִִִִִִִִִִִִִִִִִִִִִִִִִִִִִִִִִִִִִִִִִִִִִִִִִִִִִִִִִִִִִִִִִִִִִִִִִִִִ

 2 1991  19.0 19.0 12.0  0.0   0  11.3   11.3 379  379    0    0  321  477  156
 3 1992  42.7 23.7 22.5  1.2   5  45.9   57.3 355  346  532  186  298  535  237
 4 1993  68.8 26.1 24.0  2.1   8  91.4  148.7 386  375  511  136  318  530  212
 5 1994  88.9 20.1 18.3  1.8   8  99.6  248.3 396  379  572  193  300  635  335
 6 1995 105.1 16.2 14.4  1.8  11  98.7  347.0 421  401  580  179  345  639  294
 7 1996 118.6 13.5 10.5  3.0  22  94.9  441.9 437  402  557  155  366  638  272
 8 1997 129.7 11.1  8.7  2.4  21  86.6  528.5 457  416  609  193  379  679  300
 9 1998 136.9  7.2  5.4  1.8  25  60.3  588.8 471  432  586  154  401  660  259
10 1999 145.9  9.0  5.4  3.6  40  80.0  668.7 490  438  570  132  395  676  281
11 2000 154.0  8.1  5.4  2.7  33  76.3  745.1 475  405  616  211  364  671  307
12 2001 163.0  9.0  5.7  3.3  36  89.6  834.7 499  437  605  168  412  687  275
13 2002 170.8  7.8  2.7  5.1  65  81.8  916.5 553  422  622  200  384  730  346
14 2003 176.2  5.4  2.4  3.0  55  58.9  975.4 562  469  636  167  433  720  287
15 2004 180.1  3.9  3.0  0.9  23  43.7 1019.0 482  442  613  171  377  697  320
16 2005 183.1  3.0  1.5  1.5  50  34.2 1053.2 545  472  618  146  459  744  285
17 2006 185.5  2.4  0.6  1.8  75  27.8 1081.0 604  459  652  193  430  769  339
18 2007 187.9  2.4  0.9  1.5  62  28.2 1109.2 580  469  646  177  452  751  299
19 2008 189.4  1.5  0.6  0.9  60  17.8 1127.0 547  485  588  103  473  673  200
20 2009 190.0  0.6  0.0  0.6 100   7.2 1134.1 570    0  570  570  508  633  125
21 2010 190.6  0.6  0.0  0.6  99   7.2 1141.3 586    0  586  586  530  642  112
22 2011 191.5  0.9  0.3  0.6  66  10.8 1152.1 601  468  668  200  468  722  254
23 2012 193.0  1.5  0.6  0.9  60  18.1 1170.2 580  482  645  163  475  697  222
24 2013 194.2  1.2  0.3  0.9  74  14.6 1184.8 572  466  608  142  466  704  238
25 2014 195.7  1.5  0.3  1.2  80  18.4 1203.2 622  496  654  158  496  757  261
26 2015 196.9  1.2  0.3  0.9  75  14.8 1218.0 577  470  612  142  470  697  227
27 2016 197.5  0.6  0.0  0.6 100   7.4 1225.4 671    0  671  671  622  720   98

Core Length:  190.5 mm
Core Density: 516 kg/m3
Cross-sectional Density:  478 kg/m3
Early/Latewood Threshold: 500 kg/m3
Attenuation Constant: 3.09

ִִִִִִִִִִִִִִִִִִִִִִִִִִִִִִִִִִִִִִִִִִִִִִִִִִִִִִִִִִִִִִִִִִִִִִִִִִִִִִִ
Core : 75
ֲֲֲִִִִִִִִִִִִִִִִִִִִִִִִִִִִִִִִִִִִִִִִִִִִִִִִִִִִִִִִִִִִִִִִִִִִִִִִִִִִ
       ³Widths (mm)              ³ Areas    ³ Densities (kg/m3)
       ³                         ³ (cm‎)    ³
Ring   ³Outer Ring Erly Late   % ³Incr Total³Ring E/Wd L/Wd Unif  Min  Max  Rng
 # Year³ Rad.      Wood Wood  LW ³          ³mean mean mean
ֱֱֱִִִִִִִִִִִִִִִִִִִִִִִִִִִִִִִִִִִִִִִִִִִִִִִִִִִִִִִִִִִִִִִִִִִִִִִִִִִִ

 1 1990   3.3  3.3  3.3  0.0   0   0.3    0.3 318  318    0    0  226  391  165
 2 1991  15.0 11.7 11.7  0.0   0   6.7    7.1 325  325    0    0  274  435  161
 3 1992  40.2 25.2 25.2  0.0   0  43.7   50.8 302  302    0    0  263  387  124
 4 1993  71.7 31.5 31.5  0.0   0 110.7  161.5 307  307    0    0  248  396  148
 5 1994  90.3 18.6 18.3  0.3   1  94.7  256.2 331  327  527  200  264  527  263
 6 1995 110.4 20.1 19.8  0.3   1 126.7  382.9 349  346  515  169  268  515  247
 7 1996 129.6 19.2 18.9  0.3   1 144.8  527.7 333  330  522  192  252  522  270
 8 1997 144.6 15.0 15.0  0.0   0 129.2  656.9 348  348    0    0  284  489  205
 9 1998 153.9  9.3  8.4  0.9   9  87.2  744.1 350  331  526  195  286  538  252
10 1999 167.7 13.8 12.9  0.9   6 139.4  883.5 367  357  506  149  288  510  222
11 2000 178.8 11.1  9.3  1.8  16 120.8 1004.3 360  329  521  192  276  552  276
12 2001 190.8 12.0 10.5  1.5  12 139.3 1143.7 367  344  527  183  281  569  288
13 2002 198.3  7.5  6.3  1.2  16  91.7 1235.4 382  346  569  223  261  630  369
14 2003 206.1  7.8  6.6  1.2  15  99.1 1334.5 385  356  543  187  306  610  304
15 2004 210.3  4.2  3.3  0.9  21  54.9 1389.4 380  325  582  257  291  620  329
16 2005 216.3  6.0  5.1  0.9  15  80.4 1469.8 386  352  579  227  294  598  304
17 2006 219.6  3.3  2.4  0.9  27  45.2 1515.0 406  351  551  200  292  579  287
18 2007 223.8  4.2  3.3  0.9  21  58.5 1573.5 386  336  571  235  315  608  293
19 2008 228.9  5.1  3.9  1.2  23  72.5 1646.0 409  364  557  193  307  588  281
20 2009 233.7  4.8  3.3  1.5  31  69.8 1715.8 421  363  547  184  309  590  281
21 2010 237.0  3.3  2.7  0.6  18  48.8 1764.6 389  356  537  181  294  546  252
22 2011 238.2  1.2  0.9  0.3  25  17.9 1782.5 386  335  539  204  301  539  238
23 2012 239.7  1.5  1.2  0.3  20  22.5 1805.0 393  348  574  226  312  574  262
24 2013 242.4  2.7  2.1  0.6  22  40.9 1845.9 387  334  572  238  303  601  298
25 2014 247.5  5.1  3.6  1.5  29  78.5 1924.4 412  355  548  193  289  601  312
26 2015 251.4  3.9  3.0  0.9  23  61.1 1985.5 413  370  556  186  310  576  266
27 2016 253.2  1.8  1.8  0.0   0  28.5 2014.1 383  383    0    0  314  490  176

Core Length:  253.2 mm
Core Density: 369 kg/m3
Cross-sectional Density:  366 kg/m3
Early/Latewood Threshold: 500 kg/m3
Attenuation Constant: 3.09

