File : C:\DENSITOM\KAWERA~2\KAWE23.DAT
Cores :
2
7
8
14
9
10
11
19
23
46
51
61
62
63

ִִִִִִִִִִִִִִִִִִִִִִִִִִִִִִִִִִִִִִִִִִִִִִִִִִִִִִִִִִִִִִִִִִִִִִִִִִִִִִִ
Core : 2
ֲֲֲִִִִִִִִִִִִִִִִִִִִִִִִִִִִִִִִִִִִִִִִִִִִִִִִִִִִִִִִִִִִִִִִִִִִִִִִִִִִ
       ³Widths (mm)              ³ Areas    ³ Densities (kg/m3)
       ³                         ³ (cm‎)    ³
Ring   ³Outer Ring Erly Late   % ³Incr Total³Ring E/Wd L/Wd Unif  Min  Max  Rng
 # Year³ Rad.      Wood Wood  LW ³          ³mean mean mean
ֱֱֱִִִִִִִִִִִִִִִִִִִִִִִִִִִִִִִִִִִִִִִִִִִִִִִִִִִִִִִִִִִִִִִִִִִִִִִִִִִִ

 1 1990   2.1  2.1  2.1  0.0   0   0.1    0.1 291  291    0    0  240  334   94
 2 1991   9.0  6.9  6.9  0.0   0   2.4    2.5 281  281    0    0  238  341  103
 3 1992  17.4  8.4  8.4  0.0   0   7.0    9.5 303  303    0    0  243  435  192
 4 1993  40.2 22.8 22.8  0.0   0  41.3   50.8 257  257    0    0  210  425  215
 5 1994  68.7 28.5 28.5  0.0   0  97.5  148.3 279  279    0    0  211  452  241
 6 1995  92.1 23.4 22.2  1.2   5 118.2  266.5 305  293  537  244  204  560  356
 7 1996 113.4 21.3 21.0  0.3   1 137.5  404.0 315  312  520  208  244  520  276
 8 1997 137.1 23.7 23.4  0.3   1 186.5  590.5 310  308  508  200  215  508  293
 9 1998 157.8 20.7 20.7  0.0   0 191.8  782.3 325  325    0    0  242  493  251
10 1999 170.4 12.6 12.6  0.0   0 129.9  912.2 292  292    0    0  215  421  206
11 2000 181.8 11.4 11.1  0.3   2 126.1 1038.3 300  295  506  211  235  506  271
12 2001 188.1  6.3  6.0  0.3   4  73.2 1111.5 321  311  505  194  251  505  254
13 2002 194.4  6.3  5.7  0.6   9  75.7 1187.3 382  369  504  135  268  505  237
14 2003 201.6  7.2  6.0  1.2  16  89.6 1276.8 365  329  547  218  255  584  329
15 2004 207.3  5.7  5.1  0.6  10  73.2 1350.0 376  357  542  185  305  583  278
16 2005 211.8  4.5  3.9  0.6  13  59.2 1409.3 350  317  565  248  258  565  307
17 2006 214.8  3.0  3.0  0.0   0  40.2 1449.5 330  330    0    0  271  425  154
18 2007 216.0  1.2  1.2  0.0   0  16.2 1465.7 381  381    0    0  346  414   68
19 2008 216.6  0.6  0.3  0.3  50   8.2 1473.9 428  311  545  234  311  545  234
20 2009 217.5  0.9  0.6  0.3  33  12.3 1486.2 461  403  577  174  317  577  260
21 2010 218.7  1.2  0.9  0.3  25  16.4 1502.6 431  398  531  133  321  531  210
22 2011 221.1  2.4  1.8  0.6  25  33.2 1535.8 401  364  512  148  303  519  216
23 2012 222.6  1.5  0.9  0.6  40  20.9 1556.7 428  357  536  179  294  567  273
24 2013 225.9  3.3  2.1  1.2  36  46.5 1603.2 438  385  532  147  319  569  250
25 2014 231.0  5.1  4.5  0.6  11  73.2 1676.4 385  365  533  168  256  538  282
26 2015 236.1  5.1  3.9  1.2  23  74.8 1751.2 409  372  531  159  265  548  283
27 2016 239.7  3.6  3.0  0.6  16  53.8 1805.0 404  375  545  170  291  570  279

Core Length:  239.7 mm
Core Density: 353 kg/m3
Cross-sectional Density:  336 kg/m3
Early/Latewood Threshold: 500 kg/m3
Attenuation Constant: 3.09

ִִִִִִִִִִִִִִִִִִִִִִִִִִִִִִִִִִִִִִִִִִִִִִִִִִִִִִִִִִִִִִִִִִִִִִִִִִִִִִִ
Core : 7
ֲֲֲִִִִִִִִִִִִִִִִִִִִִִִִִִִִִִִִִִִִִִִִִִִִִִִִִִִִִִִִִִִִִִִִִִִִִִִִִִִִ
       ³Widths (mm)              ³ Areas    ³ Densities (kg/m3)
       ³                         ³ (cm‎)    ³
Ring   ³Outer Ring Erly Late   % ³Incr Total³Ring E/Wd L/Wd Unif  Min  Max  Rng
 # Year³ Rad.      Wood Wood  LW ³          ³mean mean mean
ֱֱֱִִִִִִִִִִִִִִִִִִִִִִִִִִִִִִִִִִִִִִִִִִִִִִִִִִִִִִִִִִִִִִִִִִִִִִִִִִִִ

 1 1990   5.1  5.1  5.1  0.0   0   0.8    0.8 301  301    0    0  246  353  107
 2 1991  12.9  7.8  7.8  0.0   0   4.4    5.2 313  313    0    0  260  411  151
 3 1992  33.6 20.7 20.7  0.0   0  30.2   35.5 306  306    0    0  248  478  230
 4 1993  59.4 25.8 25.8  0.0   0  75.4  110.8 309  309    0    0  234  401  167
 5 1994  81.3 21.9 21.9  0.0   0  96.8  207.6 319  319    0    0  213  481  268
 6 1995 102.0 20.7 19.8  0.9   4 119.2  326.9 349  341  523  182  253  527  274
 7 1996 118.5 16.5 15.6  0.9   5 114.3  441.2 342  331  516  185  267  534  267
 8 1997 132.9 14.4 14.1  0.3   2 113.7  554.9 359  356  518  162  273  518  245
 9 1998 144.6 11.7 11.1  0.6   5 102.0  656.9 369  361  509  148  290  517  227
10 1999 155.7 11.1 10.8  0.3   2 104.7  761.6 341  336  510  174  279  510  231
11 2000 164.1  8.4  6.6  1.8  21  84.4  846.0 371  325  541  216  257  565  308
12 2001 174.0  9.9  8.7  1.2  12 105.2  951.1 370  347  534  187  277  574  297
13 2002 179.4  5.4  4.5  0.9  16  60.0 1011.1 384  348  565  217  275  611  336
14 2003 184.8  5.4  4.8  0.6  11  61.8 1072.9 390  367  573  206  304  579  275
15 2004 187.5  2.7  2.1  0.6  22  31.6 1104.5 376  330  538  208  286  545  259
16 2005 189.9  2.4  2.1  0.3  12  28.5 1132.9 381  354  572  218  290  572  282
17 2006 191.7  1.8  1.8  0.0   0  21.6 1154.5 379  379    0    0  295  494  199
18 2007 193.5  1.8  1.5  0.3  16  21.8 1176.3 404  373  564  191  337  564  227
19 2008 195.9  2.4  1.8  0.6  25  29.4 1205.6 404  358  541  183  337  543  206
20 2009 197.4  1.5  0.9  0.6  40  18.5 1224.2 428  358  532  174  329  554  225
21 2010 199.2  1.8  1.2  0.6  33  22.4 1246.6 467  428  546  118  388  568  180
22 2011 201.3  2.1  1.2  0.9  42  26.4 1273.0 446  371  547  176  332  578  246
23 2012 202.5  1.2  0.9  0.3  24  15.2 1288.2 440  408  536  128  365  536  171
24 2013 203.7  1.2  0.9  0.3  25  15.3 1303.6 424  395  513  118  349  513  164
25 2014 204.6  0.9  0.6  0.3  33  11.5 1315.1 466  416  567  151  413  567  154
26 2015 205.5  0.9  0.3  0.6  66  11.6 1326.7 521  414  575  161  414  639  225
27 2016 206.4  0.9  0.6  0.3  33  11.6 1338.3 468  408  587  179  354  587  233

Core Length:  206.4 mm
Core Density: 386 kg/m3
Cross-sectional Density:  365 kg/m3
Early/Latewood Threshold: 500 kg/m3
Attenuation Constant: 3.09

ִִִִִִִִִִִִִִִִִִִִִִִִִִִִִִִִִִִִִִִִִִִִִִִִִִִִִִִִִִִִִִִִִִִִִִִִִִִִִִִ
Core : 8
ֲֲֲִִִִִִִִִִִִִִִִִִִִִִִִִִִִִִִִִִִִִִִִִִִִִִִִִִִִִִִִִִִִִִִִִִִִִִִִִִִִ
       ³Widths (mm)              ³ Areas    ³ Densities (kg/m3)
       ³                         ³ (cm‎)    ³
Ring   ³Outer Ring Erly Late   % ³Incr Total³Ring E/Wd L/Wd Unif  Min  Max  Rng
 # Year³ Rad.      Wood Wood  LW ³          ³mean mean mean
ֱֱֱִִִִִִִִִִִִִִִִִִִִִִִִִִִִִִִִִִִִִִִִִִִִִִִִִִִִִִִִִִִִִִִִִִִִִִִִִִִִ

 1 1990   2.4  2.4  2.4  0.0   0   0.2    0.2 339  339    0    0  247  428  181
 2 1991   5.7  3.3  3.3  0.0   0   0.8    1.0 323  323    0    0  258  438  180
 3 1992  17.4 11.7 11.7  0.0   0   8.5    9.5 320  320    0    0  258  461  203
 4 1993  45.0 27.6 27.6  0.0   0  54.1   63.6 313  313    0    0  234  469  235
 5 1994  75.0 30.0 30.0  0.0   0 113.1  176.7 299  299    0    0  234  452  218
 6 1995 101.7 26.7 25.5  1.2   4 148.2  324.9 306  295  540  245  214  557  343
 7 1996 128.4 26.7 25.5  1.2   4 193.0  517.9 342  333  525  192  230  551  321
 8 1997 149.1 20.7 20.7  0.0   0 180.5  698.4 338  338    0    0  263  494  231
 9 1998 168.9 19.8 18.9  0.9   4 197.8  896.2 346  338  513  175  281  529  248
10 1999 182.4 13.5 13.5  0.0   0 149.0 1045.2 360  360    0    0  291  468  177
11 2000 194.4 12.0 10.5  1.5  12 142.1 1187.3 377  354  542  188  300  577  277
12 2001 204.6 10.2  8.4  1.8  17 127.9 1315.1 392  362  534  172  310  550  240
13 2002 212.1  7.5  6.6  0.9  12  98.2 1413.3 397  370  595  225  324  620  296
14 2003 218.7  6.6  4.5  2.1  31  89.3 1502.6 446  371  606  235  325  680  355
15 2004 225.3  6.6  5.7  0.9  13  92.1 1594.7 412  384  584  200  350  619  269
16 2005 228.6  3.3  2.7  0.6  18  47.1 1641.7 416  375  602  227  348  616  268
17 2006 232.8  4.2  2.7  1.5  35  60.9 1702.6 459  387  589  202  360  642  282
18 2007 237.6  4.8  3.6  1.2  24  70.9 1773.5 452  404  595  191  361  627  266
19 2008 240.6  3.0  2.7  0.3  10  45.1 1818.6 434  408  669  261  355  669  314
20 2009 245.1  4.5  2.7  1.8  40  68.7 1887.3 474  405  578  173  388  682  294
21 2010 249.6  4.5  3.6  0.9  20  69.9 1957.2 464  427  613  186  390  669  279
22 2011 253.2  3.6  2.7  0.9  24  56.9 2014.1 476  429  616  187  389  688  299
23 2012 257.1  3.9  2.4  1.5  38  62.5 2076.6 495  434  592  158  391  665  274
24 2013 260.1  3.0  1.8  1.2  40  48.7 2125.4 534  449  660  211  393  770  377
25 2014 265.2  5.1  3.0  2.1  41  84.2 2209.5 523  452  625  173  427  728  301
26 2015 270.6  5.4  3.0  2.4  44  90.9 2300.4 501  437  580  143  404  699  295
27 2016 273.6  3.0  2.4  0.6  20  51.3 2351.7 447  416  572  156  386  575  189

Core Length:  274.8 mm
Core Density: 406 kg/m3
Cross-sectional Density:  395 kg/m3
Early/Latewood Threshold: 500 kg/m3
Attenuation Constant: 3.09

ִִִִִִִִִִִִִִִִִִִִִִִִִִִִִִִִִִִִִִִִִִִִִִִִִִִִִִִִִִִִִִִִִִִִִִִִִִִִִִִ
Core : 14
ֲֲֲִִִִִִִִִִִִִִִִִִִִִִִִִִִִִִִִִִִִִִִִִִִִִִִִִִִִִִִִִִִִִִִִִִִִִִִִִִִִ
       ³Widths (mm)              ³ Areas    ³ Densities (kg/m3)
       ³                         ³ (cm‎)    ³
Ring   ³Outer Ring Erly Late   % ³Incr Total³Ring E/Wd L/Wd Unif  Min  Max  Rng
 # Year³ Rad.      Wood Wood  LW ³          ³mean mean mean
ֱֱֱִִִִִִִִִִִִִִִִִִִִִִִִִִִִִִִִִִִִִִִִִִִִִִִִִִִִִִִִִִִִִִִִִִִִִִִִִִִִ

 1 1990   2.4  2.4  2.4  0.0   0   0.2    0.2 313  313    0    0  202  431  229
 2 1991   5.4  3.0  3.0  0.0   0   0.7    0.9 378  378    0    0  310  437  127
 3 1992  12.0  6.6  6.6  0.0   0   3.6    4.5 322  322    0    0  261  452  191
 4 1993  35.1 23.1 23.1  0.0   0  34.2   38.7 302  302    0    0  239  446  207
 5 1994  60.9 25.8 25.8  0.0   0  77.8  116.5 317  317    0    0  231  489  258
 6 1995  98.1 37.2 34.5  2.7   7 185.8  302.3 323  307  526  219  218  541  323
 7 1996 126.3 28.2 26.4  1.8   6 198.8  501.1 354  341  533  192  251  571  320
 8 1997 145.8 19.5 18.0  1.5   7 166.7  667.8 358  344  521  177  268  538  270
 9 1998 161.7 15.9 15.6  0.3   1 153.6  821.4 340  337  528  191  245  528  283
10 1999 173.7 12.0 12.0  0.0   0 126.4  947.9 340  340    0    0  265  451  186
11 2000 186.9 13.2 12.3  0.9   6 149.5 1097.4 336  322  522  200  258  536  278
12 2001 195.9  9.0  7.5  1.5  16 108.2 1205.6 380  350  534  184  255  569  314
13 2002 204.6  8.7  7.2  1.5  17 109.5 1315.1 383  349  543  194  285  563  278
14 2003 209.7  5.1  3.9  1.2  23  66.4 1381.5 365  308  551  243  258  622  364
15 2004 216.3  6.6  5.4  1.2  18  88.3 1469.8 405  365  587  222  314  603  289
16 2005 222.6  6.3  4.8  1.5  23  86.9 1556.7 404  356  558  202  293  574  281
17 2006 229.2  6.6  5.1  1.5  22  93.7 1650.4 394  339  581  242  290  618  328
18 2007 236.1  6.9  4.2  2.7  39 100.9 1751.2 440  363  559  196  284  616  332
19 2008 248.1 12.0  8.7  3.3  27 182.5 1933.8 436  383  576  193  294  632  338
20 2009 260.4 12.3  9.9  2.4  19 196.5 2130.3 417  379  577  198  299  607  308
21 2010 266.4  6.0  4.8  1.2  20  99.3 2229.6 394  347  580  233  301  604  303
22 2011 270.0  3.6  3.0  0.6  16  60.7 2290.2 413  381  575  194  296  645  349
23 2012 273.6  3.6  2.4  1.2  33  61.5 2351.7 438  358  597  239  289  624  335
24 2013 276.0  2.4  1.8  0.6  25  41.4 2393.1 411  358  570  212  284  583  299
25 2014 278.4  2.4  1.8  0.6  24  41.8 2434.9 438  386  596  210  309  661  352
26 2015 280.2  1.8  1.2  0.6  33  31.6 2466.5 472  405  606  201  324  623  299
27 2016 281.1  0.9  0.3  0.6  66  15.9 2482.4 523  356  606  250  356  639  283

Core Length:  281.1 mm
Core Density: 385 kg/m3
Cross-sectional Density:  379 kg/m3
Early/Latewood Threshold: 500 kg/m3
Attenuation Constant: 3.09

ִִִִִִִִִִִִִִִִִִִִִִִִִִִִִִִִִִִִִִִִִִִִִִִִִִִִִִִִִִִִִִִִִִִִִִִִִִִִִִִ
Core : 9
ֲֲֲִִִִִִִִִִִִִִִִִִִִִִִִִִִִִִִִִִִִִִִִִִִִִִִִִִִִִִִִִִִִִִִִִִִִִִִִִִִִ
       ³Widths (mm)              ³ Areas    ³ Densities (kg/m3)
       ³                         ³ (cm‎)    ³
Ring   ³Outer Ring Erly Late   % ³Incr Total³Ring E/Wd L/Wd Unif  Min  Max  Rng
 # Year³ Rad.      Wood Wood  LW ³          ³mean mean mean
ֱֱֱִִִִִִִִִִִִִִִִִִִִִִִִִִִִִִִִִִִִִִִִִִִִִִִִִִִִִִִִִִִִִִִִִִִִִִִִִִִִ

 1 1990   5.5  5.5  4.5  0.0   0   1.0    1.0 374  374    0    0  345  417   72
 2 1991  11.8  6.3  6.3  0.0   0   3.4    4.4 359  359    0    0  313  475  162
 3 1992  29.5 17.7 16.5  1.2   6  23.0   27.3 364  350  549  199  306  569  263
 4 1993  50.5 21.0 20.4  0.6   2  52.8   80.1 368  363  527  164  290  533  243
 5 1994  67.6 17.1 16.2  0.9   5  63.4  143.6 392  382  572  190  320  593  273
 6 1995  76.6  9.0  8.4  0.6   6  40.8  184.3 411  400  567  167  342  588  246
 7 1996  84.7  8.1  6.6  1.5  18  41.0  225.4 433  406  548  142  338  600  262
 8 1997  90.4  5.7  4.2  1.5  26  31.4  256.7 475  442  569  127  384  632  248
 9 1998  93.7  3.3  2.1  1.2  36  19.1  275.8 505  435  627  192  380  671  291
10 1999  98.8  5.1  1.5  3.6  70  30.8  306.7 548  475  578  103  454  700  246
11 2000 103.9  5.1  2.1  3.0  58  32.5  339.1 512  423  574  151  398  663  265
12 2001 107.8  3.9  1.5  2.4  61  25.9  365.1 556  457  617  160  432  689  257
13 2002 110.8  3.0  1.2  1.8  60  20.6  385.7 568  470  634  164  443  739  296
14 2003 113.2  2.4  0.3  2.1  87  16.9  402.6 586  494  599  105  494  737  243
15 2004 114.7  1.5  0.3  1.2  80  10.7  413.3 600  487  628  141  487  739  252
16 2005 117.1  2.4  0.0  2.4  99  17.5  430.8 623    0  623  623  500  731  231
17 2006 118.0  0.9  0.0  0.9  99   6.6  437.4 643    0  643  643  563  713  150
18 2007 118.9  0.9  0.3  0.6  66   6.7  444.1 605  492  662  170  492  678  186
19 2008 120.4  1.5  0.3  1.2  80  11.3  455.4 638  494  675  181  494  718  224
20 2009 122.2  1.8  0.3  1.5  83  13.7  469.1 616  451  649  198  451  726  275
21 2010 124.0  1.8  0.3  1.5  83  13.9  483.1 608  493  631  138  493  748  255
22 2011 124.9  0.9  0.3  0.6  66   7.0  490.1 552  464  597  133  464  608  144
23 2012 125.8  0.9  0.0  0.9  99   7.1  497.2 615    0  615  615  524  681  157
24 2013 126.4  0.6  0.0  0.6 100   4.8  501.9 695    0  695  695  652  739   87
25 2014 127.0  0.6  0.3  0.3  49   4.8  506.7 548  403  694  291  403  694  291

Core Length:  127.2 mm
Core Density: 527 kg/m3
Cross-sectional Density:  487 kg/m3
Early/Latewood Threshold: 500 kg/m3
Attenuation Constant: 3.09

ִִִִִִִִִִִִִִִִִִִִִִִִִִִִִִִִִִִִִִִִִִִִִִִִִִִִִִִִִִִִִִִִִִִִִִִִִִִִִִִ
Core : 10
ֲֲֲִִִִִִִִִִִִִִִִִִִִִִִִִִִִִִִִִִִִִִִִִִִִִִִִִִִִִִִִִִִִִִִִִִִִִִִִִִִִ
       ³Widths (mm)              ³ Areas    ³ Densities (kg/m3)
       ³                         ³ (cm‎)    ³
Ring   ³Outer Ring Erly Late   % ³Incr Total³Ring E/Wd L/Wd Unif  Min  Max  Rng
 # Year³ Rad.      Wood Wood  LW ³          ³mean mean mean
ֱֱֱִִִִִִִִִִִִִִִִִִִִִִִִִִִִִִִִִִִִִִִִִִִִִִִִִִִִִִִִִִִִִִִִִִִִִִִִִִִִ

 2 1991  10.1 10.1  8.1  0.0   0   3.2    3.2 357  357    0    0  288  464  176
 3 1992  28.7 18.6 17.7  0.9   4  22.7   25.9 337  329  506  177  263  512  249
 4 1993  51.2 22.5 22.5  0.0   0  56.5   82.4 308  308    0    0  248  477  229
 5 1994  74.0 22.8 21.3  1.5   6  89.7  172.0 328  315  517  202  239  529  290
 6 1995  98.9 24.9 24.0  0.9   3 135.3  307.3 365  360  512  152  298  515  217
 7 1996 122.3 23.4 23.1  0.3   1 162.6  469.9 345  343  504  161  262  504  242
 8 1997 134.9 12.6 12.6  0.0   0 101.8  571.7 364  364    0    0  310  489  179
 9 1998 143.3  8.4  5.4  3.0  35  73.4  645.1 446  393  541  148  303  576  273
10 1999 152.0  8.7  7.8  0.9  10  80.7  725.8 424  410  544  134  330  570  240
11 2000 157.1  5.1  4.8  0.3   5  49.5  775.4 376  366  540  174  286  540  254
12 2001 160.4  3.3  3.3  0.0   0  32.9  808.3 379  379    0    0  297  471  174
13 2002 162.2  1.8  1.5  0.3  16  18.2  826.5 416  386  567  181  324  567  243
14 2003 164.0  1.8  1.5  0.3  16  18.4  845.0 448  420  586  166  354  586  232
15 2004 165.5  1.5  0.6  0.9  60  15.5  860.5 481  382  546  164  347  570  223
16 2005 167.6  2.1  1.2  0.9  42  22.0  882.5 474  413  555  142  352  570  218
17 2006 169.4  1.8  0.9  0.9  49  19.1  901.5 488  401  576  175  366  624  258
18 2007 170.6  1.2  0.9  0.3  25  12.8  914.3 471  437  574  137  419  574  155
19 2008 172.1  1.5  0.9  0.6  40  16.1  930.5 491  420  598  178  374  616  242
20 2009 173.3  1.2  0.6  0.6  50  13.0  943.5 485  406  564  158  384  575  191
21 2010 174.5  1.2  0.6  0.6  50  13.1  956.6 501  426  575  149  393  613  220
22 2011 175.7  1.2  0.6  0.6  49  13.2  969.8 519  444  595  151  401  598  197
23 2012 177.2  1.5  0.6  0.9  60  16.6  986.5 509  422  568  146  391  600  209
24 2013 180.5  3.3  1.5  1.8  54  37.1 1023.5 542  443  624  181  406  706  300
25 2014 184.4  3.9  1.5  2.4  61  44.7 1068.2 511  391  586  195  350  662  312
26 2015 188.0  3.6  1.8  1.8  50  42.1 1110.4 498  405  591  186  348  685  337
27 2016 191.3  3.3  1.8  1.5  45  39.3 1149.7 477  400  569  169  357  653  296

Core Length:  189.3 mm
Core Density: 436 kg/m3
Cross-sectional Density:  403 kg/m3
Early/Latewood Threshold: 500 kg/m3
Attenuation Constant: 3.09

ִִִִִִִִִִִִִִִִִִִִִִִִִִִִִִִִִִִִִִִִִִִִִִִִִִִִִִִִִִִִִִִִִִִִִִִִִִִִִִִ
Core : 11
ֲֲֲִִִִִִִִִִִִִִִִִִִִִִִִִִִִִִִִִִִִִִִִִִִִִִִִִִִִִִִִִִִִִִִִִִִִִִִִִִִִ
       ³Widths (mm)              ³ Areas    ³ Densities (kg/m3)
       ³                         ³ (cm‎)    ³
Ring   ³Outer Ring Erly Late   % ³Incr Total³Ring E/Wd L/Wd Unif  Min  Max  Rng
 # Year³ Rad.      Wood Wood  LW ³          ³mean mean mean
ֱֱֱִִִִִִִִִִִִִִִִִִִִִִִִִִִִִִִִִִִִִִִִִִִִִִִִִִִִִִִִִִִִִִִִִִִִִִִִִִִִ

 1 1990   1.8  1.8  1.5  0.3  16   0.1    0.1 381  357  502  145  212  502  290
 2 1991  17.1 15.3 15.0  0.3   1   9.1    9.2 361  358  527  169  262  527  265
 3 1992  30.6 13.5 12.6  0.9   6  20.2   29.4 328  314  529  215  249  536  287
 4 1993  55.2 24.6 24.6  0.0   0  66.3   95.7 316  316    0    0  243  483  240
 5 1994  82.5 27.3 24.9  2.4   8 118.1  213.8 343  325  526  201  249  549  300
 6 1995 102.3 19.8 19.2  0.6   3 115.0  328.8 369  364  553  189  288  554  266
 7 1996 119.1 16.8 15.0  1.8  10 116.9  445.6 376  358  522  164  283  553  270
 8 1997 136.2 17.1 15.6  1.5   8 137.2  582.8 389  375  537  162  297  576  279
 9 1998 148.5 12.3  9.9  2.4  19 110.0  692.8 399  366  538  172  309  585  276
10 1999 161.7 13.2  9.9  3.3  24 128.6  821.4 428  389  545  156  310  613  303
11 2000 173.1 11.4  8.4  3.0  26 119.9  941.3 414  357  574  217  286  613  327
12 2001 183.0  9.9  6.9  3.0  30 110.8 1052.1 425  363  567  204  318  664  346
13 2002 190.2  7.2  4.5  2.7  37  84.4 1136.5 462  364  627  263  307  713  406
14 2003 199.2  9.0  6.0  3.0  33 110.1 1246.6 471  398  619  221  376  715  339
15 2004 204.3  5.1  3.6  1.5  29  64.6 1311.3 458  398  601  203  361  744  383
16 2005 210.9  6.6  3.9  2.7  40  86.1 1397.3 515  431  636  205  372  727  355
17 2006 219.0  8.1  4.5  3.6  44 109.4 1506.7 514  427  624  197  381  683  302
18 2007 225.9  6.9  4.8  2.1  30  96.4 1603.2 497  437  634  197  399  697  298
19 2008 231.3  5.4  3.0  2.4  44  77.6 1680.7 508  428  608  180  370  692  322
20 2009 233.7  2.4  1.2  1.2  49  35.1 1715.8 529  427  631  204  413  709  296
21 2010 237.0  3.3  1.2  2.1  63  48.8 1764.6 532  440  585  145  416  678  262
22 2011 239.7  2.7  1.2  1.5  55  40.4 1805.0 552  442  639  197  412  728  316
23 2012 242.1  2.4  1.2  1.2  50  36.3 1841.4 546  425  667  242  393  764  371
24 2013 245.4  3.3  1.2  2.1  63  50.5 1891.9 569  462  631  169  453  754  301
25 2014 249.3  3.9  1.8  2.1  53  60.6 1952.5 554  436  654  218  393  729  336
26 2015 252.3  3.0  1.5  1.5  50  47.3 1999.8 513  426  600  174  406  677  271
27 2016 254.4  2.1  0.6  1.5  71  33.4 2033.2 575  437  630  193  434  787  353

Core Length:  254.4 mm
Core Density: 456 kg/m3
Cross-sectional Density:  446 kg/m3
Early/Latewood Threshold: 500 kg/m3
Attenuation Constant: 3.09

ִִִִִִִִִִִִִִִִִִִִִִִִִִִִִִִִִִִִִִִִִִִִִִִִִִִִִִִִִִִִִִִִִִִִִִִִִִִִִִִ
Core : 19
ֲֲֲִִִִִִִִִִִִִִִִִִִִִִִִִִִִִִִִִִִִִִִִִִִִִִִִִִִִִִִִִִִִִִִִִִִִִִִִִִִִ
       ³Widths (mm)              ³ Areas    ³ Densities (kg/m3)
       ³                         ³ (cm‎)    ³
Ring   ³Outer Ring Erly Late   % ³Incr Total³Ring E/Wd L/Wd Unif  Min  Max  Rng
 # Year³ Rad.      Wood Wood  LW ³          ³mean mean mean
ֱֱֱִִִִִִִִִִִִִִִִִִִִִִִִִִִִִִִִִִִִִִִִִִִִִִִִִִִִִִִִִִִִִִִִִִִִִִִִִִִִ

 3 1992  11.6 11.6  9.6  0.0   0   4.2    4.2 358  358    0    0  307  476  169
 4 1993  30.5 18.9 17.7  1.2   6  25.0   29.2 343  330  537  207  279  575  296
 5 1994  49.4 18.9 17.4  1.5   7  47.4   76.7 370  356  539  183  287  565  278
 6 1995  67.1 17.7 16.2  1.5   8  64.8  141.4 367  350  556  206  285  581  296
 7 1996  84.5 17.4 16.2  1.2   6  82.9  224.3 396  384  566  182  309  619  310
 8 1997 102.2 17.7 16.2  1.5   8 103.8  328.1 391  376  553  177  273  600  327
 9 1998 115.4 13.2 12.0  1.2   9  90.2  418.4 390  375  533  158  298  576  278
10 1999 125.3  9.9  9.3  0.6   6  74.9  493.2 354  342  545  203  262  570  308
11 2000 133.7  8.4  6.9  1.5  17  68.3  561.6 410  378  554  176  318  628  310
12 2001 140.3  6.6  6.0  0.6   9  56.8  618.4 396  372  640  268  288  707  419
13 2002 145.4  5.1  4.2  0.9  17  45.8  664.2 424  384  613  229  298  647  349
14 2003 149.6  4.2  3.0  1.2  28  38.9  703.1 440  377  598  221  322  704  382
15 2004 152.3  2.7  1.2  1.5  55  25.6  728.7 504  393  593  200  376  716  340
16 2005 155.3  3.0  2.1  0.9  30  29.0  757.7 466  387  652  265  339  685  346
17 2006 158.9  3.6  1.8  1.8  49  35.5  793.2 490  382  597  215  324  682  358
18 2007 161.9  3.0  1.5  1.5  50  30.2  823.5 519  404  634  230  366  690  324
19 2008 165.8  3.9  2.4  1.5  38  40.2  863.6 503  423  631  208  366  705  339
20 2009 169.7  3.9  2.1  1.8  46  41.1  904.7 498  404  608  204  347  671  324
21 2010 172.7  3.0  1.5  1.5  50  32.3  937.0 490  388  591  203  353  653  300
22 2011 175.7  3.0  1.2  1.8  60  32.8  969.8 500  381  580  199  349  685  336
23 2012 178.4  2.7  1.2  1.5  55  30.0  999.9 511  438  570  132  412  646  234
24 2013 180.5  2.1  0.9  1.2  57  23.7 1023.5 506  384  598  214  359  711  352
25 2014 182.0  1.5  0.6  0.9  60  17.1 1040.6 546  412  635  223  403  703  300
26 2015 183.8  1.8  0.9  0.9  49  20.7 1061.3 501  387  615  228  351  667  316
27 2016 185.0  1.2  0.6  0.6  50  13.9 1075.2 518  388  649  261  329  675  346

Core Length:  183.0 mm
Core Density: 447 kg/m3
Cross-sectional Density:  428 kg/m3
Early/Latewood Threshold: 500 kg/m3
Attenuation Constant: 3.09

ִִִִִִִִִִִִִִִִִִִִִִִִִִִִִִִִִִִִִִִִִִִִִִִִִִִִִִִִִִִִִִִִִִִִִִִִִִִִִִִ
Core : 23
ֲֲֲִִִִִִִִִִִִִִִִִִִִִִִִִִִִִִִִִִִִִִִִִִִִִִִִִִִִִִִִִִִִִִִִִִִִִִִִִִִִ
       ³Widths (mm)              ³ Areas    ³ Densities (kg/m3)
       ³                         ³ (cm‎)    ³
Ring   ³Outer Ring Erly Late   % ³Incr Total³Ring E/Wd L/Wd Unif  Min  Max  Rng
 # Year³ Rad.      Wood Wood  LW ³          ³mean mean mean
ֱֱֱִִִִִִִִִִִִִִִִִִִִִִִִִִִִִִִִִִִִִִִִִִִִִִִִִִִִִִִִִִִִִִִִִִִִִִִִִִִִ

 1 1990   5.1  5.1  5.1  0.0   0   0.8    0.8 369  369    0    0  240  481  241
 2 1991  12.9  7.8  7.8  0.0   0   4.4    5.2 364  364    0    0  301  488  187
 3 1992  33.6 20.7 19.5  1.2   5  30.2   35.5 371  360  548  188  314  584  270
 4 1993  59.4 25.8 25.8  0.0   0  75.4  110.8 321  321    0    0  246  486  240
 5 1994  82.8 23.4 22.2  1.2   5 104.5  215.4 328  317  545  228  249  579  330
 6 1995 105.9 23.1 21.3  1.8   7 136.9  352.3 368  354  531  177  292  560  268
 7 1996 129.0 23.1 21.3  1.8   7 170.5  522.8 368  354  524  170  280  562  282
 8 1997 146.7 17.7 16.5  1.2   6 153.3  676.1 371  359  538  179  291  588  297
 9 1998 159.6 12.9 12.9  0.0   0 124.1  800.2 362  362    0    0  295  494  199
10 1999 173.4 13.8 11.4  2.4  17 144.4  944.6 393  361  545  184  254  580  326
11 2000 184.5 11.1  9.3  1.8  16 124.8 1069.4 351  314  541  227  257  572  315
12 2001 189.9  5.4  4.8  0.6  11  63.5 1132.9 352  329  536  207  262  556  294
13 2002 195.0  5.1  3.6  1.5  29  61.7 1194.6 385  313  556  243  256  590  334
14 2003 200.7  5.7  4.5  1.2  21  70.9 1265.4 385  333  577  244  280  607  327
15 2004 206.7  6.0  3.9  2.1  35  76.8 1342.2 409  330  556  226  300  605  305
16 2005 214.5  7.8  5.4  2.4  30 103.2 1445.5 397  336  535  199  283  577  294
17 2006 217.2  2.7  2.4  0.3  11  36.6 1482.1 355  330  560  230  286  560  274
18 2007 219.0  1.8  1.5  0.3  16  24.7 1506.7 369  337  527  190  300  527  227
19 2008 220.8  1.8  1.8  0.0   0  24.9 1531.6 354  354    0    0  268  493  225
20 2009 222.0  1.2  0.9  0.3  24  16.7 1548.3 388  338  537  199  305  537  232
21 2010 225.0  3.0  2.7  0.3  10  42.1 1590.4 404  389  542  153  292  542  250
22 2011 227.4  2.4  1.5  0.9  37  34.1 1624.5 441  366  567  201  344  586  242
23 2012 231.0  3.6  2.4  1.2  33  51.8 1676.4 437  373  566  193  316  580  264
24 2013 234.6  3.6  2.7  0.9  25  52.7 1729.0 395  346  544  198  303  584  281
25 2014 237.0  2.4  1.8  0.6  24  35.6 1764.6 405  369  515  146  296  521  225
26 2015 239.1  2.1  1.5  0.6  28  31.4 1796.0 422  385  513  128  324  524  200
27 2016 240.6  1.5  1.5  0.0   0  22.6 1818.6 376  376    0    0  311  446  135

Core Length:  240.6 mm
Core Density: 379 kg/m3
Cross-sectional Density:  374 kg/m3
Early/Latewood Threshold: 500 kg/m3
Attenuation Constant: 3.09

ִִִִִִִִִִִִִִִִִִִִִִִִִִִִִִִִִִִִִִִִִִִִִִִִִִִִִִִִִִִִִִִִִִִִִִִִִִִִִִִ
Core : 46
ֲֲֲִִִִִִִִִִִִִִִִִִִִִִִִִִִִִִִִִִִִִִִִִִִִִִִִִִִִִִִִִִִִִִִִִִִִִִִִִִִִ
       ³Widths (mm)              ³ Areas    ³ Densities (kg/m3)
       ³                         ³ (cm‎)    ³
Ring   ³Outer Ring Erly Late   % ³Incr Total³Ring E/Wd L/Wd Unif  Min  Max  Rng
 # Year³ Rad.      Wood Wood  LW ³          ³mean mean mean
ֱֱֱִִִִִִִִִִִִִִִִִִִִִִִִִִִִִִִִִִִִִִִִִִִִִִִִִִִִִִִִִִִִִִִִִִִִִִִִִִִִ

 1 1990   3.0  3.0  2.4  0.6  20   0.3    0.3 338  290  534  244  155  538  383
 2 1991  12.0  9.0  9.0  0.0   0   4.2    4.5 320  320    0    0  240  408  168
 3 1992  32.7 20.7 20.4  0.3   1  29.1   33.6 295  292  518  226  244  518  274
 4 1993  59.4 26.7 26.7  0.0   0  77.3  110.8 304  304    0    0  232  450  218
 5 1994  87.3 27.9 26.4  1.5   5 128.6  239.4 320  308  532  224  222  557  335
 6 1995 115.5 28.2 27.0  1.2   4 179.7  419.1 332  323  536  213  242  547  305
 7 1996 144.3 28.8 28.8  0.0   0 235.1  654.2 331  331    0    0  269  494  225
 8 1997 168.6 24.3 23.7  0.6   2 238.9  893.0 337  332  535  203  272  539  267
 9 1998 187.5 18.9 18.6  0.3   1 211.4 1104.5 344  341  526  185  284  526  242
10 1999 206.1 18.6 15.9  2.7  14 230.0 1334.5 368  342  523  181  285  557  272
11 2000 219.9 13.8 13.8  0.0   0 184.7 1519.1 331  331    0    0  268  467  199
12 2001 228.6  8.7  7.8  0.9  10 122.6 1641.7 361  342  524  182  276  538  262
13 2002 233.1  4.5  3.9  0.6  13  65.3 1707.0 355  324  559  235  296  574  278
14 2003 237.9  4.8  4.5  0.3   6  71.0 1778.0 354  342  532  190  293  532  239
15 2004 242.1  4.2  3.9  0.3   7  63.3 1841.4 365  349  569  220  314  569  255
16 2005 249.3  7.2  5.7  1.5  20 111.2 1952.5 395  345  585  240  301  625  324
17 2006 254.4  5.1  4.2  0.9  17  80.7 2033.2 412  373  597  224  306  623  317
18 2007 258.3  3.9  3.3  0.6  15  62.8 2096.0 432  393  647  254  338  665  327
19 2008 261.6  3.3  2.4  0.9  27  53.9 2149.9 447  391  596  205  350  640  290
20 2009 264.9  3.3  2.1  1.2  36  54.6 2204.5 451  369  594  225  344  657  313
21 2010 268.8  3.9  3.0  0.9  23  65.4 2269.9 409  377  518  141  340  525  185
22 2011 272.7  3.9  2.7  1.2  30  66.3 2336.3 465  403  605  202  367  634  267
23 2012 278.1  5.4  3.0  2.4  44  93.4 2429.7 486  385  614  229  336  676  340
24 2013 285.0  6.9  4.2  2.7  39 122.1 2551.8 480  400  604  204  380  678  298
25 2014 289.2  4.2  2.7  1.5  35  75.8 2627.5 484  409  621  212  366  676  310
26 2015 293.4  4.2  2.7  1.5  35  76.9 2704.4 501  431  626  195  389  674  285
27 2016 298.2  4.8  3.6  1.2  25  89.2 2793.6 491  439  646  207  402  678  276

Core Length:  298.2 mm
Core Density: 389 kg/m3
Cross-sectional Density:  379 kg/m3
Early/Latewood Threshold: 500 kg/m3
Attenuation Constant: 3.09

ִִִִִִִִִִִִִִִִִִִִִִִִִִִִִִִִִִִִִִִִִִִִִִִִִִִִִִִִִִִִִִִִִִִִִִִִִִִִִִִ
Core : 51
ֲֲֲִִִִִִִִִִִִִִִִִִִִִִִִִִִִִִִִִִִִִִִִִִִִִִִִִִִִִִִִִִִִִִִִִִִִִִִִִִִִ
       ³Widths (mm)              ³ Areas    ³ Densities (kg/m3)
       ³                         ³ (cm‎)    ³
Ring   ³Outer Ring Erly Late   % ³Incr Total³Ring E/Wd L/Wd Unif  Min  Max  Rng
 # Year³ Rad.      Wood Wood  LW ³          ³mean mean mean
ֱֱֱִִִִִִִִִִִִִִִִִִִִִִִִִִִִִִִִִִִִִִִִִִִִִִִִִִִִִִִִִִִִִִִִִִִִִִִִִִִִ

 2 1991  28.7 28.7 20.7  0.0   0  25.9   25.9 317  317    0    0  266  484  218
 3 1992  56.3 27.6 27.6  0.0   0  73.7   99.6 287  287    0    0  225  485  260
 4 1993  89.3 33.0 33.0  0.0   0 150.9  250.5 315  315    0    0  222  496  274
 5 1994 120.5 31.2 29.7  1.5   4 205.6  456.2 329  318  556  238  236  584  348
 6 1995 149.9 29.4 27.3  2.1   7 249.7  705.9 352  338  534  196  250  568  318
 7 1996 175.4 25.5 23.7  1.8   7 260.6  966.5 362  349  531  182  262  546  284
 8 1997 196.1 20.7 18.0  2.7  13 241.6 1208.1 383  362  526  164  303  536  233
 9 1998 208.1 12.0  8.4  3.6  30 152.4 1360.5 425  366  560  194  305  605  300
10 1999 223.7 15.6 12.3  3.3  21 211.6 1572.1 421  391  534  143  317  608  291
11 2000 236.9 13.2 10.5  2.7  20 191.0 1763.1 404  367  545  178  316  575  259
12 2001 245.6  8.7  6.6  2.1  24 131.9 1895.0 412  363  568  205  311  620  309
13 2002 253.4  7.8  5.7  2.1  26 122.3 2017.3 401  332  588  256  300  635  335
14 2003 263.6 10.2  8.7  1.5  14 165.7 2182.9 400  368  584  216  310  617  307
15 2004 274.7 11.1  7.8  3.3  29 187.7 2370.6 412  349  561  212  295  598  303
16 2005 285.8 11.1  7.2  3.9  35 195.5 2566.1 444  360  600  240  315  652  337
17 2006 293.9  8.1  4.8  3.3  40 147.5 2713.6 459  370  588  218  317  646  329
18 2007 301.7  7.8  5.4  2.4  30 145.9 2859.6 434  360  602  242  297  646  349
19 2008 308.3  6.6  5.1  1.5  22 126.5 2986.0 400  351  569  218  300  601  301
20 2009 314.3  6.0  4.8  1.2  20 117.4 3103.4 397  350  583  233  299  623  324
21 2010 319.1  4.8  4.2  0.6  12  95.5 3198.9 408  384  576  192  309  586  277
22 2011 324.2  5.1  3.3  1.8  35 103.1 3302.0 462  387  600  213  341  643  302
23 2012 328.1  3.9  3.0  0.9  23  79.9 3381.9 439  375  651  276  303  663  360
24 2013 336.2  8.1  5.4  2.7  33 169.0 3551.0 460  387  606  219  333  673  340
25 2014 342.2  6.0  3.6  2.4  40 127.9 3678.8 446  366  566  200  332  634  302
26 2015 347.6  5.4  3.9  1.5  27 117.0 3795.9 420  364  566  202  323  612  289
27 2016 353.9  6.3  4.5  1.8  28 138.8 3934.7 434  373  585  212  319  645  326

Core Length:  345.9 mm
Core Density: 400 kg/m3
Cross-sectional Density:  401 kg/m3
Early/Latewood Threshold: 500 kg/m3
Attenuation Constant: 3.09

ִִִִִִִִִִִִִִִִִִִִִִִִִִִִִִִִִִִִִִִִִִִִִִִִִִִִִִִִִִִִִִִִִִִִִִִִִִִִִִִ
Core : 61
ֲֲֲִִִִִִִִִִִִִִִִִִִִִִִִִִִִִִִִִִִִִִִִִִִִִִִִִִִִִִִִִִִִִִִִִִִִִִִִִִִִ
       ³Widths (mm)              ³ Areas    ³ Densities (kg/m3)
       ³                         ³ (cm‎)    ³
Ring   ³Outer Ring Erly Late   % ³Incr Total³Ring E/Wd L/Wd Unif  Min  Max  Rng
 # Year³ Rad.      Wood Wood  LW ³          ³mean mean mean
ֱֱֱִִִִִִִִִִִִִִִִִִִִִִִִִִִִִִִִִִִִִִִִִִִִִִִִִִִִִִִִִִִִִִִִִִִִִִִִִִִִ

 1 1990   6.6  6.6  6.6  0.0   0   1.4    1.4 325  325    0    0  298  378   80
 2 1991  14.4  7.8  7.8  0.0   0   5.1    6.5 333  333    0    0  285  419  134
 3 1992  27.0 12.6 12.0  0.6   4  16.4   22.9 339  328  547  219  276  558  282
 4 1993  49.8 22.8 22.8  0.0   0  55.0   77.9 321  321    0    0  246  481  235
 5 1994  73.2 23.4 21.6  1.8   7  90.4  168.3 335  318  534  216  249  552  303
 6 1995  96.0 22.8 21.9  0.9   3 121.2  289.5 348  340  538  198  280  566  286
 7 1996 118.5 22.5 21.0  1.5   6 151.6  441.2 361  350  516  166  295  530  235
 8 1997 138.6 20.1 19.8  0.3   1 162.3  603.5 350  347  500  153  294  500  206
 9 1998 152.1 13.5 11.7  1.8  13 123.3  726.8 389  365  546  181  303  568  265
10 1999 165.6 13.5 12.0  1.5  11 134.7  861.5 407  386  570  184  332  632  300
11 2000 172.2  6.6  5.1  1.5  22  70.0  931.6 416  371  567  196  330  610  280
12 2001 177.3  5.1  3.9  1.2  23  56.0  987.6 441  393  599  206  339  661  322
13 2002 180.9  3.6  2.7  0.9  24  40.5 1028.1 420  377  551  174  333  621  288
14 2003 187.8  6.9  4.8  2.1  30  79.9 1108.0 452  397  578  181  351  640  289
15 2004 192.6  4.8  3.9  0.9  18  57.4 1165.4 427  386  605  219  344  656  312
16 2005 198.9  6.3  3.6  2.7  42  77.5 1242.9 491  389  628  239  337  693  356
17 2006 204.0  5.1  3.9  1.2  23  64.6 1307.4 459  409  621  212  354  695  341
18 2007 208.2  4.2  3.3  0.9  21  54.4 1361.8 461  406  662  256  375  720  345
19 2008 212.7  4.5  3.3  1.2  26  59.5 1421.3 467  413  616  203  360  701  341
20 2009 216.6  3.9  3.3  0.6  15  52.6 1473.9 444  417  598  181  376  618  242
21 2010 221.1  4.5  3.3  1.2  26  61.9 1535.8 466  409  623  214  362  664  302
22 2011 226.2  5.1  3.9  1.2  23  71.7 1607.4 447  410  567  157  361  612  251
23 2012 229.5  3.3  2.4  0.9  27  47.2 1654.7 448  399  576  177  366  620  254
24 2013 231.9  2.4  1.8  0.6  25  34.8 1689.5 474  432  602  170  405  645  240
25 2014 235.5  3.6  2.1  1.5  41  52.9 1742.3 500  428  600  172  378  678  300
26 2015 240.6  5.1  3.6  1.5  29  76.3 1818.6 486  438  602  164  396  682  286
27 2016 246.3  5.7  4.8  0.9  15  87.2 1905.8 457  424  636  212  372  656  284

Core Length:  246.3 mm
Core Density: 417 kg/m3
Cross-sectional Density:  414 kg/m3
Early/Latewood Threshold: 500 kg/m3
Attenuation Constant: 3.09

ִִִִִִִִִִִִִִִִִִִִִִִִִִִִִִִִִִִִִִִִִִִִִִִִִִִִִִִִִִִִִִִִִִִִִִִִִִִִִִִ
Core : 62
ֲֲֲִִִִִִִִִִִִִִִִִִִִִִִִִִִִִִִִִִִִִִִִִִִִִִִִִִִִִִִִִִִִִִִִִִִִִִִִִִִִ
       ³Widths (mm)              ³ Areas    ³ Densities (kg/m3)
       ³                         ³ (cm‎)    ³
Ring   ³Outer Ring Erly Late   % ³Incr Total³Ring E/Wd L/Wd Unif  Min  Max  Rng
 # Year³ Rad.      Wood Wood  LW ³          ³mean mean mean
ֱֱֱִִִִִִִִִִִִִִִִִִִִִִִִִִִִִִִִִִִִִִִִִִִִִִִִִִִִִִִִִִִִִִִִִִִִִִִִִִִִ

 2 1991  17.0 17.0  9.0  0.0   0   9.1    9.1 311  311    0    0  260  423  163
 3 1992  40.7 23.7 23.7  0.0   0  43.0   52.0 305  305    0    0  242  493  251
 4 1993  71.9 31.2 31.2  0.0   0 110.4  162.4 302  302    0    0  225  457  232
 5 1994  91.7 19.8 19.2  0.6   3 101.8  264.2 317  311  525  214  228  538  310
 6 1995 115.7 24.0 22.5  1.5   6 156.4  420.5 359  347  535  188  258  582  324
 7 1996 131.9 16.2 15.3  0.9   5 126.0  546.6 350  339  533  194  277  561  284
 8 1997 143.9 12.0 11.7  0.3   2 104.0  650.5 327  322  515  193  265  515  250
 9 1998 153.8  9.9  9.0  0.9   9  92.6  743.1 350  333  517  184  290  525  235
10 1999 162.2  8.4  7.8  0.6   7  83.4  826.5 367  352  566  214  294  588  294
11 2000 168.5  6.3  6.0  0.3   4  65.5  892.0 333  323  532  209  279  532  253
12 2001 174.2  5.7  4.2  1.5  26  61.4  953.3 397  343  548  205  294  591  297
13 2002 182.0  7.8  5.4  2.4  30  87.3 1040.6 402  335  554  219  265  594  329
14 2003 191.0  9.0  7.2  1.8  20 105.5 1146.1 391  352  547  195  296  597  301
15 2004 199.4  8.4  6.9  1.5  17 103.0 1249.1 394  352  585  233  279  608  329
16 2005 207.2  7.8  6.3  1.5  19  99.6 1348.7 398  359  562  203  294  601  307
17 2006 213.2  6.0  4.8  1.2  20  79.2 1428.0 391  358  520  162  287  554  267
18 2007 219.5  6.3  4.2  2.1  33  85.6 1513.6 439  374  569  195  279  594  315
19 2008 223.7  4.2  3.3  0.9  21  58.5 1572.1 403  359  565  206  264  592  328
20 2009 228.2  4.5  3.3  1.2  26  63.9 1636.0 435  387  568  181  326  589  263
21 2010 233.6  5.4  3.3  2.1  38  78.3 1714.3 458  389  566  177  299  640  341
22 2011 242.0  8.4  5.1  3.3  39 125.5 1839.8 456  386  563  177  345  615  270
23 2012 246.8  4.8  3.6  1.2  25  73.7 1913.6 440  381  616  235  322  649  327
24 2013 253.1  6.3  4.5  1.8  28  98.9 2012.5 462  407  602  195  340  640  300
25 2014 257.6  4.5  3.0  1.5  33  72.2 2084.7 449  377  593  216  300  610  310
26 2015 261.2  3.6  2.1  1.5  41  58.7 2143.4 464  383  578  195  311  623  312
27 2016 267.5  6.3  3.6  2.7  42 104.6 2248.0 472  383  591  208  350  631  281

Core Length:  259.5 mm
Core Density: 391 kg/m3
Cross-sectional Density:  392 kg/m3
Early/Latewood Threshold: 500 kg/m3
Attenuation Constant: 3.09

ִִִִִִִִִִִִִִִִִִִִִִִִִִִִִִִִִִִִִִִִִִִִִִִִִִִִִִִִִִִִִִִִִִִִִִִִִִִִִִִ
Core : 63
ֲֲֲִִִִִִִִִִִִִִִִִִִִִִִִִִִִִִִִִִִִִִִִִִִִִִִִִִִִִִִִִִִִִִִִִִִִִִִִִִִִ
       ³Widths (mm)              ³ Areas    ³ Densities (kg/m3)
       ³                         ³ (cm‎)    ³
Ring   ³Outer Ring Erly Late   % ³Incr Total³Ring E/Wd L/Wd Unif  Min  Max  Rng
 # Year³ Rad.      Wood Wood  LW ³          ³mean mean mean
ֱֱֱִִִִִִִִִִִִִִִִִִִִִִִִִִִִִִִִִִִִִִִִִִִִִִִִִִִִִִִִִִִִִִִִִִִִִִִִִִִִ

 1 1990   1.8  1.8  1.8  0.0   0   0.1    0.1 391  391    0    0  337  461  124
 2 1991   8.1  6.3  6.3  0.0   0   2.0    2.1 348  348    0    0  293  446  153
 3 1992  28.5 20.4 19.8  0.6   2  23.5   25.5 322  315  559  244  243  563  320
 4 1993  57.3 28.8 28.8  0.0   0  77.6  103.1 314  314    0    0  231  477  246
 5 1994  87.6 30.3 29.4  0.9   2 137.9  241.1 323  317  518  201  234  539  305
 6 1995 112.5 24.9 23.7  1.2   4 156.5  397.6 342  333  520  187  258  559  301
 7 1996 133.8 21.3 20.1  1.2   5 164.8  562.4 342  331  527  196  250  564  314
 8 1997 152.1 18.3 17.7  0.6   3 164.4  726.8 346  340  531  191  266  541  275
 9 1998 165.3 13.2 12.9  0.3   2 131.6  858.4 339  334  533  199  255  533  278
10 1999 178.8 13.5 12.9  0.6   4 145.9 1004.3 346  338  502  164  285  503  218
11 2000 188.4  9.6  9.6  0.0   0 110.7 1115.1 334  334    0    0  267  489  222
12 2001 196.2  7.8  7.8  0.0   0  94.2 1209.3 341  341    0    0  293  476  183
13 2002 202.8  6.6  6.0  0.6   9  82.7 1292.1 357  339  537  198  260  558  298
14 2003 211.2  8.4  7.8  0.6   7 109.3 1401.3 363  351  519  168  289  537  248
15 2004 219.3  8.1  8.1  0.0   0 109.5 1510.9 347  347    0    0  266  492  226
16 2005 231.0 11.7 11.4  0.3   2 165.5 1676.4 364  360  504  144  264  504  240
17 2006 241.8 10.8  9.3  1.5  13 160.4 1836.8 369  345  514  169  251  522  271
18 2007 253.8 12.0  9.3  2.7  22 186.8 2023.6 381  339  529  190  279  566  287
19 2008 265.5 11.7  9.6  2.1  17 190.9 2214.5 382  350  531  181  258  545  287
20 2009 275.7 10.2  7.8  2.4  23 173.4 2387.9 397  348  556  208  286  579  293
21 2010 282.6  6.9  5.4  1.5  21 121.0 2509.0 396  349  567  218  258  624  366
22 2011 288.3  5.7  4.5  1.2  21 102.2 2611.2 402  360  561  201  307  585  278
23 2012 292.8  4.5  3.0  1.5  33  82.2 2693.3 410  337  557  220  278  599  321
24 2013 298.2  5.4  3.6  1.8  33 100.3 2793.6 424  353  567  214  298  633  335
25 2014 302.1  3.9  2.7  1.2  30  73.5 2867.2 418  357  555  198  298  596  298
26 2015 306.3  4.2  3.0  1.2  28  80.3 2947.4 430  371  577  206  334  609  275
27 2016 309.9  3.6  2.1  1.5  41  69.7 3017.1 439  354  558  204  322  599  277

Core Length:  309.9 mm
Core Density: 369 kg/m3
Cross-sectional Density:  367 kg/m3
Early/Latewood Threshold: 500 kg/m3
Attenuation Constant: 3.09

