File : C:\DENSITOM\KAWERA~2\KAWE10.DAT
Cores :
6
8
27
35
39
41
43
44
48
54
63
65

ִִִִִִִִִִִִִִִִִִִִִִִִִִִִִִִִִִִִִִִִִִִִִִִִִִִִִִִִִִִִִִִִִִִִִִִִִִִִִִִ
Core : 6
ֲֲֲִִִִִִִִִִִִִִִִִִִִִִִִִִִִִִִִִִִִִִִִִִִִִִִִִִִִִִִִִִִִִִִִִִִִִִִִִִִִ
       ³Widths (mm)              ³ Areas    ³ Densities (kg/m3)
       ³                         ³ (cm‎)    ³
Ring   ³Outer Ring Erly Late   % ³Incr Total³Ring E/Wd L/Wd Unif  Min  Max  Rng
 # Year³ Rad.      Wood Wood  LW ³          ³mean mean mean
ֱֱֱִִִִִִִִִִִִִִִִִִִִִִִִִִִִִִִִִִִִִִִִִִִִִִִִִִִִִִִִִִִִִִִִִִִִִִִִִִִִ

 2 1991  23.6 23.6 18.6  0.0   0  17.5   17.5 320  320    0    0  271  438  167
 3 1992  45.5 21.9 21.6  0.3   1  47.5   65.0 328  326  501  175  266  501  235
 4 1993  68.6 23.1 23.1  0.0   0  82.8  147.8 321  321    0    0  252  463  211
 5 1994  88.7 20.1 19.5  0.6   2  99.3  247.2 325  319  518  199  258  527  269
 6 1995 108.2 19.5 18.6  0.9   4 120.6  367.8 341  331  561  230  281  605  324
 7 1996 122.9 14.7 14.1  0.6   4 106.7  474.5 354  345  580  235  270  617  347
 8 1997 134.6 11.7 10.2  1.5  12  94.6  569.2 381  357  541  184  307  578  271
 9 1998 142.4  7.8  7.2  0.6   7  67.9  637.0 368  353  545  192  299  583  284
10 1999 148.7  6.3  6.0  0.3   4  57.6  694.7 372  366  507  141  299  507  208
11 2000 152.6  3.9  3.6  0.3   7  36.9  731.6 381  370  512  142  306  512  206
12 2001 155.3  2.7  1.8  0.9  33  26.1  757.7 418  374  504  130  338  507  169
13 2002 159.5  4.2  3.3  0.9  21  41.5  799.2 419  368  606  238  323  655  332
14 2003 164.6  5.1  3.6  1.5  29  51.9  851.2 441  390  564  174  360  639  279
15 2004 169.7  5.1  4.2  0.9  17  53.6  904.7 412  383  546  163  333  588  255
16 2005 174.5  4.8  3.6  1.2  25  51.9  956.6 439  384  605  221  321  642  321
17 2006 177.8  3.3  1.8  1.5  45  36.5  993.1 471  401  556  155  342  622  280
18 2007 182.3  4.5  3.6  0.9  20  50.9 1044.1 448  406  619  213  342  654  312
19 2008 187.1  4.8  3.3  1.5  31  55.7 1099.8 446  387  577  190  333  618  285
20 2009 192.5  5.4  3.0  2.4  44  64.4 1164.2 495  409  602  193  345  658  313
21 2010 197.0  4.5  3.9  0.6  13  55.1 1219.2 408  392  514  122  340  522  182
22 2011 200.6  3.6  2.4  1.2  33  45.0 1264.2 474  428  567  139  365  583  218
23 2012 206.0  5.4  3.6  1.8  33  69.0 1333.2 438  378  556  178  300  605  305
24 2013 210.5  4.5  3.3  1.2  26  58.9 1392.0 462  401  631  230  354  696  342
25 2014 213.8  3.3  1.5  1.8  54  44.0 1436.0 516  401  612  211  331  674  343
26 2015 218.0  4.2  2.4  1.8  42  57.0 1493.0 476  389  592  203  333  639  306
27 2016 223.1  5.1  2.4  2.7  52  70.7 1563.7 499  409  579  170  353  676  323

Core Length:  218.1 mm
Core Density: 413 kg/m3
Cross-sectional Density:  405 kg/m3
Early/Latewood Threshold: 500 kg/m3
Attenuation Constant: 3.09

ִִִִִִִִִִִִִִִִִִִִִִִִִִִִִִִִִִִִִִִִִִִִִִִִִִִִִִִִִִִִִִִִִִִִִִִִִִִִִִִ
Core : 8
ֲֲֲִִִִִִִִִִִִִִִִִִִִִִִִִִִִִִִִִִִִִִִִִִִִִִִִִִִִִִִִִִִִִִִִִִִִִִִִִִִִ
       ³Widths (mm)              ³ Areas    ³ Densities (kg/m3)
       ³                         ³ (cm‎)    ³
Ring   ³Outer Ring Erly Late   % ³Incr Total³Ring E/Wd L/Wd Unif  Min  Max  Rng
 # Year³ Rad.      Wood Wood  LW ³          ³mean mean mean
ֱֱֱִִִִִִִִִִִִִִִִִִִִִִִִִִִִִִִִִִִִִִִִִִִִִִִִִִִִִִִִִִִִִִִִִִִִִִִִִִִִ

 1 1991   8.4  8.4  8.4  0.0   0   2.2    2.2 351  351    0    0  308  475  167
 2 1992  25.5 17.1 15.9  1.2   7  18.2   20.4 346  331  541  210  285  569  284
 3 1993  47.1 21.6 21.0  0.6   2  49.3   69.7 344  339  502  163  279  503  224
 4 1994  65.1 18.0 17.1  0.9   4  63.4  133.1 367  356  575  219  308  606  298
 5 1995  78.3 13.2 12.3  0.9   6  59.5  192.6 371  355  584  229  299  630  331
 6 1996  90.3 12.0  7.8  4.2  35  63.6  256.2 432  363  561  198  295  687  392
 7 1997  98.7  8.4  6.9  1.5  17  49.9  306.0 440  410  582  172  350  641  291
 8 1998 104.1  5.4  4.2  1.2  22  34.4  340.4 424  390  544  154  321  613  292
 9 1999 106.2  2.1  0.9  1.2  57  13.9  354.3 512  470  545   75  453  587  134
10 2000 108.6  2.4  0.9  1.5  62  16.2  370.5 524  437  576  139  404  608  204
11 2001 111.3  2.7  0.6  2.1  77  18.7  389.2 533  444  558  114  433  627  194
12 2002 115.5  4.2  1.2  3.0  71  29.9  419.1 544  450  581  131  409  708  299
13 2003 117.9  2.4  0.6  1.8  75  17.6  436.7 566  492  591   99  492  691  199
14 2004 121.8  3.9  1.5  2.4  61  29.4  466.1 572  461  642  181  442  711  269
15 2005 125.7  3.9  1.5  2.4  61  30.3  496.4 523  430  581  151  400  679  279
16 2006 130.2  4.5  1.2  3.3  73  36.2  532.6 530  425  569  144  394  616  222
17 2007 136.5  6.3  3.0  3.3  52  52.8  585.3 503  423  577  154  379  652  273
18 2008 142.5  6.0  3.3  2.7  45  52.6  637.9 488  405  589  184  344  658  314
19 2009 147.9  5.4  2.1  3.3  61  49.3  687.2 514  414  578  164  382  627  245
20 2010 153.0  5.1  3.6  1.5  29  48.2  735.4 466  446  514   68  390  532  142
21 2011 158.4  5.4  3.9  1.5  27  52.8  788.2 462  434  537  103  373  566  193
22 2012 162.6  4.2  3.9  0.3   7  42.4  830.6 405  395  534  139  309  534  225
23 2013 167.1  4.5  3.9  0.6  13  46.6  877.2 435  412  585  173  343  607  264
24 2014 172.8  5.7  1.8  3.9  68  60.9  938.1 499  395  547  152  336  611  275
25 2015 177.3  4.5  2.7  1.8  40  49.5  987.6 485  438  555  117  371  585  214
26 2016 181.5  4.2  2.7  1.5  35  47.3 1034.9 492  468  535   67  419  567  148

Core Length:  181.5 mm
Core Density: 466 kg/m3
Cross-sectional Density:  460 kg/m3
Early/Latewood Threshold: 500 kg/m3
Attenuation Constant: 3.09

ִִִִִִִִִִִִִִִִִִִִִִִִִִִִִִִִִִִִִִִִִִִִִִִִִִִִִִִִִִִִִִִִִִִִִִִִִִִִִִִ
Core : 27
ֲֲֲִִִִִִִִִִִִִִִִִִִִִִִִִִִִִִִִִִִִִִִִִִִִִִִִִִִִִִִִִִִִִִִִִִִִִִִִִִִִ
       ³Widths (mm)              ³ Areas    ³ Densities (kg/m3)
       ³                         ³ (cm‎)    ³
Ring   ³Outer Ring Erly Late   % ³Incr Total³Ring E/Wd L/Wd Unif  Min  Max  Rng
 # Year³ Rad.      Wood Wood  LW ³          ³mean mean mean
ֱֱֱִִִִִִִִִִִִִִִִִִִִִִִִִִִִִִִִִִִִִִִִִִִִִִִִִִִִִִִִִִִִִִִִִִִִִִִִִִִִ

 3 1992  20.9 20.9 12.9  0.0   0  13.7   13.7 328  328    0    0  252  458  206
 4 1993  49.7 28.8 28.8  0.0   0  63.9   77.6 299  299    0    0  243  403  160
 5 1994  72.5 22.8 22.8  0.0   0  87.5  165.1 298  298    0    0  244  488  244
 6 1995  90.5 18.0 17.7  0.3   1  92.2  257.3 299  295  510  215  237  510  273
 7 1996 103.4 12.9 12.6  0.3   2  78.6  335.9 328  323  514  191  239  514  275
 8 1997 118.7 15.3 14.1  1.2   7 106.8  442.6 344  330  512  182  258  532  274
 9 1998 128.0  9.3  9.0  0.3   3  72.1  514.7 340  334  503  169  269  503  234
10 1999 136.1  8.1  7.5  0.6   7  67.2  581.9 347  330  562  232  263  576  313
11 2000 143.0  6.9  5.4  1.5  21  60.5  642.4 372  325  542  217  280  574  294
12 2001 149.6  6.6  4.8  1.8  27  60.7  703.1 420  365  566  201  289  602  313
13 2002 157.1  7.5  6.0  1.5  20  72.3  775.4 385  340  561  221  277  636  359
14 2003 165.5  8.4  6.9  1.5  17  85.1  860.5 398  365  549  184  295  606  311
15 2004 171.8  6.3  4.8  1.5  23  66.8  927.2 394  343  559  216  290  577  287
16 2005 179.0  7.2  5.7  1.5  20  79.3 1006.6 386  348  532  184  305  575  270
17 2006 184.4  5.4  4.2  1.2  22  61.6 1068.2 408  372  531  159  328  553  225
18 2007 189.5  5.1  4.2  0.9  17  59.9 1128.2 397  356  590  234  314  634  320
19 2008 193.4  3.9  3.3  0.6  15  46.9 1175.1 416  392  548  156  341  597  256
20 2009 197.0  3.6  2.1  1.5  41  44.2 1219.2 465  408  546  138  373  612  239
21 2010 200.9  3.9  2.4  1.5  38  48.8 1268.0 467  415  550  135  339  613  274
22 2011 204.8  3.9  3.6  0.3   7  49.7 1317.7 425  417  517  100  331  517  186
23 2012 210.5  5.7  3.9  1.8  31  74.4 1392.0 461  422  546  124  303  580  277
24 2013 216.5  6.0  3.3  2.7  45  80.5 1472.5 487  418  571  153  320  666  346
25 2014 222.5  6.0  4.5  1.5  25  82.7 1555.3 444  409  552  143  325  628  303
26 2015 227.0  4.5  3.3  1.2  26  63.5 1618.8 419  373  544  171  307  588  281
27 2016 231.8  4.8  3.3  1.5  31  69.2 1688.0 431  363  580  217  294  622  328

Core Length:  223.8 mm
Core Density: 390 kg/m3
Cross-sectional Density:  387 kg/m3
Early/Latewood Threshold: 500 kg/m3
Attenuation Constant: 3.09

ִִִִִִִִִִִִִִִִִִִִִִִִִִִִִִִִִִִִִִִִִִִִִִִִִִִִִִִִִִִִִִִִִִִִִִִִִִִִִִִ
Core : 35
ֲֲֲִִִִִִִִִִִִִִִִִִִִִִִִִִִִִִִִִִִִִִִִִִִִִִִִִִִִִִִִִִִִִִִִִִִִִִִִִִִִ
       ³Widths (mm)              ³ Areas    ³ Densities (kg/m3)
       ³                         ³ (cm‎)    ³
Ring   ³Outer Ring Erly Late   % ³Incr Total³Ring E/Wd L/Wd Unif  Min  Max  Rng
 # Year³ Rad.      Wood Wood  LW ³          ³mean mean mean
ֱֱֱִִִִִִִִִִִִִִִִִִִִִִִִִִִִִִִִִִִִִִִִִִִִִִִִִִִִִִִִִִִִִִִִִִִִִִִִִִִִ

 1 1990   7.7  7.7  5.7  0.0   0   1.9    1.9 329  329    0    0  142  408  266
 2 1991  14.3  6.6  6.6  0.0   0   4.6    6.4 302  302    0    0  235  414  179
 3 1992  34.4 20.1 20.1  0.0   0  30.8   37.2 267  267    0    0  213  447  234
 4 1993  57.8 23.4 23.4  0.0   0  67.8  105.0 277  277    0    0  209  455  246
 5 1994  76.1 18.3 18.3  0.0   0  77.0  181.9 283  283    0    0  214  493  279
 6 1995  92.3 16.2 16.2  0.0   0  85.7  267.6 287  287    0    0  239  460  221
 7 1996 107.0 14.7 14.7  0.0   0  92.0  359.7 306  306    0    0  220  454  234
 8 1997 119.6 12.6 12.3  0.3   2  89.7  449.4 332  328  529  201  251  529  278
 9 1998 130.4 10.8 10.5  0.3   2  84.8  534.2 344  340  517  177  267  517  250
10 1999 140.9 10.5  9.9  0.6   5  89.5  623.7 376  367  527  160  304  540  236
11 2000 147.8  6.9  5.4  1.5  21  62.6  686.3 398  355  554  199  295  581  286
12 2001 158.3 10.5  8.4  2.1  20 101.0  787.2 395  358  544  186  296  591  295
13 2002 165.5  7.2  5.7  1.5  20  73.2  860.5 392  349  556  207  281  593  312
14 2003 177.2 11.7  9.9  1.8  15 126.0  986.5 402  376  548  172  305  597  292
15 2004 184.7  7.5  5.4  2.1  28  85.3 1071.7 414  356  562  206  299  589  290
16 2005 191.0  6.3  4.5  1.8  28  74.4 1146.1 407  351  547  196  301  594  293
17 2006 197.3  6.3  3.6  2.7  42  76.9 1222.9 459  388  555  167  296  626  330
18 2007 204.8  7.5  4.5  3.0  40  94.7 1317.7 449  377  557  180  305  598  293
19 2008 210.8  6.0  4.2  1.8  30  78.3 1396.0 434  384  552  168  308  594  286
20 2009 215.0  4.2  2.4  1.8  42  56.2 1452.2 454  372  564  192  300  610  310
21 2010 218.3  3.3  2.1  1.2  36  44.9 1497.1 462  398  574  176  312  614  302
22 2011 222.2  3.9  2.7  1.2  30  54.0 1551.1 425  370  549  179  332  565  233
23 2012 225.5  3.3  2.1  1.2  36  46.4 1597.5 455  382  583  201  296  624  328
24 2013 229.7  4.2  3.0  1.2  28  60.1 1657.6 474  416  619  203  375  650  275
25 2014 232.1  2.4  1.2  1.2  50  34.8 1692.4 481  393  570  177  356  613  257
26 2015 235.4  3.3  1.8  1.5  45  48.5 1740.9 530  456  619  163  381  671  290
27 2016 239.6  4.2  1.5  2.7  64  62.7 1803.5 515  434  560  126  401  672  271

Core Length:  237.6 mm
Core Density: 394 kg/m3
Cross-sectional Density:  394 kg/m3
Early/Latewood Threshold: 500 kg/m3
Attenuation Constant: 3.09

ִִִִִִִִִִִִִִִִִִִִִִִִִִִִִִִִִִִִִִִִִִִִִִִִִִִִִִִִִִִִִִִִִִִִִִִִִִִִִִִ
Core : 39
ֲֲֲִִִִִִִִִִִִִִִִִִִִִִִִִִִִִִִִִִִִִִִִִִִִִִִִִִִִִִִִִִִִִִִִִִִִִִִִִִִִ
       ³Widths (mm)              ³ Areas    ³ Densities (kg/m3)
       ³                         ³ (cm‎)    ³
Ring   ³Outer Ring Erly Late   % ³Incr Total³Ring E/Wd L/Wd Unif  Min  Max  Rng
 # Year³ Rad.      Wood Wood  LW ³          ³mean mean mean
ֱֱֱִִִִִִִִִִִִִִִִִִִִִִִִִִִִִִִִִִִִִִִִִִִִִִִִִִִִִִִִִִִִִִִִִִִִִִִִִִִִ

 2 1991  15.0 15.0  8.4  0.6   4   7.1    7.1 406  398  516  118  287  525  238
 3 1992  31.2 16.2 14.7  1.5   9  23.5   30.6 410  395  558  163  360  602  242
 4 1993  52.2 21.0 19.5  1.5   7  55.0   85.6 379  366  538  172  314  573  259
 5 1994  72.3 20.1 18.9  1.2   5  78.6  164.2 370  359  543  184  310  573  263
 6 1995  88.2 15.9 15.3  0.6   3  80.2  244.4 378  371  553  182  316  572  256
 7 1996 102.3 14.1 13.5  0.6   4  84.4  328.8 365  358  515  157  278  524  246
 8 1997 113.7 11.4 11.4  0.0   0  77.4  406.1 354  354    0    0  284  484  200
 9 1998 122.1  8.4  7.2  1.2  14  62.2  468.4 386  361  536  175  275  581  306
10 1999 130.5  8.4  6.9  1.5  17  66.7  535.0 405  380  523  143  317  549  232
11 2000 134.1  3.6  2.1  1.5  41  29.9  564.9 428  333  561  228  303  603  300
12 2001 136.8  2.7  1.2  1.5  55  23.0  587.9 492  396  570  174  346  623  277
13 2002 139.8  3.0  1.8  1.2  40  26.1  614.0 482  386  626  240  335  709  374
14 2003 142.2  2.4  1.2  1.2  49  21.3  635.3 534  441  627  186  434  700  266
15 2004 144.9  2.7  0.9  1.8  66  24.4  659.6 529  422  582  160  364  685  321
16 2005 147.9  3.0  0.9  2.1  70  27.6  687.2 559  448  606  158  424  698  274
17 2006 150.0  2.1  0.6  1.5  71  19.7  706.9 552  447  594  147  420  657  237
18 2007 153.3  3.3  0.9  2.4  72  31.4  738.3 538  386  595  209  372  687  315
19 2008 157.2  3.9  1.5  2.4  61  38.0  776.3 544  420  621  201  357  688  331
20 2009 160.2  3.0  1.2  1.8  60  29.9  806.3 542  426  619  193  407  672  265
21 2010 162.9  2.7  0.9  1.8  66  27.4  833.7 558  426  624  198  360  672  312
22 2011 165.9  3.0  1.2  1.8  60  31.0  864.7 519  410  592  182  385  657  272
23 2012 167.7  1.8  0.9  0.9  49  18.9  883.5 477  383  572  189  339  602  263
24 2013 170.4  2.7  0.9  1.8  66  28.7  912.2 528  433  575  142  389  641  252
25 2014 173.1  2.7  0.9  1.8  66  29.1  941.3 530  404  593  189  362  619  257
26 2015 177.0  3.9  1.2  2.7  69  42.9  984.2 503  408  545  137  368  598  230
27 2016 179.7  2.7  1.2  1.5  55  30.3 1014.5 484  403  549  146  353  593  240

Core Length:  173.7 mm
Core Density: 471 kg/m3
Cross-sectional Density:  443 kg/m3
Early/Latewood Threshold: 500 kg/m3
Attenuation Constant: 3.09

ִִִִִִִִִִִִִִִִִִִִִִִִִִִִִִִִִִִִִִִִִִִִִִִִִִִִִִִִִִִִִִִִִִִִִִִִִִִִִִִ
Core : 41
ֲֲֲִִִִִִִִִִִִִִִִִִִִִִִִִִִִִִִִִִִִִִִִִִִִִִִִִִִִִִִִִִִִִִִִִִִִִִִִִִִִ
       ³Widths (mm)              ³ Areas    ³ Densities (kg/m3)
       ³                         ³ (cm‎)    ³
Ring   ³Outer Ring Erly Late   % ³Incr Total³Ring E/Wd L/Wd Unif  Min  Max  Rng
 # Year³ Rad.      Wood Wood  LW ³          ³mean mean mean
ֱֱֱִִִִִִִִִִִִִִִִִִִִִִִִִִִִִִִִִִִִִִִִִִִִִִִִִִִִִִִִִִִִִִִִִִִִִִִִִִִִ

 1 1990   6.6  6.6  3.6  0.0   0   1.4    1.4 355  355    0    0  261  389  128
 2 1991  13.2  6.6  6.6  0.0   0   4.1    5.5 331  331    0    0  275  385  110
 3 1992  26.7 13.5 13.5  0.0   0  16.9   22.4 354  354    0    0  291  458  167
 4 1993  52.5 25.8 25.8  0.0   0  64.2   86.6 328  328    0    0  271  473  202
 5 1994  70.8 18.3 18.3  0.0   0  70.9  157.5 307  307    0    0  252  352  100
 6 1995  81.9 11.1 11.1  0.0   0  53.2  210.7 381  381    0    0  310  463  153
 7 1996 112.5 30.6 29.1  1.5   4 186.9  397.6 341  332  521  189  280  527  247
 8 1997 136.5 24.0 23.1  0.9   3 187.7  585.3 349  341  543  202  282  556  274
 9 1998 154.5 18.0 18.0  0.0   0 164.6  749.9 340  340    0    0  272  424  152
10 1999 158.1  3.6  2.4  1.2  33  35.4  785.3 446  410  519  109  300  534  234
11 2000 175.2 17.1 16.5  0.6   3 179.1  964.3 348  343  502  159  250  503  253
12 2001 183.9  8.7  8.1  0.6   6  98.1 1062.5 342  327  545  218  249  560  311
13 2002 185.1  1.2  0.6  0.6  50  13.9 1076.4 495  434  557  123  380  574  194
14 2003 192.0  6.9  6.3  0.6   8  81.7 1158.1 368  355  503  148  305  504  199
15 2004 195.6  3.6  3.0  0.6  16  43.8 1202.0 376  340  556  216  276  596  320
16 2005 198.3  2.7  2.7  0.0   0  33.4 1235.4 372  372    0    0  310  467  157
17 2006 200.7  2.4  2.1  0.3  12  30.1 1265.4 355  331  520  189  271  520  249
18 2007 204.0  3.3  2.7  0.6  18  42.0 1307.4 388  348  567  219  306  585  279
19 2008 207.6  3.6  2.7  0.9  25  46.6 1354.0 408  355  566  211  295  596  301
20 2009 211.2  3.6  3.0  0.6  16  47.4 1401.3 416  382  581  199  301  599  298
21 2010 213.0  1.8  1.5  0.3  16  24.0 1425.3 411  390  513  123  336  513  177
22 2011 214.5  1.5  1.5  0.0   0  20.1 1445.5 401  401    0    0  357  445   88
23 2012 216.3  1.8  1.8  0.0   0  24.4 1469.8 446  446    0    0  404  480   76
24 2013 217.5  1.2  0.9  0.3  24  16.4 1486.2 460  438  526   88  400  526  126
25 2014 219.9  2.4  2.1  0.3  12  33.0 1519.1 458  447  531   84  406  531  125
26 2015 221.1  1.2  0.9  0.3  25  16.6 1535.8 449  430  507   77  397  507  110
27 2016 222.6  1.5  1.5  0.0   0  20.9 1556.7 415  415    0    0  266  494  228

Core Length:  219.6 mm
Core Density: 386 kg/m3
Cross-sectional Density:  364 kg/m3
Early/Latewood Threshold: 500 kg/m3
Attenuation Constant: 3.09

ִִִִִִִִִִִִִִִִִִִִִִִִִִִִִִִִִִִִִִִִִִִִִִִִִִִִִִִִִִִִִִִִִִִִִִִִִִִִִִִ
Core : 43
ֲֲֲִִִִִִִִִִִִִִִִִִִִִִִִִִִִִִִִִִִִִִִִִִִִִִִִִִִִִִִִִִִִִִִִִִִִִִִִִִִִ
       ³Widths (mm)              ³ Areas    ³ Densities (kg/m3)
       ³                         ³ (cm‎)    ³
Ring   ³Outer Ring Erly Late   % ³Incr Total³Ring E/Wd L/Wd Unif  Min  Max  Rng
 # Year³ Rad.      Wood Wood  LW ³          ³mean mean mean
ֱֱֱִִִִִִִִִִִִִִִִִִִִִִִִִִִִִִִִִִִִִִִִִִִִִִִִִִִִִִִִִִִִִִִִִִִִִִִִִִִִ

 2 1991  18.3 18.3 11.4  0.9   4  10.5   10.5 357  344  517  173  271  536  265
 3 1992  36.0 17.7 17.7  0.0   0  30.2   40.7 296  296    0    0  233  487  254
 4 1993  60.9 24.9 24.9  0.0   0  75.8  116.5 317  317    0    0  241  455  214
 5 1994  83.7 22.8 22.8  0.0   0 103.6  220.1 324  324    0    0  258  461  203
 6 1995 102.0 18.3 17.7  0.6   3 106.8  326.9 352  346  524  178  281  528  247
 7 1996 123.9 21.9 21.6  0.3   1 155.4  482.3 363  361  508  147  288  508  220
 8 1997 141.3 17.4 15.9  1.5   8 145.0  627.2 362  348  516  168  298  549  251
 9 1998 149.4  8.1  6.0  2.1  25  74.0  701.2 421  375  553  178  315  636  321
10 1999 160.8 11.4 10.5  0.9   7 111.1  812.3 410  400  528  128  346  535  189
11 2000 167.1  6.3  5.4  0.9  14  64.9  877.2 368  340  541  201  280  560  280
12 2001 172.2  5.1  3.6  1.5  29  54.4  931.6 410  342  572  230  284  625  341
13 2002 179.4  7.2  4.5  2.7  37  79.5 1011.1 448  371  577  206  299  643  344
14 2003 184.8  5.4  4.5  0.9  16  61.8 1072.9 405  368  591  223  302  602  300
15 2004 189.0  4.2  3.0  1.2  28  49.3 1122.2 409  351  552  201  306  596  290
16 2005 191.1  2.1  2.1  0.0   0  25.1 1147.3 354  354    0    0  291  450  159
17 2006 192.3  1.2  0.3  0.9  75  14.5 1161.7 513  333  574  241  333  614  281
18 2007 194.4  2.1  1.5  0.6  28  25.5 1187.3 456  397  604  207  347  610  263
19 2008 197.1  2.7  2.1  0.6  22  33.2 1220.5 486  427  694  267  346  716  370
20 2009 201.3  4.2  2.7  1.5  35  52.6 1273.0 488  397  651  254  348  683  335
21 2010 204.9  3.6  2.7  0.9  24  45.9 1319.0 447  399  592  193  350  644  294
22 2011 207.6  2.7  2.7  0.0   0  35.0 1354.0 407  407    0    0  330  495  165
23 2012 208.5  0.9  0.6  0.3  33  11.8 1365.7 405  351  513  162  335  513  178
24 2013 210.3  1.8  1.2  0.6  33  23.7 1389.4 450  387  576  189  320  593  273
25 2014 212.4  2.1  1.5  0.6  28  27.9 1417.3 450  410  548  138  324  559  235
26 2015 214.5  2.1  1.8  0.3  14  28.2 1445.5 450  420  633  213  345  633  288
27 2016 215.4  0.9  0.3  0.6  66  12.2 1457.6 486  328  565  237  328  588  260

Core Length:  209.4 mm
Core Density: 409 kg/m3
Cross-sectional Density:  392 kg/m3
Early/Latewood Threshold: 500 kg/m3
Attenuation Constant: 3.09

ִִִִִִִִִִִִִִִִִִִִִִִִִִִִִִִִִִִִִִִִִִִִִִִִִִִִִִִִִִִִִִִִִִִִִִִִִִִִִִִ
Core : 44
ֲֲֲִִִִִִִִִִִִִִִִִִִִִִִִִִִִִִִִִִִִִִִִִִִִִִִִִִִִִִִִִִִִִִִִִִִִִִִִִִִִ
       ³Widths (mm)              ³ Areas    ³ Densities (kg/m3)
       ³                         ³ (cm‎)    ³
Ring   ³Outer Ring Erly Late   % ³Incr Total³Ring E/Wd L/Wd Unif  Min  Max  Rng
 # Year³ Rad.      Wood Wood  LW ³          ³mean mean mean
ֱֱֱִִִִִִִִִִִִִִִִִִִִִִִִִִִִִִִִִִִִִִִִִִִִִִִִִִִִִִִִִִִִִִִִִִִִִִִִִִִִ

 2 1991  13.7 13.7  6.6  2.1  15   5.9    5.9 384  339  526  187  240  535  295
 3 1992  24.2 10.5 10.5  0.0   0  12.5   18.4 379  379    0    0  303  442  139
 4 1993  47.3 23.1 23.1  0.0   0  51.9   70.3 311  311    0    0  250  433  183
 5 1994  65.9 18.6 18.6  0.0   0  66.1  136.4 295  295    0    0  239  449  210
 6 1995  82.4 16.5 16.5  0.0   0  76.9  213.3 322  322    0    0  252  495  243
 7 1996  97.1 14.7 14.4  0.3   2  82.9  296.2 361  358  522  164  238  522  284
 8 1997 110.3 13.2 11.4  1.8  13  86.0  382.2 376  354  516  162  257  527  270
 9 1998 116.3  6.0  5.4  0.6  10  42.7  424.9 353  332  540  208  261  558  297
10 1999 120.2  3.9  2.4  1.5  38  29.0  453.9 465  384  595  211  343  623  280
11 2000 123.8  3.6  2.7  0.9  25  27.6  481.5 436  386  585  199  289  620  331
12 2001 127.1  3.3  1.5  1.8  54  26.0  507.5 486  369  584  215  326  693  367
13 2002 130.4  3.3  1.8  1.5  45  26.7  534.2 494  400  607  207  345  662  317
14 2003 136.7  6.3  3.9  2.4  38  52.9  587.1 487  388  647  259  330  714  384
15 2004 143.3  6.6  4.8  1.8  27  58.1  645.1 455  398  605  207  295  692  397
16 2005 148.4  5.1  3.9  1.2  23  46.7  691.9 432  361  664  303  277  698  421
17 2006 152.3  3.9  2.4  1.5  38  36.8  728.7 458  362  612  250  323  685  362
18 2007 156.2  3.9  2.1  1.8  46  37.8  766.5 494  383  622  239  315  742  427
19 2008 160.1  3.9  2.1  1.8  46  38.8  805.3 492  370  635  265  320  702  382
20 2009 162.8  2.7  1.5  1.2  44  27.4  832.6 499  397  626  229  347  660  313
21 2010 165.8  3.0  1.8  1.2  40  31.0  863.6 449  381  553  172  340  610  270
22 2011 168.5  2.7  1.5  1.2  44  28.4  892.0 492  411  594  183  313  676  363
23 2012 170.0  1.5  0.6  0.9  60  16.0  907.9 517  438  570  132  398  649  251
24 2013 173.3  3.3  1.8  1.5  45  35.6  943.5 528  408  672  264  352  734  382
25 2014 176.9  3.6  1.2  2.4  66  39.6  983.1 532  365  616  251  323  711  388
26 2015 179.9  3.0  1.8  1.2  40  33.6 1016.7 487  382  644  262  330  718  388
27 2016 182.3  2.4  1.2  1.2  50  27.3 1044.1 488  382  595  213  352  671  319

Core Length:  177.3 mm
Core Density: 441 kg/m3
Cross-sectional Density:  423 kg/m3
Early/Latewood Threshold: 500 kg/m3
Attenuation Constant: 3.09

ִִִִִִִִִִִִִִִִִִִִִִִִִִִִִִִִִִִִִִִִִִִִִִִִִִִִִִִִִִִִִִִִִִִִִִִִִִִִִִִ
Core : 48
ֲֲֲִִִִִִִִִִִִִִִִִִִִִִִִִִִִִִִִִִִִִִִִִִִִִִִִִִִִִִִִִִִִִִִִִִִִִִִִִִִִ
       ³Widths (mm)              ³ Areas    ³ Densities (kg/m3)
       ³                         ³ (cm‎)    ³
Ring   ³Outer Ring Erly Late   % ³Incr Total³Ring E/Wd L/Wd Unif  Min  Max  Rng
 # Year³ Rad.      Wood Wood  LW ³          ³mean mean mean
ֱֱֱִִִִִִִִִִִִִִִִִִִִִִִִִִִִִִִִִִִִִִִִִִִִִִִִִִִִִִִִִִִִִִִִִִִִִִִִִִִִ

 2 1991  14.5 14.5 10.5  0.0   0   6.6    6.6 302  302    0    0  253  408  155
 3 1992  37.6 23.1 23.1  0.0   0  37.8   44.4 301  301    0    0  249  464  215
 4 1993  64.0 26.4 26.4  0.0   0  84.3  128.7 298  298    0    0  245  435  190
 5 1994  86.8 22.8 22.5  0.3   1 108.0  236.7 295  292  503  211  237  503  266
 6 1995 105.1 18.3 17.7  0.6   3 110.3  347.0 313  306  517  211  249  518  269
 7 1996 118.9 13.8 13.2  0.6   4  97.1  444.1 345  336  554  218  254  569  315
 8 1997 127.6  8.7  8.1  0.6   6  67.4  511.5 358  345  530  185  261  547  286
 9 1998 133.0  5.4  4.5  0.9  16  44.2  555.7 377  347  524  177  279  549  270
10 1999 138.4  5.4  4.5  0.9  16  46.0  601.8 393  366  531  165  269  550  281
11 2000 141.4  3.0  2.4  0.6  20  26.4  628.1 420  379  588  209  283  621  338
12 2001 144.4  3.0  1.8  1.2  40  26.9  655.1 446  372  559  187  300  575  275
13 2002 148.3  3.9  2.4  1.5  38  35.9  690.9 445  357  585  228  287  652  365
14 2003 152.2  3.9  2.4  1.5  38  36.8  727.7 473  407  579  172  351  626  275
15 2004 156.4  4.2  3.0  1.2  28  40.7  768.5 447  391  586  195  321  653  332
16 2005 160.0  3.6  2.4  1.2  33  35.8  804.2 479  424  591  167  322  639  317
17 2006 163.0  3.0  1.5  1.5  50  30.4  834.7 508  409  608  199  340  676  336
18 2007 168.1  5.1  3.3  1.8  35  53.0  887.7 468  398  596  198  325  620  295
19 2008 174.4  6.3  4.2  2.1  33  67.8  955.5 441  376  571  195  310  628  318
20 2009 179.2  4.8  3.0  1.8  37  53.3 1008.8 453  374  585  211  297  610  313
21 2010 184.0  4.8  3.0  1.8  37  54.8 1063.6 449  385  557  172  301  635  334
22 2011 187.3  3.3  1.8  1.5  45  38.5 1102.1 477  411  556  145  338  573  235
23 2012 190.0  2.7  1.5  1.2  44  32.0 1134.1 478  414  559  145  364  593  229
24 2013 192.4  2.4  0.6  1.8  74  28.8 1162.9 529  377  579  202  326  649  323
25 2014 195.4  3.0  0.9  2.1  70  36.5 1199.5 517  395  569  174  338  622  284
26 2015 199.9  4.5  2.4  2.1  46  55.9 1255.4 469  387  562  175  310  606  296
27 2016 206.2  6.3  3.9  2.4  38  80.4 1335.8 469  405  574  169  322  650  328

Core Length:  202.2 mm
Core Density: 421 kg/m3
Cross-sectional Density:  404 kg/m3
Early/Latewood Threshold: 500 kg/m3
Attenuation Constant: 3.09

ִִִִִִִִִִִִִִִִִִִִִִִִִִִִִִִִִִִִִִִִִִִִִִִִִִִִִִִִִִִִִִִִִִִִִִִִִִִִִִִ
Core : 54
ֲֲֲִִִִִִִִִִִִִִִִִִִִִִִִִִִִִִִִִִִִִִִִִִִִִִִִִִִִִִִִִִִִִִִִִִִִִִִִִִִִ
       ³Widths (mm)              ³ Areas    ³ Densities (kg/m3)
       ³                         ³ (cm‎)    ³
Ring   ³Outer Ring Erly Late   % ³Incr Total³Ring E/Wd L/Wd Unif  Min  Max  Rng
 # Year³ Rad.      Wood Wood  LW ³          ³mean mean mean
ֱֱֱִִִִִִִִִִִִִִִִִִִִִִִִִִִִִִִִִִִִִִִִִִִִִִִִִִִִִִִִִִִִִִִִִִִִִִִִִִִִ

 1 1990   7.5  7.5  4.5  0.0   0   1.8    1.8 359  359    0    0  324  381   57
 2 1991  12.0  4.5  3.6  0.9  20   2.8    4.5 402  367  544  177  266  566  300
 3 1992  30.3 18.3 18.3  0.0   0  24.3   28.8 338  338    0    0  247  486  239
 4 1993  56.4 26.1 26.1  0.0   0  71.1   99.9 309  309    0    0  222  441  219
 5 1994  80.4 24.0 23.4  0.6   2 103.1  203.1 313  308  536  228  261  537  276
 6 1995  98.1 17.7 17.4  0.3   1  99.3  302.3 330  326  565  239  256  565  309
 7 1996 110.4 12.3 11.7  0.6   4  80.6  382.9 362  351  571  220  278  605  327
 8 1997 121.2 10.8  9.9  0.9   8  78.6  461.5 353  335  548  213  268  564  296
 9 1998 129.3  8.1  6.3  1.8  22  63.7  525.2 410  372  542  170  318  592  274
10 1999 136.2  6.9  6.9  0.0   0  57.6  582.8 393  393    0    0  336  490  154
11 2000 139.2  3.0  2.4  0.6  20  26.0  608.7 437  410  549  139  352  574  222
12 2001 142.5  3.3  2.1  1.2  36  29.2  637.9 477  425  569  144  381  601  220
13 2002 147.0  4.5  2.7  1.8  40  40.9  678.9 480  421  568  147  384  639  255
14 2003 150.9  3.9  2.7  1.2  30  36.5  715.4 472  439  547  108  408  608  200
15 2004 152.7  1.8  1.2  0.6  33  17.2  732.5 500  464  574  110  446  606  160
16 2005 155.7  3.0  0.9  2.1  70  29.1  761.6 552  472  587  115  459  703  244
17 2006 158.4  2.7  1.5  1.2  44  26.6  788.2 503  459  559  100  433  596  163
18 2007 160.2  1.8  1.5  0.3  16  18.0  806.3 478  465  546   81  429  546  117
19 2008 162.3  2.1  0.9  1.2  57  21.3  827.5 544  463  605  142  439  670  231
20 2009 164.4  2.1  0.6  1.5  71  21.6  849.1 567  458  611  153  451  696  245
21 2010 166.2  1.8  0.3  1.5  83  18.7  867.8 562  476  580  104  476  704  228
22 2011 167.7  1.5  0.3  1.2  80  15.7  883.5 591  496  615  119  496  711  215
23 2012 170.1  2.4  0.9  1.5  62  25.5  909.0 563  454  629  175  423  714  291
24 2013 172.8  2.7  0.6  2.1  77  29.1  938.1 578  478  607  129  478  682  204
25 2014 175.5  2.7  0.9  1.8  66  29.5  967.6 566  472  613  141  464  696  232
26 2015 177.0  1.5  0.6  0.9  60  16.6  984.2 548  487  589  102  477  607  130
27 2016 177.9  0.9  0.3  0.6  66  10.0  994.3 536  493  557   64  493  594  101

Core Length:  174.9 mm
Core Density: 463 kg/m3
Cross-sectional Density:  419 kg/m3
Early/Latewood Threshold: 500 kg/m3
Attenuation Constant: 3.09

ִִִִִִִִִִִִִִִִִִִִִִִִִִִִִִִִִִִִִִִִִִִִִִִִִִִִִִִִִִִִִִִִִִִִִִִִִִִִִִִ
Core : 63
ֲֲֲִִִִִִִִִִִִִִִִִִִִִִִִִִִִִִִִִִִִִִִִִִִִִִִִִִִִִִִִִִִִִִִִִִִִִִִִִִִִ
       ³Widths (mm)              ³ Areas    ³ Densities (kg/m3)
       ³                         ³ (cm‎)    ³
Ring   ³Outer Ring Erly Late   % ³Incr Total³Ring E/Wd L/Wd Unif  Min  Max  Rng
 # Year³ Rad.      Wood Wood  LW ³          ³mean mean mean
ֱֱֱִִִִִִִִִִִִִִִִִִִִִִִִִִִִִִִִִִִִִִִִִִִִִִִִִִִִִִִִִִִִִִִִִִִִִִִִִִִִ

 1 1990   5.6  5.6  3.6  0.0   0   1.0    1.0 323  323    0    0  300  355   55
 2 1991  10.7  5.1  5.1  0.0   0   2.6    3.6 324  324    0    0  270  384  114
 3 1992  25.1 14.4 14.4  0.0   0  16.2   19.8 317  317    0    0  255  459  204
 4 1993  49.1 24.0 24.0  0.0   0  55.9   75.7 299  299    0    0  204  460  256
 5 1994  70.1 21.0 20.4  0.6   2  78.6  154.4 320  314  529  215  251  530  279
 6 1995  89.6 19.5 18.6  0.9   4  97.8  252.2 360  351  553  202  303  567  264
 7 1996 104.6 15.0 14.4  0.6   4  91.5  343.7 366  360  516  156  290  527  237
 8 1997 116.9 12.3 10.5  1.8  14  85.6  429.3 399  374  550  176  314  600  286
 9 1998 127.4 10.5  7.8  2.7  25  80.6  509.9 419  367  570  203  318  620  302
10 1999 139.1 11.7  9.9  1.8  15  98.0  607.9 434  412  555  143  364  615  251
11 2000 145.7  6.6  4.8  1.8  27  59.1  666.9 445  390  593  203  366  618  252
12 2001 151.4  5.7  3.9  1.8  31  53.2  720.1 466  414  579  165  372  620  248
13 2002 156.5  5.1  2.7  2.4  47  49.3  769.4 486  406  576  170  366  688  322
14 2003 161.6  5.1  3.3  1.8  35  51.0  820.4 492  435  599  164  408  696  288
15 2004 167.0  5.4  3.3  2.1  38  55.7  876.2 498  426  612  186  399  639  240
16 2005 172.7  5.7  3.6  2.1  36  60.8  937.0 488  436  578  142  375  616  241
17 2006 178.4  5.7  2.4  3.3  57  62.9  999.9 527  444  588  144  418  640  222
18 2007 184.7  6.3  4.5  1.8  28  71.9 1071.7 492  438  626  188  403  686  283
19 2008 191.3  6.6  4.2  2.4  36  78.0 1149.7 512  445  628  183  400  700  300
20 2009 197.6  6.3  3.3  3.0  47  77.0 1226.7 511  427  603  176  389  663  274
21 2010 203.9  6.3  3.0  3.3  52  79.5 1306.1 484  405  556  151  367  604  237
22 2011 208.7  4.8  3.0  1.8  37  62.2 1368.3 476  408  589  181  375  630  255
23 2012 211.7  3.0  2.1  0.9  30  39.6 1408.0 475  413  620  207  350  671  321
24 2013 214.4  2.7  1.8  0.9  33  36.1 1444.1 523  462  644  182  446  685  239
25 2014 217.1  2.7  0.9  1.8  66  36.6 1480.7 544  427  603  176  375  659  284
26 2015 219.5  2.4  0.9  1.5  62  32.9 1513.6 513  420  569  149  406  673  267
27 2016 223.7  4.2  1.2  3.0  71  58.5 1572.1 534  440  571  131  415  673  258

Core Length:  221.7 mm
Core Density: 445 kg/m3
Cross-sectional Density:  449 kg/m3
Early/Latewood Threshold: 500 kg/m3
Attenuation Constant: 3.09

ִִִִִִִִִִִִִִִִִִִִִִִִִִִִִִִִִִִִִִִִִִִִִִִִִִִִִִִִִִִִִִִִִִִִִִִִִִִִִִִ
Core : 65
ֲֲֲִִִִִִִִִִִִִִִִִִִִִִִִִִִִִִִִִִִִִִִִִִִִִִִִִִִִִִִִִִִִִִִִִִִִִִִִִִִִ
       ³Widths (mm)              ³ Areas    ³ Densities (kg/m3)
       ³                         ³ (cm‎)    ³
Ring   ³Outer Ring Erly Late   % ³Incr Total³Ring E/Wd L/Wd Unif  Min  Max  Rng
 # Year³ Rad.      Wood Wood  LW ³          ³mean mean mean
ֱֱֱִִִִִִִִִִִִִִִִִִִִִִִִִִִִִִִִִִִִִִִִִִִִִִִִִִִִִִִִִִִִִִִִִִִִִִִִִִִִ

 1 1990   3.0  3.0  3.0  0.0   0   0.3    0.3 340  340    0    0  178  496  318
 2 1991   9.6  6.6  6.6  0.0   0   2.6    2.9 325  325    0    0  257  433  176
 3 1992  30.0 20.4 20.4  0.0   0  25.4   28.3 287  287    0    0  223  464  241
 4 1993  54.9 24.9 24.9  0.0   0  66.4   94.7 289  289    0    0  221  432  211
 5 1994  78.6 23.7 23.4  0.3   1  99.4  194.1 306  303  501  198  243  501  258
 6 1995 102.0 23.4 23.1  0.3   1 132.8  326.9 337  334  535  201  293  535  242
 7 1996 122.7 20.7 20.1  0.6   2 146.1  473.0 332  326  548  222  258  566  308
 8 1997 140.1 17.4 17.4  0.0   0 143.7  616.6 349  349    0    0  296  494  198
 9 1998 149.7  9.6  8.7  0.9   9  87.4  704.0 349  332  513  181  259  516  257
10 1999 158.7  9.0  9.0  0.0   0  87.2  791.2 346  346    0    0  250  493  243
11 2000 166.2  7.5  7.5  0.0   0  76.6  867.8 355  355    0    0  259  480  221
12 2001 176.1  9.9  9.6  0.3   3 106.5  974.2 372  368  517  149  262  517  255
13 2002 183.9  7.8  5.4  2.4  30  88.2 1062.5 390  317  555  238  252  591  339
14 2003 192.6  8.7  7.5  1.2  13 102.9 1165.4 373  349  523  174  299  543  244
15 2004 198.6  6.0  4.5  1.5  25  73.7 1239.1 373  319  534  215  272  553  281
16 2005 204.0  5.4  4.5  0.9  16  68.3 1307.4 391  358  553  195  302  570  268
17 2006 207.0  3.0  2.4  0.6  20  38.7 1346.1 390  352  543  191  285  566  281
18 2007 210.9  3.9  3.3  0.6  15  51.2 1397.3 409  370  621  251  307  625  318
19 2008 215.7  4.8  3.6  1.2  24  64.3 1461.7 416  362  580  218  284  624  340
20 2009 220.2  4.5  3.6  0.9  20  61.6 1523.3 410  368  575  207  310  627  317
21 2010 224.4  4.2  3.3  0.9  21  58.7 1582.0 410  368  563  195  280  588  308
22 2011 226.8  2.4  1.8  0.6  25  34.0 1616.0 418  378  537  159  331  543  212
23 2012 228.9  2.1  1.5  0.6  28  30.1 1646.0 412  362  538  176  302  574  272
24 2013 231.0  2.1  1.2  0.9  42  30.3 1676.4 431  348  543  195  316  564  248
25 2014 235.5  4.5  2.7  1.8  40  65.9 1742.3 454  397  539  142  305  575  270
26 2015 238.8  3.3  2.1  1.2  36  49.2 1791.5 455  394  563  169  319  597  278
27 2016 243.0  4.2  3.3  0.9  21  63.6 1855.1 402  362  550  188  298  567  269

Core Length:  243.0 mm
Core Density: 374 kg/m3
Cross-sectional Density:  369 kg/m3
Early/Latewood Threshold: 500 kg/m3
Attenuation Constant: 3.09

