File : C:\DENSITOM\KAWERA~2\KAWE2.DAT
Cores :
14
19
29
30
32
34
37
38
46
59
64
66

ִִִִִִִִִִִִִִִִִִִִִִִִִִִִִִִִִִִִִִִִִִִִִִִִִִִִִִִִִִִִִִִִִִִִִִִִִִִִִִִ
Core : 14
ֲֲֲִִִִִִִִִִִִִִִִִִִִִִִִִִִִִִִִִִִִִִִִִִִִִִִִִִִִִִִִִִִִִִִִִִִִִִִִִִִִ
       ³Widths (mm)              ³ Areas    ³ Densities (kg/m3)
       ³                         ³ (cm‎)    ³
Ring   ³Outer Ring Erly Late   % ³Incr Total³Ring E/Wd L/Wd Unif  Min  Max  Rng
 # Year³ Rad.      Wood Wood  LW ³          ³mean mean mean
ֱֱֱִִִִִִִִִִִִִִִִִִִִִִִִִִִִִִִִִִִִִִִִִִִִִִִִִִִִִִִִִִִִִִִִִִִִִִִִִִִִ

 3 1992  21.8 21.8 19.8  0.0   0  14.9   14.9 268  268    0    0  220  410  190
 4 1993  49.7 27.9 27.9  0.0   0  62.7   77.6 270  270    0    0  205  398  193
 5 1994  76.1 26.4 26.4  0.0   0 104.3  181.9 286  286    0    0  228  446  218
 6 1995  99.8 23.7 23.7  0.0   0 131.0  312.9 294  294    0    0  233  474  241
 7 1996 118.7 18.9 18.6  0.3   1 129.7  442.6 304  301  502  201  226  502  276
 8 1997 131.6 12.9 12.9  0.0   0 101.4  544.1 309  309    0    0  255  462  207
 9 1998 140.0  8.4  8.4  0.0   0  71.7  615.8 344  344    0    0  246  466  220
10 1999 147.5  7.5  7.5  0.0   0  67.7  683.5 325  325    0    0  256  458  202
11 2000 152.6  5.1  5.1  0.0   0  48.1  731.6 301  301    0    0  231  428  197
12 2001 158.0  5.4  5.4  0.0   0  52.7  784.3 339  339    0    0  264  495  231
13 2002 162.5  4.5  3.9  0.6  13  45.3  829.6 337  310  514  204  224  529  305
14 2003 167.9  5.4  5.4  0.0   0  56.1  885.6 331  331    0    0  267  499  232
15 2004 173.9  6.0  6.0  0.0   0  64.4  950.1 338  338    0    0  236  482  246
16 2005 181.1  7.2  7.2  0.0   0  80.3 1030.4 352  352    0    0  261  456  195
17 2006 187.7  6.6  6.3  0.3   4  76.5 1106.8 346  338  501  163  244  501  257
18 2007 193.1  5.4  5.4  0.0   0  64.6 1171.4 331  331    0    0  248  498  250
19 2008 198.8  5.7  5.7  0.0   0  70.2 1241.6 361  361    0    0  242  496  254
20 2009 203.3  4.5  4.5  0.0   0  56.8 1298.4 357  357    0    0  270  488  218
21 2010 207.5  4.2  3.6  0.6  14  54.2 1352.7 355  326  527  201  249  539  290
22 2011 210.5  3.0  3.0  0.0   0  39.4 1392.0 321  321    0    0  261  490  229
23 2012 213.5  3.0  2.7  0.3  10  40.0 1432.0 360  342  525  183  226  525  299
24 2013 217.7  4.2  3.3  0.9  21  56.9 1488.9 382  339  543  204  266  556  290
25 2014 222.8  5.1  4.8  0.3   5  70.6 1559.5 362  353  503  150  240  503  263
26 2015 227.9  5.1  4.5  0.6  11  72.2 1631.7 379  361  515  154  256  530  274
27 2016 231.8  3.9  3.6  0.3   7  56.3 1688.0 345  331  516  185  249  516  267

Core Length:  229.8 mm
Core Density: 331 kg/m3
Cross-sectional Density:  329 kg/m3
Early/Latewood Threshold: 500 kg/m3
Attenuation Constant: 3.09

ִִִִִִִִִִִִִִִִִִִִִִִִִִִִִִִִִִִִִִִִִִִִִִִִִִִִִִִִִִִִִִִִִִִִִִִִִִִִִִִ
Core : 19
ֲֲֲִִִִִִִִִִִִִִִִִִִִִִִִִִִִִִִִִִִִִִִִִִִִִִִִִִִִִִִִִִִִִִִִִִִִִִִִִִִִ
       ³Widths (mm)              ³ Areas    ³ Densities (kg/m3)
       ³                         ³ (cm‎)    ³
Ring   ³Outer Ring Erly Late   % ³Incr Total³Ring E/Wd L/Wd Unif  Min  Max  Rng
 # Year³ Rad.      Wood Wood  LW ³          ³mean mean mean
ֱֱֱִִִִִִִִִִִִִִִִִִִִִִִִִִִִִִִִִִִִִִִִִִִִִִִִִִִִִִִִִִִִִִִִִִִִִִִִִִִִ

 1 1991   3.3  3.3  3.3  0.0   0   0.3    0.3 311  311    0    0  278  339   61
 2 1992  13.5 10.2 10.2  0.0   0   5.4    5.7 312  312    0    0  244  448  204
 3 1993  36.3 22.8 21.3  1.5   6  35.7   41.4 310  295  521  226  224  544  320
 4 1994  63.6 27.3 27.3  0.0   0  85.7  127.1 372  372    0    0  317  494  177
 5 1995  92.7 29.1 28.5  0.6   2 142.9  270.0 332  328  513  185  264  515  251
 6 1996 116.1 23.4 22.8  0.6   2 153.5  423.5 332  326  552  226  269  566  297
 7 1997 133.2 17.1 16.5  0.6   3 133.9  557.4 339  332  543  211  247  564  317
 8 1998 146.7 13.5 12.3  1.2   8 118.7  676.1 349  329  549  220  285  564  279
 9 1999 156.6  9.9  9.6  0.3   3  94.3  770.4 326  320  509  189  259  509  250
10 2000 164.7  8.1  7.5  0.6   7  81.8  852.2 377  362  558  196  296  597  301
11 2001 171.6  6.9  6.6  0.3   4  72.9  925.1 345  338  501  163  288  501  213
12 2002 176.4  4.8  4.2  0.6  12  52.5  977.6 360  337  520  183  309  538  229
13 2003 179.4  3.0  3.0  0.0   0  33.5 1011.1 324  324    0    0  281  492  211
14 2004 181.5  2.1  2.1  0.0   0  23.8 1034.9 366  366    0    0  307  467  160
15 2005 183.6  2.1  1.8  0.3  14  24.1 1059.0 378  351  543  192  335  543  208
16 2006 184.8  1.2  1.2  0.0   0  13.9 1072.9 383  383    0    0  368  408   40
17 2007 186.9  2.1  1.5  0.6  28  24.5 1097.4 439  394  550  156  338  554  216
18 2008 189.3  2.4  2.4  0.0   0  28.4 1125.8 402  402    0    0  360  436   76
19 2009 192.0  2.7  2.1  0.6  22  32.3 1158.1 396  360  522  162  316  535  219
20 2010 193.8  1.8  1.8  0.0   0  21.8 1179.9 387  387    0    0  343  493  150
21 2011 195.9  2.1  2.1  0.0   0  25.7 1205.6 414  414    0    0  334  496  162
22 2012 197.7  1.8  1.8  0.0   0  22.3 1227.9 395  395    0    0  332  432  100
23 2013 199.2  1.5  1.2  0.3  20  18.7 1246.6 433  415  505   90  364  505  141
24 2014 201.6  2.4  0.9  1.5  62  30.2 1276.8 514  410  576  166  371  608  237
25 2015 204.3  2.7  1.5  1.2  44  34.4 1311.3 461  395  544  149  335  581  246
26 2016 206.1  1.8  1.2  0.6  33  23.2 1334.5 470  416  579  163  350  589  239

Core Length:  206.1 mm
Core Density: 377 kg/m3
Cross-sectional Density:  361 kg/m3
Early/Latewood Threshold: 500 kg/m3
Attenuation Constant: 3.09

ִִִִִִִִִִִִִִִִִִִִִִִִִִִִִִִִִִִִִִִִִִִִִִִִִִִִִִִִִִִִִִִִִִִִִִִִִִִִִִִ
Core : 29
ֲֲֲִִִִִִִִִִִִִִִִִִִִִִִִִִִִִִִִִִִִִִִִִִִִִִִִִִִִִִִִִִִִִִִִִִִִִִִִִִִִ
       ³Widths (mm)              ³ Areas    ³ Densities (kg/m3)
       ³                         ³ (cm‎)    ³
Ring   ³Outer Ring Erly Late   % ³Incr Total³Ring E/Wd L/Wd Unif  Min  Max  Rng
 # Year³ Rad.      Wood Wood  LW ³          ³mean mean mean
ֱֱֱִִִִִִִִִִִִִִִִִִִִִִִִִִִִִִִִִִִִִִִִִִִִִִִִִִִִִִִִִִִִִִִִִִִִִִִִִִִִ

 1 1990   6.0  6.0  6.0  0.0   0   1.1    1.1 357  357    0    0  313  412   99
 2 1991  16.8 10.8 10.8  0.0   0   7.7    8.9 344  344    0    0  292  455  163
 3 1992  39.6 22.8 22.8  0.0   0  40.4   49.3 322  322    0    0  260  477  217
 4 1993  65.4 25.8 25.8  0.0   0  85.1  134.4 324  324    0    0  252  475  223
 5 1994  87.3 21.9 21.9  0.0   0 105.1  239.4 317  317    0    0  240  491  251
 6 1995 109.2 21.9 21.3  0.6   2 135.2  374.6 325  319  511  192  267  521  254
 7 1996 129.9 20.7 20.1  0.6   2 155.5  530.1 309  303  506  203  246  513  267
 8 1997 146.4 16.5 16.5  0.0   0 143.2  673.3 348  348    0    0  282  477  195
 9 1998 157.8 11.4 11.4  0.0   0 108.9  782.3 343  343    0    0  256  474  218
10 1999 169.2 11.4 10.8  0.6   5 117.1  899.4 355  346  515  169  299  522  223
11 2000 174.0  4.8  4.2  0.6  12  51.8  951.1 356  327  557  230  277  558  281
12 2001 178.8  4.8  4.2  0.6  12  53.2 1004.3 371  345  552  207  303  556  253
13 2002 183.0  4.2  3.6  0.6  14  47.7 1052.1 368  336  562  226  279  581  302
14 2003 188.7  5.7  4.5  1.2  21  66.6 1118.6 403  362  554  192  321  605  284
15 2004 195.3  6.6  5.4  1.2  18  79.6 1198.3 412  380  556  176  339  578  239
16 2005 201.9  6.6  5.1  1.5  22  82.4 1280.6 395  355  531  176  319  555  236
17 2006 204.9  3.0  2.1  0.9  30  38.3 1319.0 418  378  511  133  304  522  218
18 2007 208.5  3.6  2.4  1.2  33  46.8 1365.7 433  357  585  228  338  628  290
19 2008 215.1  6.6  4.8  1.8  27  87.8 1453.6 445  404  556  152  337  581  244
20 2009 221.4  6.3  4.8  1.5  23  86.4 1539.9 427  386  560  174  353  653  300
21 2010 226.5  5.1  4.2  0.9  17  71.8 1611.7 426  391  589  198  337  624  287
22 2011 230.4  3.9  3.3  0.6  15  56.0 1667.7 412  391  525  134  328  531  203
23 2012 236.4  6.0  3.6  2.4  40  88.0 1755.7 448  384  545  161  309  566  257
24 2013 243.3  6.9  4.5  2.4  34 104.0 1859.7 447  381  571  190  325  619  294
25 2014 246.3  3.0  2.1  0.9  30  46.1 1905.8 428  392  514  122  331  517  186
26 2015 251.7  5.4  3.0  2.4  44  84.5 1990.3 455  371  560  189  329  613  284
27 2016 256.8  5.1  3.0  2.1  41  81.5 2071.8 471  401  572  171  332  601  269

Core Length:  256.8 mm
Core Density: 387 kg/m3
Cross-sectional Density:  383 kg/m3
Early/Latewood Threshold: 500 kg/m3
Attenuation Constant: 3.09

ִִִִִִִִִִִִִִִִִִִִִִִִִִִִִִִִִִִִִִִִִִִִִִִִִִִִִִִִִִִִִִִִִִִִִִִִִִִִִִִ
Core : 30
ֲֲֲִִִִִִִִִִִִִִִִִִִִִִִִִִִִִִִִִִִִִִִִִִִִִִִִִִִִִִִִִִִִִִִִִִִִִִִִִִִִ
       ³Widths (mm)              ³ Areas    ³ Densities (kg/m3)
       ³                         ³ (cm‎)    ³
Ring   ³Outer Ring Erly Late   % ³Incr Total³Ring E/Wd L/Wd Unif  Min  Max  Rng
 # Year³ Rad.      Wood Wood  LW ³          ³mean mean mean
ֱֱֱִִִִִִִִִִִִִִִִִִִִִִִִִִִִִִִִִִִִִִִִִִִִִִִִִִִִִִִִִִִִִִִִִִִִִִִִִִִִ

 2 1992  24.9 24.9 18.9  0.0   0  19.5   19.5 315  315    0    0  260  449  189
 3 1993  53.7 28.8 28.8  0.0   0  71.1   90.6 313  313    0    0  247  442  195
 4 1994  78.6 24.9 24.9  0.0   0 103.5  194.1 311  311    0    0  252  464  212
 5 1995  97.5 18.9 18.3  0.6   3 104.6  298.6 316  309  525  216  253  541  288
 6 1996 110.7 13.2 12.6  0.6   4  86.3  385.0 328  318  522  204  251  541  290
 7 1997 121.8 11.1 10.2  0.9   8  81.1  466.1 338  321  530  209  266  547  281
 8 1998 127.2  5.4  4.5  0.9  16  42.2  508.3 388  355  553  198  288  588  300
 9 1999 134.1  6.9  6.0  0.9  13  56.6  564.9 403  383  535  152  343  547  204
10 2000 139.2  5.1  4.5  0.6  11  43.8  608.7 388  360  602  242  317  627  310
11 2001 146.4  7.2  5.4  1.8  25  64.6  673.3 401  356  538  182  282  572  290
12 2002 152.4  6.0  4.8  1.2  20  56.3  729.7 375  332  549  217  268  613  345
13 2003 159.3  6.9  5.7  1.2  17  67.6  797.2 420  381  607  226  328  621  293
14 2004 164.1  4.8  3.9  0.9  18  48.8  846.0 406  367  574  207  324  612  288
15 2005 166.8  2.7  2.4  0.3  11  28.1  874.1 410  389  575  186  337  575  238
16 2006 168.6  1.8  1.2  0.6  33  19.0  893.0 461  406  570  164  348  585  237
17 2007 170.4  1.8  1.5  0.3  16  19.2  912.2 476  444  639  195  422  639  217
18 2008 173.7  3.3  1.8  1.5  45  35.7  947.9 476  398  570  172  339  638  299
19 2009 176.7  3.0  1.5  1.5  50  33.0  980.9 514  449  579  130  422  652  230
20 2010 179.7  3.0  1.8  1.2  40  33.6 1014.5 458  396  552  156  339  577  238
21 2011 181.2  1.5  1.5  0.0   0  17.0 1031.5 416  416    0    0  335  468  133
22 2012 182.7  1.5  1.5  0.0   0  17.1 1048.6 371  371    0    0  323  450  127
23 2013 184.5  1.8  0.9  0.9  50  20.8 1069.4 476  389  562  173  351  616  265
24 2014 186.3  1.8  1.2  0.6  33  21.0 1090.4 452  393  571  178  341  591  250
25 2015 188.4  2.1  1.2  0.9  42  24.7 1115.1 504  419  617  198  367  653  286
26 2016 190.2  1.8  0.9  0.9  49  21.4 1136.5 496  389  603  214  369  635  266

Core Length:  184.2 mm
Core Density: 408 kg/m3
Cross-sectional Density:  383 kg/m3
Early/Latewood Threshold: 500 kg/m3
Attenuation Constant: 3.09

ִִִִִִִִִִִִִִִִִִִִִִִִִִִִִִִִִִִִִִִִִִִִִִִִִִִִִִִִִִִִִִִִִִִִִִִִִִִִִִִ
Core : 32
ֲֲֲִִִִִִִִִִִִִִִִִִִִִִִִִִִִִִִִִִִִִִִִִִִִִִִִִִִִִִִִִִִִִִִִִִִִִִִִִִִִ
       ³Widths (mm)              ³ Areas    ³ Densities (kg/m3)
       ³                         ³ (cm‎)    ³
Ring   ³Outer Ring Erly Late   % ³Incr Total³Ring E/Wd L/Wd Unif  Min  Max  Rng
 # Year³ Rad.      Wood Wood  LW ³          ³mean mean mean
ֱֱֱִִִִִִִִִִִִִִִִִִִִִִִִִִִִִִִִִִִִִִִִִִִִִִִִִִִִִִִִִִִִִִִִִִִִִִִִִִִִ

 1 1990   4.9  4.9  3.9  0.0   0   0.8    0.8 325  325    0    0  213  370  157
 2 1991  13.9  9.0  9.0  0.0   0   5.3    6.1 300  300    0    0  245  409  164
 3 1992  35.2 21.3 21.3  0.0   0  32.9   38.9 298  298    0    0  240  478  238
 4 1993  63.7 28.5 28.5  0.0   0  88.6  127.5 305  305    0    0  242  451  209
 5 1994  88.0 24.3 23.7  0.6   2 115.8  243.3 308  302  511  209  228  519  291
 6 1995 109.0 21.0 20.7  0.3   1 130.0  373.3 300  297  509  212  232  509  277
 7 1996 125.5 16.5 15.3  1.2   7 121.6  494.8 332  316  541  225  238  589  351
 8 1997 139.0 13.5 12.6  0.9   6 112.2  607.0 328  314  523  209  262  538  276
 9 1998 148.0  9.0  8.4  0.6   6  81.1  688.1 356  344  520  176  270  526  256
10 1999 156.7  8.7  8.4  0.3   3  83.3  771.4 355  349  521  172  289  521  232
11 2000 161.8  5.1  4.8  0.3   5  51.0  822.4 359  347  548  201  296  548  252
12 2001 168.1  6.3  6.3  0.0   0  65.3  887.7 369  369    0    0  298  467  169
13 2002 175.0  6.9  5.7  1.2  17  74.4  962.1 401  375  524  149  306  562  256
14 2003 179.8  4.8  4.2  0.6  12  53.5 1015.6 408  392  522  130  320  537  217
15 2004 187.0  7.2  5.4  1.8  25  83.0 1098.6 419  379  540  161  334  565  231
16 2005 192.1  5.1  4.2  0.9  17  60.7 1159.3 390  358  535  177  332  551  219
17 2006 195.1  3.0  2.4  0.6  20  36.5 1195.8 433  412  515  103  344  517  173
18 2007 199.3  4.2  2.7  1.5  35  52.0 1247.9 444  385  551  166  339  575  236
19 2008 205.9  6.6  4.8  1.8  27  84.0 1331.9 449  408  558  150  350  616  266
20 2009 211.9  6.0  5.4  0.6  10  78.8 1410.6 425  411  548  137  358  585  227
21 2010 217.3  5.4  3.6  1.8  33  72.8 1483.4 436  377  554  177  324  634  310
22 2011 222.1  4.8  3.6  1.2  24  66.3 1549.7 436  403  535  132  354  562  208
23 2012 225.7  3.6  3.3  0.3   8  50.6 1600.3 402  390  534  144  332  534  202
24 2013 229.9  4.2  2.7  1.5  35  60.1 1660.5 457  401  558  157  340  590  250
25 2014 234.7  4.8  3.6  1.2  24  70.1 1730.5 432  394  545  151  301  604  303
26 2015 238.6  3.9  2.4  1.5  38  58.0 1788.5 478  433  550  117  342  581  239
27 2016 244.0  5.4  5.1  0.3   5  81.9 1870.4 414  404  585  181  337  585  248

Core Length:  243.0 mm
Core Density: 383 kg/m3
Cross-sectional Density:  380 kg/m3
Early/Latewood Threshold: 500 kg/m3
Attenuation Constant: 3.09

ִִִִִִִִִִִִִִִִִִִִִִִִִִִִִִִִִִִִִִִִִִִִִִִִִִִִִִִִִִִִִִִִִִִִִִִִִִִִִִִ
Core : 34
ֲֲֲִִִִִִִִִִִִִִִִִִִִִִִִִִִִִִִִִִִִִִִִִִִִִִִִִִִִִִִִִִִִִִִִִִִִִִִִִִִִ
       ³Widths (mm)              ³ Areas    ³ Densities (kg/m3)
       ³                         ³ (cm‎)    ³
Ring   ³Outer Ring Erly Late   % ³Incr Total³Ring E/Wd L/Wd Unif  Min  Max  Rng
 # Year³ Rad.      Wood Wood  LW ³          ³mean mean mean
ֱֱֱִִִִִִִִִִִִִִִִִִִִִִִִִִִִִִִִִִִִִִִִִִִִִִִִִִִִִִִִִִִִִִִִִִִִִִִִִִִִ

 1 1990  15.3 15.3  9.3  0.0   0   7.4    7.4 338  338    0    0  299  398   99
 2 1991  26.1 10.8 10.8  0.0   0  14.0   21.4 325  325    0    0  278  428  150
 3 1992  52.2 26.1 26.1  0.0   0  64.2   85.6 309  309    0    0  249  444  195
 4 1993  83.7 31.5 31.5  0.0   0 134.5  220.1 302  302    0    0  241  407  166
 5 1994 108.9 25.2 25.2  0.0   0 152.5  372.6 308  308    0    0  246  488  242
 6 1995 130.5 21.6 21.6  0.0   0 162.5  535.0 326  326    0    0  266  495  229
 7 1996 149.7 19.2 18.9  0.3   1 169.0  704.0 319  315  515  200  253  515  262
 8 1997 170.7 21.0 20.4  0.6   2 211.4  915.4 344  339  526  187  292  544  252
 9 1998 180.0  9.3  8.7  0.6   6 102.5 1017.9 364  353  520  167  301  525  224
10 1999 186.3  6.3  6.3  0.0   0  72.5 1090.4 371  371    0    0  297  497  200
11 2000 191.4  5.1  3.9  1.2  23  60.5 1150.9 393  346  545  199  303  564  261
12 2001 196.2  4.8  4.2  0.6  12  58.4 1209.3 410  388  568  180  327  615  288
13 2002 202.5  6.3  5.7  0.6   9  78.9 1288.2 389  368  592  224  301  649  348
14 2003 208.2  5.7  4.2  1.5  26  73.5 1361.8 409  363  537  174  326  644  318
15 2004 212.1  3.9  3.6  0.3   7  51.5 1413.3 387  369  607  238  330  607  277
16 2005 215.1  3.0  2.1  0.9  30  40.3 1453.6 428  359  588  229  331  629  298
17 2006 218.1  3.0  2.1  0.9  30  40.8 1494.4 460  417  563  146  364  588  224
18 2007 220.8  2.7  2.1  0.6  22  37.2 1531.6 468  418  643  225  377  653  276
19 2008 224.7  3.9  3.0  0.9  23  54.6 1586.2 438  393  587  194  334  658  324
20 2009 228.9  4.2  3.3  0.9  21  59.9 1646.0 424  391  546  155  352  570  218
21 2010 233.7  4.8  3.9  0.9  18  69.8 1715.8 412  384  531  147  314  562  248
22 2011 237.0  3.3  2.7  0.6  18  48.8 1764.6 393  366  514  148  322  526  204
23 2012 240.9  3.9  2.7  1.2  30  58.6 1823.2 422  369  542  173  296  569  273
24 2013 246.6  5.7  4.2  1.5  26  87.3 1910.5 430  386  553  167  307  627  320
25 2014 250.8  4.2  3.3  0.9  21  65.6 1976.1 425  394  540  146  331  555  224
26 2015 254.7  3.9  2.4  1.5  38  61.9 2038.0 444  386  538  152  335  604  269
27 2016 258.3  3.6  2.4  1.2  33  58.0 2096.0 434  380  543  163  327  574  247

Core Length:  252.3 mm
Core Density: 387 kg/m3
Cross-sectional Density:  372 kg/m3
Early/Latewood Threshold: 500 kg/m3
Attenuation Constant: 3.09

ִִִִִִִִִִִִִִִִִִִִִִִִִִִִִִִִִִִִִִִִִִִִִִִִִִִִִִִִִִִִִִִִִִִִִִִִִִִִִִִ
Core : 37
ֲֲֲִִִִִִִִִִִִִִִִִִִִִִִִִִִִִִִִִִִִִִִִִִִִִִִִִִִִִִִִִִִִִִִִִִִִִִִִִִִִ
       ³Widths (mm)              ³ Areas    ³ Densities (kg/m3)
       ³                         ³ (cm‎)    ³
Ring   ³Outer Ring Erly Late   % ³Incr Total³Ring E/Wd L/Wd Unif  Min  Max  Rng
 # Year³ Rad.      Wood Wood  LW ³          ³mean mean mean
ֱֱֱִִִִִִִִִִִִִִִִִִִִִִִִִִִִִִִִִִִִִִִִִִִִִִִִִִִִִִִִִִִִִִִִִִִִִִִִִִִִ

 1 1990   4.8  4.8  4.8  0.0   0   0.7    0.7 362  362    0    0  299  423  124
 2 1991  13.5  8.7  7.8  0.9  10   5.0    5.7 396  383  512  129  332  513  181
 3 1992  36.9 23.4 22.5  0.9   3  37.1   42.8 349  342  515  173  283  537  254
 4 1993  62.7 25.8 25.8  0.0   0  80.7  123.5 344  344    0    0  268  494  226
 5 1994  88.8 26.1 25.2  0.9   3 124.2  247.7 342  336  511  175  285  514  229
 6 1995 110.7 21.9 21.6  0.3   1 137.3  385.0 338  335  523  188  276  523  247
 7 1996 126.0 15.3 15.0  0.3   1 113.8  498.8 344  340  501  161  288  501  213
 8 1997 132.0  6.0  6.0  0.0   0  48.6  547.4 381  381    0    0  291  468  177
 9 1998 138.3  6.3  5.7  0.6   9  53.5  600.9 333  314  507  193  252  510  258
10 1999 143.1  4.8  4.8  0.0   0  42.4  643.3 352  352    0    0  288  498  210
11 2000 145.2  2.1  1.8  0.3  14  19.0  662.3 336  305  518  213  271  518  247
12 2001 146.7  1.5  1.2  0.3  20  13.8  676.1 395  357  548  191  298  548  250
13 2002 147.9  1.2  0.9  0.3  25  11.1  687.2 449  409  571  162  332  571  239
14 2003 150.0  2.1  1.2  0.9  42  19.7  706.9 429  350  535  185  324  552  228
15 2004 151.8  1.8  1.8  0.0   0  17.1  723.9 347  347    0    0  311  388   77
16 2005 152.4  0.6  0.6  0.0   0   5.7  729.7 408  408    0    0  372  444   72
17 2006 153.3  0.9  0.6  0.3  33   8.6  738.3 395  335  514  179  327  514  187
18 2007 154.8  1.5  0.9  0.6  40  14.5  752.8 467  379  599  220  363  638  275
19 2008 155.4  0.6  0.6  0.0   0   5.8  758.7 410  410    0    0  386  435   49
20 2009 156.0  0.6  0.6  0.0   0   5.9  764.5 402  402    0    0  333  472  139
21 2010 156.6  0.6  0.6  0.0   0   5.9  770.4 356  356    0    0  341  372   31
22 2011 157.2  0.6  0.6  0.0   0   5.9  776.3 467  467    0    0  439  496   57
23 2012 157.8  0.6  0.6  0.0   0   5.9  782.3 374  374    0    0  364  384   20
24 2013 158.7  0.9  0.6  0.3  33   8.9  791.2 420  363  533  170  361  533  172
25 2014 160.5  1.8  1.2  0.6  33  18.1  809.3 426  371  537  166  328  566  238
26 2015 162.0  1.5  1.5  0.0   0  15.2  824.5 403  403    0    0  319  488  169
27 2016 162.9  0.9  0.9  0.0   0   9.2  833.7 425  425    0    0  348  491  143

Core Length:  162.9 mm
Core Density: 387 kg/m3
Cross-sectional Density:  358 kg/m3
Early/Latewood Threshold: 500 kg/m3
Attenuation Constant: 3.09

ִִִִִִִִִִִִִִִִִִִִִִִִִִִִִִִִִִִִִִִִִִִִִִִִִִִִִִִִִִִִִִִִִִִִִִִִִִִִִִִ
Core : 38
ֲֲֲִִִִִִִִִִִִִִִִִִִִִִִִִִִִִִִִִִִִִִִִִִִִִִִִִִִִִִִִִִִִִִִִִִִִִִִִִִִִ
       ³Widths (mm)              ³ Areas    ³ Densities (kg/m3)
       ³                         ³ (cm‎)    ³
Ring   ³Outer Ring Erly Late   % ³Incr Total³Ring E/Wd L/Wd Unif  Min  Max  Rng
 # Year³ Rad.      Wood Wood  LW ³          ³mean mean mean
ֱֱֱִִִִִִִִִִִִִִִִִִִִִִִִִִִִִִִִִִִִִִִִִִִִִִִִִִִִִִִִִִִִִִִִִִִִִִִִִִִִ

 1 1990   3.0  3.0  3.0  0.0   0   0.3    0.3 309  309    0    0  210  434  224
 2 1991  10.5  7.5  7.5  0.0   0   3.2    3.5 311  311    0    0  248  427  179
 3 1992  34.5 24.0 23.4  0.6   2  33.9   37.4 302  297  511  214  242  511  269
 4 1993  63.0 28.5 28.5  0.0   0  87.3  124.7 324  324    0    0  245  468  223
 5 1994  90.3 27.3 27.3  0.0   0 131.5  256.2 316  316    0    0  258  489  231
 6 1995 111.0 20.7 20.1  0.6   2 130.9  387.1 325  319  519  200  256  532  276
 7 1996 129.6 18.6 18.0  0.6   3 140.6  527.7 322  315  531  216  255  556  301
 8 1997 143.4 13.8 13.5  0.3   2 118.4  646.0 337  332  533  201  270  533  263
 9 1998 150.3  6.9  6.9  0.0   0  63.7  709.7 359  359    0    0  271  495  224
10 1999 153.6  3.3  2.4  0.9  27  31.5  741.2 446  397  576  179  339  619  280
11 2000 157.2  3.6  3.0  0.6  16  35.2  776.3 423  397  553  156  328  569  241
12 2001 161.1  3.9  3.3  0.6  15  39.0  815.3 389  359  555  196  290  556  266
13 2002 163.8  2.7  2.1  0.6  22  27.6  842.9 410  372  542  170  295  572  277
14 2003 167.1  3.3  2.4  0.9  27  34.3  877.2 433  388  552  164  332  598  266
15 2004 168.6  1.5  1.2  0.3  20  15.8  893.0 459  426  593  167  342  593  251
16 2005 170.7  2.1  1.5  0.6  28  22.4  915.4 445  403  549  146  337  584  247
17 2006 171.0  0.3  0.3  0.0   0   3.2  918.6 485  485    0    0  485  485    0
18 2007 171.3  0.3  0.3  0.0   0   3.2  921.9 412  412    0    0  412  412    0
19 2008 171.9  0.6  0.3  0.3  49   6.5  928.3 435  353  517  164  353  517  164
20 2009 172.2  0.3  0.0  0.3  99   3.2  931.6 522    0  522  522  522  522    0
21 2010 172.5  0.3  0.3  0.0   0   3.2  934.8 426  426    0    0  426  426    0
22 2011 173.7  1.2  0.6  0.6  49  13.1  947.9 491  429  553  124  429  577  148
23 2012 175.2  1.5  0.9  0.6  40  16.4  964.3 451  392  540  148  378  551  173
24 2013 176.7  1.5  0.6  0.9  60  16.6  980.9 491  433  530   97  381  554  173
25 2014 177.6  0.9  0.3  0.6  66  10.0  990.9 493  362  559  197  362  577  215
26 2015 179.7  2.1  0.6  1.5  71  23.6 1014.5 515  379  569  190  347  639  292
27 2016 180.9  1.2  0.9  0.3  25  13.6 1028.1 461  423  575  152  405  575  170

Core Length:  180.9 mm
Core Density: 410 kg/m3
Cross-sectional Density:  363 kg/m3
Early/Latewood Threshold: 500 kg/m3
Attenuation Constant: 3.09

ִִִִִִִִִִִִִִִִִִִִִִִִִִִִִִִִִִִִִִִִִִִִִִִִִִִִִִִִִִִִִִִִִִִִִִִִִִִִִִִ
Core : 46
ֲֲֲִִִִִִִִִִִִִִִִִִִִִִִִִִִִִִִִִִִִִִִִִִִִִִִִִִִִִִִִִִִִִִִִִִִִִִִִִִִִ
       ³Widths (mm)              ³ Areas    ³ Densities (kg/m3)
       ³                         ³ (cm‎)    ³
Ring   ³Outer Ring Erly Late   % ³Incr Total³Ring E/Wd L/Wd Unif  Min  Max  Rng
 # Year³ Rad.      Wood Wood  LW ³          ³mean mean mean
ֱֱֱִִִִִִִִִִִִִִִִִִִִִִִִִִִִִִִִִִִִִִִִִִִִִִִִִִִִִִִִִִִִִִִִִִִִִִִִִִִִ

 1 1990  18.0 18.0  9.0  0.0   0  10.2   10.2 338  338    0    0  122  422  300
 2 1991  29.7 11.7 11.7  0.0   0  17.5   27.7 329  329    0    0  235  450  215
 3 1992  53.7 24.0 24.0  0.0   0  62.9   90.6 268  268    0    0  201  443  242
 4 1993  81.3 27.6 27.6  0.0   0 117.1  207.6 280  280    0    0  200  402  202
 5 1994 103.8 22.5 22.5  0.0   0 130.8  338.5 271  271    0    0  208  473  265
 6 1995 123.9 20.1 19.5  0.6   2 143.8  482.3 269  261  527  266  212  545  333
 7 1996 137.1 13.2 13.2  0.0   0 108.2  590.5 280  280    0    0  212  439  227
 8 1997 147.9 10.8 10.5  0.3   2  96.7  687.2 320  313  575  262  243  575  332
 9 1998 152.4  4.5  4.2  0.3   6  42.5  729.7 346  331  556  225  270  556  286
10 1999 161.7  9.3  8.7  0.6   6  91.8  821.4 343  329  545  216  265  583  318
11 2000 166.2  4.5  4.2  0.3   6  46.4  867.8 354  340  542  202  251  542  291
12 2001 172.8  6.6  5.7  0.9  13  70.3  938.1 377  352  537  185  259  545  286
13 2002 178.5  5.7  4.8  0.9  15  62.9 1001.0 375  340  560  220  271  583  312
14 2003 185.1  6.6  5.4  1.2  18  75.4 1076.4 393  359  545  186  286  559  273
15 2004 192.6  7.5  6.0  1.5  20  89.0 1165.4 381  344  527  183  270  545  275
16 2005 195.9  3.3  3.0  0.3   9  40.3 1205.6 371  352  556  204  292  556  264
17 2006 199.2  3.3  2.4  0.9  27  41.0 1246.6 400  356  517  161  282  531  249
18 2007 204.0  4.8  3.0  1.8  37  60.8 1307.4 425  357  540  183  317  604  287
19 2008 212.1  8.1  6.3  1.8  22 105.9 1413.3 402  360  547  187  297  565  268
20 2009 218.7  6.6  5.7  0.9  13  89.3 1502.6 392  369  544  175  310  586  276
21 2010 225.3  6.6  5.7  0.9  13  92.1 1594.7 389  362  566  204  287  579  292
22 2011 229.5  4.2  3.6  0.6  14  60.0 1654.7 398  378  521  143  296  524  228
23 2012 232.5  3.0  2.1  0.9  30  43.5 1698.2 423  351  590  239  278  629  351
24 2013 237.6  5.1  3.6  1.5  29  75.3 1773.5 445  388  584  196  327  627  300
25 2014 243.3  5.7  3.3  2.4  42  86.1 1859.7 445  383  530  147  328  602  274
26 2015 247.2  3.9  2.4  1.5  38  60.1 1919.8 448  382  554  172  331  596  265
27 2016 249.9  2.7  1.5  1.2  44  42.2 1961.9 450  388  526  138  332  547  215

Core Length:  240.9 mm
Core Density: 367 kg/m3
Cross-sectional Density:  357 kg/m3
Early/Latewood Threshold: 500 kg/m3
Attenuation Constant: 3.09

ִִִִִִִִִִִִִִִִִִִִִִִִִִִִִִִִִִִִִִִִִִִִִִִִִִִִִִִִִִִִִִִִִִִִִִִִִִִִִִִ
Core : 59
ֲֲֲִִִִִִִִִִִִִִִִִִִִִִִִִִִִִִִִִִִִִִִִִִִִִִִִִִִִִִִִִִִִִִִִִִִִִִִִִִִִ
       ³Widths (mm)              ³ Areas    ³ Densities (kg/m3)
       ³                         ³ (cm‎)    ³
Ring   ³Outer Ring Erly Late   % ³Incr Total³Ring E/Wd L/Wd Unif  Min  Max  Rng
 # Year³ Rad.      Wood Wood  LW ³          ³mean mean mean
ֱֱֱִִִִִִִִִִִִִִִִִִִִִִִִִִִִִִִִִִִִִִִִִִִִִִִִִִִִִִִִִִִִִִִִִִִִִִִִִִִִ

 1 1990   3.9  3.9  3.9  0.0   0   0.5    0.5 381  381    0    0  235  486  251
 2 1991  13.2  9.3  9.0  0.3   3   5.0    5.5 370  365  512  147  308  512  204
 3 1992  29.1 15.9 14.7  1.2   7  21.1   26.6 386  374  535  161  301  583  282
 4 1993  52.2 23.1 21.6  1.5   6  59.0   85.6 365  354  531  177  308  548  240
 5 1994  74.4 22.2 21.3  0.9   4  88.3  173.9 387  379  569  190  323  588  265
 6 1995  86.7 12.3 11.7  0.6   4  62.3  236.2 380  371  541  170  315  554  239
 7 1996  98.1 11.4  9.6  1.8  15  66.2  302.3 416  396  527  131  301  574  273
 8 1997 108.6 10.5  8.7  1.8  17  68.2  370.5 419  390  561  171  321  629  308
 9 1998 115.5  6.9  5.1  1.8  26  48.6  419.1 434  385  574  189  320  658  338
10 1999 120.6  5.1  3.9  1.2  23  37.8  456.9 441  396  588  192  364  625  261
11 2000 124.2  3.6  2.1  1.5  41  27.7  484.6 488  425  576  151  370  650  280
12 2001 126.9  2.7  1.5  1.2  44  21.3  505.9 513  441  603  162  400  683  283
13 2002 130.8  3.9  2.4  1.5  38  31.6  537.5 527  450  651  201  405  742  337
14 2003 137.1  6.3  3.6  2.7  42  53.0  590.5 543  476  632  156  451  706  255
15 2004 141.6  4.5  3.0  1.5  33  39.4  629.9 495  433  619  186  399  691  292
16 2005 144.3  2.7  1.5  1.2  44  24.3  654.2 531  455  628  173  414  694  280
17 2006 145.8  1.5  0.3  1.2  80  13.7  667.8 547  452  570  118  452  675  223
18 2007 147.0  1.2  0.3  0.9  75  11.0  678.9 570  447  611  164  447  662  215
19 2008 149.1  2.1  0.9  1.2  57  19.5  698.4 546  454  614  160  421  640  219
20 2009 151.2  2.1  0.3  1.8  85  19.8  718.2 606  454  631  177  454  716  262
21 2010 153.9  2.7  0.6  2.1  77  25.9  744.1 589  471  622  151  466  707  241
22 2011 154.8  0.9  0.3  0.6  66   8.7  752.8 552  463  597  134  463  605  142
23 2012 156.3  1.5  0.6  0.9  60  14.7  767.5 519  453  562  109  423  591  168
24 2013 157.8  1.5  0.3  1.2  80  14.8  782.3 585  453  619  166  453  702  249
25 2014 160.5  2.7  0.3  2.4  88  27.0  809.3 608  457  627  170  457  721  264
26 2015 162.6  2.1  0.3  1.8  85  21.3  830.6 606  476  628  152  476  706  230
27 2016 163.5  0.9  0.0  0.9 100   9.2  839.8 636    0  636  636  627  648   21

Core Length:  163.5 mm
Core Density: 497 kg/m3
Cross-sectional Density:  468 kg/m3
Early/Latewood Threshold: 500 kg/m3
Attenuation Constant: 3.09

ִִִִִִִִִִִִִִִִִִִִִִִִִִִִִִִִִִִִִִִִִִִִִִִִִִִִִִִִִִִִִִִִִִִִִִִִִִִִִִִ
Core : 64
ֲֲֲִִִִִִִִִִִִִִִִִִִִִִִִִִִִִִִִִִִִִִִִִִִִִִִִִִִִִִִִִִִִִִִִִִִִִִִִִִִִ
       ³Widths (mm)              ³ Areas    ³ Densities (kg/m3)
       ³                         ³ (cm‎)    ³
Ring   ³Outer Ring Erly Late   % ³Incr Total³Ring E/Wd L/Wd Unif  Min  Max  Rng
 # Year³ Rad.      Wood Wood  LW ³          ³mean mean mean
ֱֱֱִִִִִִִִִִִִִִִִִִִִִִִִִִִִִִִִִִִִִִִִִִִִִִִִִִִִִִִִִִִִִִִִִִִִִִִִִִִִ

 2 1991  15.2 15.2 10.2  0.0   0   7.3    7.3 340  340    0    0  290  488  198
 3 1992  34.4 19.2 19.2  0.0   0  29.9   37.2 336  336    0    0  278  494  216
 4 1993  59.3 24.9 24.6  0.3   1  73.3  110.5 336  334  510  176  259  510  251
 5 1994  83.9 24.6 24.0  0.6   2 110.7  221.1 359  354  546  192  272  547  275
 6 1995 100.1 16.2 15.6  0.6   3  93.6  314.8 360  353  534  181  305  561  256
 7 1996 107.9  7.8  6.6  1.2  15  51.0  365.8 390  365  528  163  299  554  255
 8 1997 113.0  5.1  4.5  0.6  11  35.4  401.2 383  364  527  163  311  552  241
 9 1998 115.7  2.7  1.8  0.9  33  19.4  420.5 448  388  568  180  324  594  270
10 1999 118.1  2.4  1.5  0.9  37  17.6  438.2 474  416  571  155  387  619  232
11 2000 121.1  3.0  2.4  0.6  20  22.5  460.7 455  421  592  171  359  603  244
12 2001 123.8  2.7  1.8  0.9  33  20.8  481.5 455  399  567  168  324  593  269
13 2002 127.7  3.9  2.4  1.5  38  30.8  512.3 467  381  606  225  319  660  341
14 2003 131.3  3.6  2.4  1.2  33  29.3  541.6 472  414  588  174  353  644  291
15 2004 134.3  3.0  2.4  0.6  20  25.0  566.6 452  416  597  181  376  615  239
16 2005 136.7  2.4  1.2  1.2  49  20.4  587.1 490  414  567  153  371  635  264
17 2006 139.1  2.4  1.8  0.6  25  20.8  607.9 462  413  612  199  366  614  248
18 2007 140.6  1.5  0.6  0.9  60  13.2  621.0 483  384  549  165  382  594  212
19 2008 142.1  1.5  0.9  0.6  40  13.3  634.4 495  427  598  171  380  647  267
20 2009 143.6  1.5  0.6  0.9  60  13.5  647.8 524  435  583  148  415  688  273
21 2010 145.7  2.1  0.3  1.8  85  19.1  666.9 577  454  598  144  454  684  230
22 2011 147.5  1.8  0.6  1.2  66  16.6  683.5 554  442  610  168  388  667  279
23 2012 149.3  1.8  1.2  0.6  33  16.8  700.3 451  390  571  181  347  583  236
24 2013 150.2  0.9  0.6  0.3  33   8.5  708.7 529  462  663  201  438  663  225
25 2014 151.4  1.2  0.6  0.6  50  11.4  720.1 507  392  622  230  371  649  278
26 2015 152.9  1.5  0.6  0.9  60  14.3  734.5 542  419  624  205  379  648  269
27 2016 154.1  1.2  0.3  0.9  75  11.6  746.0 539  435  574  139  435  610  175

Core Length:  149.1 mm
Core Density: 456 kg/m3
Cross-sectional Density:  418 kg/m3
Early/Latewood Threshold: 500 kg/m3
Attenuation Constant: 3.09

ִִִִִִִִִִִִִִִִִִִִִִִִִִִִִִִִִִִִִִִִִִִִִִִִִִִִִִִִִִִִִִִִִִִִִִִִִִִִִִִ
Core : 66
ֲֲֲִִִִִִִִִִִִִִִִִִִִִִִִִִִִִִִִִִִִִִִִִִִִִִִִִִִִִִִִִִִִִִִִִִִִִִִִִִִִ
       ³Widths (mm)              ³ Areas    ³ Densities (kg/m3)
       ³                         ³ (cm‎)    ³
Ring   ³Outer Ring Erly Late   % ³Incr Total³Ring E/Wd L/Wd Unif  Min  Max  Rng
 # Year³ Rad.      Wood Wood  LW ³          ³mean mean mean
ֱֱֱִִִִִִִִִִִִִִִִִִִִִִִִִִִִִִִִִִִִִִִִִִִִִִִִִִִִִִִִִִִִִִִִִִִִִִִִִִִִ

 1 1991  14.1 14.1 14.1  0.0   0   6.2    6.2 301  301    0    0  187  451  264
 2 1992  37.2 23.1 23.1  0.0   0  37.2   43.5 282  282    0    0  230  456  226
 3 1993  63.6 26.4 26.4  0.0   0  83.6  127.1 289  289    0    0  195  474  279
 4 1994  90.0 26.4 26.4  0.0   0 127.4  254.5 312  312    0    0  245  490  245
 5 1995 110.7 20.7 20.1  0.6   2 130.5  385.0 316  310  537  227  254  552  298
 6 1996 130.2 19.5 18.3  1.2   6 147.6  532.6 334  322  511  189  252  519  267
 7 1997 149.1 18.9 18.3  0.6   3 165.8  698.4 327  321  526  205  255  539  284
 8 1998 158.1  9.0  7.2  1.8  20  86.9  785.3 385  346  541  195  279  566  287
 9 1999 165.3  7.2  5.4  1.8  25  73.2  858.4 397  352  533  181  315  578  263
10 2000 171.3  6.0  4.5  1.5  25  63.4  921.9 406  348  578  230  291  648  357
11 2001 177.3  6.0  4.5  1.5  25  65.7  987.6 407  354  566  212  297  600  303
12 2002 183.6  6.3  4.5  1.8  28  71.4 1059.0 417  353  577  224  289  619  330
13 2003 188.7  5.1  3.6  1.5  29  59.7 1118.6 441  389  564  175  335  613  278
14 2004 193.5  4.8  3.9  0.9  18  57.6 1176.3 431  399  571  172  342  599  257
15 2005 198.0  4.5  3.3  1.2  26  55.3 1231.6 428  372  580  208  339  633  294
16 2006 202.2  4.2  3.6  0.6  14  52.8 1284.4 440  409  622  213  343  639  296
17 2007 207.3  5.1  3.9  1.2  23  65.6 1350.0 430  383  583  200  320  635  315
18 2008 213.6  6.3  3.9  2.4  38  83.3 1433.4 449  386  550  164  317  594  277
19 2009 218.7  5.1  3.9  1.2  23  69.3 1502.6 412  367  556  189  312  617  305
20 2010 222.6  3.9  3.3  0.6  15  54.1 1556.7 402  380  526  146  314  527  213
21 2011 226.8  4.2  2.4  1.8  42  59.3 1616.0 462  386  564  178  317  587  270
22 2012 230.7  3.9  2.7  1.2  30  56.1 1672.0 415  350  563  213  298  588  290
23 2013 235.2  4.5  3.0  1.5  33  65.9 1737.9 465  395  604  209  320  646  326
24 2014 239.7  4.5  2.1  2.4  53  67.1 1805.0 486  370  587  217  306  637  331
25 2015 243.9  4.2  3.0  1.2  28  63.8 1868.8 451  397  585  188  308  632  324
26 2016 248.1  4.2  2.1  2.1  50  64.9 1933.8 483  398  569  171  330  627  297

Core Length:  248.1 mm
Core Density: 398 kg/m3
Cross-sectional Density:  389 kg/m3
Early/Latewood Threshold: 500 kg/m3
Attenuation Constant: 3.09

