File : C:\DENSITOM\KAWERA~2\KAWE7.DAT
Cores :
11
18
24
26
29
33
36
39
41
44
48
54

ִִִִִִִִִִִִִִִִִִִִִִִִִִִִִִִִִִִִִִִִִִִִִִִִִִִִִִִִִִִִִִִִִִִִִִִִִִִִִִִ
Core : 11
ֲֲֲִִִִִִִִִִִִִִִִִִִִִִִִִִִִִִִִִִִִִִִִִִִִִִִִִִִִִִִִִִִִִִִִִִִִִִִִִִִִ
       ³Widths (mm)              ³ Areas    ³ Densities (kg/m3)
       ³                         ³ (cm‎)    ³
Ring   ³Outer Ring Erly Late   % ³Incr Total³Ring E/Wd L/Wd Unif  Min  Max  Rng
 # Year³ Rad.      Wood Wood  LW ³          ³mean mean mean
ֱֱֱִִִִִִִִִִִִִִִִִִִִִִִִִִִִִִִִִִִִִִִִִִִִִִִִִִִִִִִִִִִִִִִִִִִִִִִִִִִִ

 2 1991   9.5  9.5  7.5  0.0   0   2.8    2.8 373  373    0    0  342  458  116
 3 1992  26.6 17.1 15.9  1.2   7  19.4   22.2 378  362  598  236  316  650  334
 4 1993  47.3 20.7 19.2  1.5   7  48.1   70.3 367  354  528  174  300  534  234
 5 1994  66.5 19.2 18.0  1.2   6  68.6  138.9 383  371  575  204  316  625  309
 6 1995  81.2 14.7 13.8  0.9   6  68.2  207.1 379  367  574  207  315  587  272
 7 1996  95.0 13.8 12.3  1.5  10  76.4  283.5 380  356  578  222  275  640  365
 8 1997 107.6 12.6 10.5  2.1  16  80.2  363.7 383  353  532  179  305  598  293
 9 1998 113.6  6.0  4.5  1.5  25  41.7  405.4 436  368  642  274  316  677  361
10 1999 125.9 12.3  9.9  2.4  19  92.5  498.0 451  427  550  123  342  622  280
11 2000 136.4 10.5  7.8  2.7  25  86.5  584.5 418  368  563  195  300  595  295
12 2001 144.5  8.1  4.5  3.6  44  71.5  656.0 481  383  604  221  330  664  334
13 2002 151.4  6.9  4.5  2.4  34  64.1  720.1 473  388  633  245  330  721  391
14 2003 158.3  6.9  4.2  2.7  39  67.1  787.2 494  417  615  198  386  707  321
15 2004 163.7  5.4  3.6  1.8  33  54.6  841.9 455  386  594  208  334  656  322
16 2005 169.1  5.4  3.3  2.1  38  56.5  898.3 490  425  592  167  367  649  282
17 2006 171.8  2.7  1.8  0.9  33  28.9  927.2 492  423  630  207  360  651  291
18 2007 174.5  2.7  1.8  0.9  33  29.4  956.6 466  411  576  165  367  682  315
19 2008 176.6  2.1  1.2  0.9  42  23.2  979.8 498  410  616  206  388  710  322
20 2009 178.4  1.8  0.6  1.2  66  20.1  999.9 560  417  632  215  400  733  333
21 2010 180.5  2.1  0.6  1.5  71  23.7 1023.5 562  428  616  188  426  738  312
22 2011 182.3  1.8  0.9  0.9  49  20.5 1044.1 541  442  640  198  416  657  241
23 2012 183.8  1.5  0.6  0.9  60  17.3 1061.3 572  462  646  184  459  668  209
24 2013 185.0  1.2  0.3  0.9  75  13.9 1075.2 597  482  635  153  482  756  274
25 2014 186.5  1.5  0.6  0.9  60  17.5 1092.7 534  408  618  210  405  709  304
26 2015 187.7  1.2  0.3  0.9  74  14.1 1106.8 644  434  714  280  434  780  346
27 2016 189.8  2.1  0.6  1.5  71  24.9 1131.7 580  437  638  201  428  710  282

Core Length:  187.8 mm
Core Density: 476 kg/m3
Cross-sectional Density:  451 kg/m3
Early/Latewood Threshold: 500 kg/m3
Attenuation Constant: 3.09

ִִִִִִִִִִִִִִִִִִִִִִִִִִִִִִִִִִִִִִִִִִִִִִִִִִִִִִִִִִִִִִִִִִִִִִִִִִִִִִִ
Core : 18
ֲֲֲִִִִִִִִִִִִִִִִִִִִִִִִִִִִִִִִִִִִִִִִִִִִִִִִִִִִִִִִִִִִִִִִִִִִִִִִִִִִ
       ³Widths (mm)              ³ Areas    ³ Densities (kg/m3)
       ³                         ³ (cm‎)    ³
Ring   ³Outer Ring Erly Late   % ³Incr Total³Ring E/Wd L/Wd Unif  Min  Max  Rng
 # Year³ Rad.      Wood Wood  LW ³          ³mean mean mean
ֱֱֱִִִִִִִִִִִִִִִִִִִִִִִִִִִִִִִִִִִִִִִִִִִִִִִִִִִִִִִִִִִִִִִִִִִִִִִִִִִִ

 2 1991  15.0 15.0 12.0  0.0   0   7.1    7.1 325  325    0    0  272  430  158
 3 1992  38.1 23.1 23.1  0.0   0  38.5   45.6 308  308    0    0  255  453  198
 4 1993  63.0 24.9 24.9  0.0   0  79.1  124.7 315  315    0    0  240  440  200
 5 1994  83.7 20.7 19.5  1.2   5  95.4  220.1 359  349  527  178  268  545  277
 6 1995  98.7 15.0 15.0  0.0   0  86.0  306.0 363  363    0    0  308  464  156
 7 1996 115.8 17.1 16.5  0.6   3 115.2  421.3 381  376  523  147  294  537  243
 8 1997 128.7 12.9 12.6  0.3   2  99.1  520.4 387  384  504  120  281  504  223
 9 1998 137.1  8.4  7.2  1.2  14  70.1  590.5 402  383  522  139  262  578  316
10 1999 144.6  7.5  6.3  1.2  16  66.4  656.9 412  388  538  150  281  557  276
11 2000 151.2  6.6  4.5  2.1  31  61.3  718.2 425  368  546  178  255  587  332
12 2001 155.7  4.5  2.4  2.1  46  43.4  761.6 459  364  569  205  292  621  329
13 2002 160.5  4.8  3.0  1.8  37  47.7  809.3 453  370  591  221  321  651  330
14 2003 164.7  4.2  2.1  2.1  49  42.9  852.2 487  374  599  225  338  663  325
15 2004 170.4  5.7  3.3  2.4  42  60.0  912.2 463  384  571  187  324  618  294
16 2005 174.6  4.2  2.4  1.8  42  45.5  957.7 477  401  578  177  346  633  287
17 2006 177.3  2.7  1.5  1.2  44  29.8  987.6 460  394  543  149  332  590  258
18 2007 180.9  3.6  2.1  1.5  41  40.5 1028.1 490  431  572  141  374  638  264
19 2008 183.9  3.0  1.2  1.8  60  34.4 1062.5 503  410  565  155  384  635  251
20 2009 187.2  3.3  1.5  1.8  54  38.5 1100.9 501  412  575  163  393  607  214
21 2010 190.2  3.0  1.2  1.8  60  35.6 1136.5 522  430  583  153  391  640  249
22 2011 192.3  2.1  1.2  0.9  42  25.2 1161.7 485  433  554  121  405  573  168
23 2012 195.0  2.7  1.8  0.9  33  32.9 1194.6 474  432  558  126  393  572  179
24 2013 197.4  2.4  1.5  0.9  37  29.6 1224.2 509  445  617  172  406  640  234
25 2014 200.4  3.0  0.9  2.1  70  37.5 1261.7 536  426  583  157  404  646  242
26 2015 202.5  2.1  0.9  1.2  57  26.6 1288.2 512  428  574  146  403  622  219
27 2016 204.6  2.1  0.9  1.2  57  26.9 1315.1 514  434  574  140  412  603  191

Core Length:  201.6 mm
Core Density: 443 kg/m3
Cross-sectional Density:  425 kg/m3
Early/Latewood Threshold: 500 kg/m3
Attenuation Constant: 3.09

ִִִִִִִִִִִִִִִִִִִִִִִִִִִִִִִִִִִִִִִִִִִִִִִִִִִִִִִִִִִִִִִִִִִִִִִִִִִִִִִ
Core : 24
ֲֲֲִִִִִִִִִִִִִִִִִִִִִִִִִִִִִִִִִִִִִִִִִִִִִִִִִִִִִִִִִִִִִִִִִִִִִִִִִִִִ
       ³Widths (mm)              ³ Areas    ³ Densities (kg/m3)
       ³                         ³ (cm‎)    ³
Ring   ³Outer Ring Erly Late   % ³Incr Total³Ring E/Wd L/Wd Unif  Min  Max  Rng
 # Year³ Rad.      Wood Wood  LW ³          ³mean mean mean
ֱֱֱִִִִִִִִִִִִִִִִִִִִִִִִִִִִִִִִִִִִִִִִִִִִִִִִִִִִִִִִִִִִִִִִִִִִִִִִִִִִ

 2 1991  14.7 14.7 11.7  0.0   0   6.8    6.8 340  340    0    0  295  452  157
 3 1992  38.1 23.4 23.4  0.0   0  38.8   45.6 307  307    0    0  235  446  211
 4 1993  58.2 20.1 20.1  0.0   0  60.8  106.4 327  327    0    0  251  412  161
 5 1994  71.4 13.2 11.7  1.5  11  53.7  160.2 362  339  539  200  253  578  325
 6 1995  87.3 15.9 14.7  1.2   7  79.3  239.4 400  390  523  133  352  533  181
 7 1996 101.1 13.8 12.3  1.5  10  81.7  321.1 395  377  545  168  306  586  280
 8 1997 113.7 12.6 10.8  1.8  14  85.0  406.1 408  388  524  136  309  547  238
 9 1998 119.7  6.0  4.8  1.2  20  44.0  450.1 404  367  551  184  288  595  307
10 1999 131.4 11.7  9.0  2.7  23  92.3  542.4 436  401  556  155  350  604  254
11 2000 140.4  9.0  6.6  2.4  26  76.8  619.3 437  391  564  173  316  611  295
12 2001 146.7  6.3  4.8  1.5  23  56.8  676.1 452  414  572  158  330  613  283
13 2002 152.1  5.4  3.3  2.1  38  50.7  726.8 472  362  643  281  325  688  363
14 2003 157.2  5.1  3.3  1.8  35  49.6  776.3 488  418  617  199  358  668  310
15 2004 160.8  3.6  2.1  1.5  41  36.0  812.3 460  366  593  227  313  646  333
16 2005 168.6  7.8  3.9  3.9  49  80.7  893.0 489  404  574  170  337  628  291
17 2006 175.2  6.6  3.9  2.7  40  71.3  964.3 454  397  536  139  330  579  249
18 2007 180.9  5.7  3.6  2.1  36  63.8 1028.1 463  386  595  209  328  661  333
19 2008 186.0  5.1  2.7  2.4  47  58.8 1086.9 481  400  572  172  322  620  298
20 2009 190.5  4.5  2.4  2.1  46  53.2 1140.1 485  390  594  204  339  638  299
21 2010 194.1  3.6  1.5  2.1  58  43.5 1183.6 500  411  564  153  350  628  278
22 2011 196.5  2.4  1.8  0.6  24  29.5 1213.0 438  404  541  137  354  550  196
23 2012 199.2  2.7  1.5  1.2  44  33.6 1246.6 465  380  571  191  324  584  260
24 2013 202.5  3.3  2.1  1.2  36  41.6 1288.2 463  399  575  176  355  607  252
25 2014 204.9  2.4  1.2  1.2  50  30.7 1319.0 506  426  585  159  383  652  269
26 2015 208.2  3.3  1.2  2.1  63  42.8 1361.8 518  393  590  197  364  620  256
27 2016 210.3  2.1  0.9  1.2  57  27.6 1389.4 503  399  582  183  360  619  259

Core Length:  207.3 mm
Core Density: 440 kg/m3
Cross-sectional Density:  439 kg/m3
Early/Latewood Threshold: 500 kg/m3
Attenuation Constant: 3.09

ִִִִִִִִִִִִִִִִִִִִִִִִִִִִִִִִִִִִִִִִִִִִִִִִִִִִִִִִִִִִִִִִִִִִִִִִִִִִִִִ
Core : 26
ֲֲֲִִִִִִִִִִִִִִִִִִִִִִִִִִִִִִִִִִִִִִִִִִִִִִִִִִִִִִִִִִִִִִִִִִִִִִִִִִִִ
       ³Widths (mm)              ³ Areas    ³ Densities (kg/m3)
       ³                         ³ (cm‎)    ³
Ring   ³Outer Ring Erly Late   % ³Incr Total³Ring E/Wd L/Wd Unif  Min  Max  Rng
 # Year³ Rad.      Wood Wood  LW ³          ³mean mean mean
ֱֱֱִִִִִִִִִִִִִִִִִִִִִִִִִִִִִִִִִִִִִִִִִִִִִִִִִִִִִִִִִִִִִִִִִִִִִִִִִִִִ

 2 1991  16.3 16.3  9.3  0.0   0   8.3    8.3 317  317    0    0  210  457  247
 3 1992  34.3 18.0 17.7  0.3   1  28.6   37.0 325  322  516  194  269  516  247
 4 1993  56.2 21.9 21.9  0.0   0  62.3   99.2 318  318    0    0  250  447  197
 5 1994  74.5 18.3 17.7  0.6   3  75.1  174.4 305  297  528  231  222  536  314
 6 1995  92.2 17.7 16.2  1.5   8  92.7  267.1 339  319  550  231  282  578  296
 7 1996 108.1 15.9 15.3  0.6   3 100.1  367.1 324  315  548  233  260  561  301
 8 1997 115.6  7.5  7.2  0.3   4  52.7  419.8 345  339  509  170  276  509  233
 9 1998 119.5  3.9  3.3  0.6  15  28.8  448.6 364  332  541  209  255  558  303
10 1999 125.5  6.0  5.4  0.6  10  46.2  494.8 407  393  530  137  327  549  222
11 2000 137.5 12.0 11.4  0.6   5  99.1  594.0 376  368  527  159  265  529  264
12 2001 146.8  9.3  6.6  2.7  29  83.1  677.0 410  353  550  197  265  594  329
13 2002 154.9  8.1  4.2  3.9  48  76.8  753.8 438  336  548  212  288  568  280
14 2003 160.9  6.0  4.2  1.8  30  59.5  813.3 448  395  573  178  318  600  282
15 2004 164.5  3.6  2.4  1.2  33  36.8  850.1 422  370  527  157  316  564  248
16 2005 168.7  4.2  2.7  1.5  35  44.0  894.1 430  373  533  160  317  558  241
17 2006 171.4  2.7  2.7  0.0   0  28.8  922.9 406  406    0    0  324  496  172
18 2007 175.0  3.6  2.1  1.5  41  39.2  962.1 451  367  569  202  338  595  257
19 2008 181.0  6.0  4.2  1.8  30  67.1 1029.2 450  411  542  131  334  582  248
20 2009 187.9  6.9  4.2  2.7  39  80.0 1109.2 464  406  555  149  313  615  302
21 2010 192.4  4.5  3.3  1.2  26  53.8 1162.9 462  428  558  130  341  585  244
22 2011 194.8  2.4  2.1  0.3  12  29.2 1192.1 433  421  512   91  328  512  184
23 2012 197.5  2.7  1.8  0.9  33  33.3 1225.4 473  428  563  135  373  573  200
24 2013 200.5  3.0  1.8  1.2  39  37.5 1262.9 465  397  566  169  330  616  286
25 2014 203.8  3.3  2.1  1.2  36  41.9 1304.8 460  416  537  121  310  548  238
26 2015 208.3  4.5  3.0  1.5  33  58.3 1363.1 451  409  536  127  321  555  234
27 2016 214.0  5.7  4.8  0.9  15  75.6 1438.7 429  412  519  107  340  525  185

Core Length:  207.0 mm
Core Density: 404 kg/m3
Cross-sectional Density:  401 kg/m3
Early/Latewood Threshold: 500 kg/m3
Attenuation Constant: 3.09

ִִִִִִִִִִִִִִִִִִִִִִִִִִִִִִִִִִִִִִִִִִִִִִִִִִִִִִִִִִִִִִִִִִִִִִִִִִִִִִִ
Core : 29
ֲֲֲִִִִִִִִִִִִִִִִִִִִִִִִִִִִִִִִִִִִִִִִִִִִִִִִִִִִִִִִִִִִִִִִִִִִִִִִִִִִ
       ³Widths (mm)              ³ Areas    ³ Densities (kg/m3)
       ³                         ³ (cm‎)    ³
Ring   ³Outer Ring Erly Late   % ³Incr Total³Ring E/Wd L/Wd Unif  Min  Max  Rng
 # Year³ Rad.      Wood Wood  LW ³          ³mean mean mean
ֱֱֱִִִִִִִִִִִִִִִִִִִִִִִִִִִִִִִִִִִִִִִִִִִִִִִִִִִִִִִִִִִִִִִִִִִִִִִִִִִִ

 2 1991  11.4 11.4  8.4  0.0   0   4.1    4.1 332  332    0    0  268  463  195
 3 1992  33.6 22.2 22.2  0.0   0  31.4   35.5 315  315    0    0  256  452  196
 4 1993  61.2 27.6 27.6  0.0   0  82.2  117.7 339  339    0    0  270  426  156
 5 1994  81.6 20.4 19.2  1.2   5  91.5  209.2 364  354  523  169  285  562  277
 6 1995 101.7 20.1 18.3  1.8   8 115.7  324.9 377  359  554  195  304  586  282
 7 1996 116.7 15.0 14.1  0.9   6 102.9  427.9 374  364  527  163  304  557  253
 8 1997 126.6  9.9  9.0  0.9   9  75.7  503.5 391  378  527  149  317  551  234
 9 1998 130.5  3.9  3.3  0.6  15  31.5  535.0 417  387  584  197  324  610  286
10 1999 135.9  5.4  4.2  1.2  22  45.2  580.2 440  397  592  195  354  654  300
11 2000 142.8  6.9  5.1  1.8  26  60.4  640.6 438  387  581  194  315  675  360
12 2001 147.3  4.5  3.6  0.9  20  41.0  681.6 426  382  601  219  325  637  312
13 2002 151.5  4.2  2.4  1.8  42  39.4  721.1 471  390  579  189  332  662  330
14 2003 155.4  3.9  3.0  0.9  23  37.6  758.7 448  404  593  189  356  630  274
15 2004 158.4  3.0  1.8  1.2  40  29.6  788.2 488  415  598  183  366  650  284
16 2005 163.2  4.8  3.3  1.5  31  48.5  836.7 499  436  637  201  364  682  318
17 2006 166.8  3.6  2.4  1.2  33  37.3  874.1 466  424  551  127  346  567  221
18 2007 169.2  2.4  1.8  0.6  24  25.3  899.4 474  437  583  146  357  651  294
19 2008 171.3  2.1  1.2  0.9  42  22.5  921.9 518  431  635  204  384  680  296
20 2009 173.1  1.8  1.2  0.6  33  19.5  941.3 467  422  557  135  397  589  192
21 2010 174.6  1.5  0.6  0.9  60  16.4  957.7 500  437  542  105  433  586  153
22 2011 175.2  0.6  0.6  0.0   0   6.6  964.3 477  477    0    0  455  499   44
23 2012 175.8  0.6  0.3  0.3  50   6.6  970.9 448  391  505  114  391  505  114
24 2013 176.4  0.6  0.3  0.3  49   6.6  977.6 514  485  543   58  485  543   58
25 2014 177.0  0.6  0.6  0.0   0   6.7  984.2 428  428    0    0  373  483  110
26 2015 178.5  1.5  0.9  0.6  40  16.8 1001.0 501  436  600  164  408  614  206
27 2016 179.4  0.9  0.6  0.3  33  10.1 1011.1 441  411  503   92  391  503  112

Core Length:  176.4 mm
Core Density: 436 kg/m3
Cross-sectional Density:  414 kg/m3
Early/Latewood Threshold: 500 kg/m3
Attenuation Constant: 3.09

ִִִִִִִִִִִִִִִִִִִִִִִִִִִִִִִִִִִִִִִִִִִִִִִִִִִִִִִִִִִִִִִִִִִִִִִִִִִִִִִ
Core : 33
ֲֲֲִִִִִִִִִִִִִִִִִִִִִִִִִִִִִִִִִִִִִִִִִִִִִִִִִִִִִִִִִִִִִִִִִִִִִִִִִִִִ
       ³Widths (mm)              ³ Areas    ³ Densities (kg/m3)
       ³                         ³ (cm‎)    ³
Ring   ³Outer Ring Erly Late   % ³Incr Total³Ring E/Wd L/Wd Unif  Min  Max  Rng
 # Year³ Rad.      Wood Wood  LW ³          ³mean mean mean
ֱֱֱִִִִִִִִִִִִִִִִִִִִִִִִִִִִִִִִִִִִִִִִִִִִִִִִִִִִִִִִִִִִִִִִִִִִִִִִִִִִ

 1 1990   2.1  2.1  2.1  0.0   0   0.1    0.1 293  293    0    0  237  351  114
 2 1991  13.8 11.7 11.7  0.0   0   5.8    6.0 309  309    0    0  261  397  136
 3 1992  36.0 22.2 22.2  0.0   0  34.7   40.7 304  304    0    0  255  418  163
 4 1993  63.0 27.0 27.0  0.0   0  84.0  124.7 326  326    0    0  255  452  197
 5 1994  82.5 19.5 18.3  1.2   6  89.1  213.8 365  352  573  221  270  634  364
 6 1995  97.2 14.7 12.9  1.8  12  83.0  296.8 405  382  563  181  342  621  279
 7 1996 108.9 11.7 10.8  0.9   7  75.8  372.6 382  365  578  213  297  598  301
 8 1997 120.6 11.7  9.0  2.7  23  84.4  456.9 411  363  572  209  302  624  322
 9 1998 128.1  7.5  5.4  2.1  28  58.6  515.5 435  374  592  218  314  636  322
10 1999 137.4  9.3  5.4  3.9  41  77.6  593.1 465  382  581  199  331  667  336
11 2000 145.5  8.1  5.7  2.4  29  72.0  665.1 435  376  577  201  317  614  297
12 2001 152.1  6.6  4.8  1.8  27  61.7  726.8 422  356  598  242  293  630  337
13 2002 157.2  5.1  3.9  1.2  23  49.6  776.3 428  355  662  307  262  703  441
14 2003 164.7  7.5  6.0  1.5  20  75.8  852.2 428  380  619  239  337  690  353
15 2004 170.1  5.4  3.3  2.1  38  56.8  909.0 460  375  595  220  308  652  344
16 2005 175.8  5.7  3.9  1.8  31  61.9  970.9 453  387  597  210  319  651  332
17 2006 179.4  3.6  2.1  1.5  41  40.2 1011.1 466  386  578  192  334  643  309
18 2007 184.2  4.8  3.6  1.2  24  54.8 1065.9 459  400  635  235  362  682  320
19 2008 189.3  5.1  3.6  1.5  29  59.8 1125.8 463  399  617  218  331  670  339
20 2009 193.5  4.2  2.7  1.5  35  50.5 1176.3 479  413  597  184  351  634  283
21 2010 197.4  3.9  2.4  1.5  38  47.9 1224.2 472  416  561  145  348  656  308
22 2011 199.5  2.1  1.2  0.9  42  26.2 1250.4 510  433  614  181  398  663  265
23 2012 203.4  3.9  2.1  1.8  46  49.4 1299.7 528  439  632  193  377  691  314
24 2013 208.2  4.8  2.1  2.7  56  62.1 1361.8 538  429  624  195  342  699  357
25 2014 211.2  3.0  1.2  1.8  60  39.5 1401.3 528  402  612  210  360  687  327
26 2015 214.5  3.3  1.5  1.8  54  44.1 1445.5 531  411  631  220  370  721  351
27 2016 216.6  2.1  0.6  1.5  71  28.4 1473.9 573  409  639  230  372  713  341

Core Length:  216.6 mm
Core Density: 439 kg/m3
Cross-sectional Density:  439 kg/m3
Early/Latewood Threshold: 500 kg/m3
Attenuation Constant: 3.09

ִִִִִִִִִִִִִִִִִִִִִִִִִִִִִִִִִִִִִִִִִִִִִִִִִִִִִִִִִִִִִִִִִִִִִִִִִִִִִִִ
Core : 36
ֲֲֲִִִִִִִִִִִִִִִִִִִִִִִִִִִִִִִִִִִִִִִִִִִִִִִִִִִִִִִִִִִִִִִִִִִִִִִִִִִִ
       ³Widths (mm)              ³ Areas    ³ Densities (kg/m3)
       ³                         ³ (cm‎)    ³
Ring   ³Outer Ring Erly Late   % ³Incr Total³Ring E/Wd L/Wd Unif  Min  Max  Rng
 # Year³ Rad.      Wood Wood  LW ³          ³mean mean mean
ֱֱֱִִִִִִִִִִִִִִִִִִִִִִִִִִִִִִִִִִִִִִִִִִִִִִִִִִִִִִִִִִִִִִִִִִִִִִִִִִִִ

 2 1991  12.1 12.1 11.1  0.0   0   4.6    4.6 363  363    0    0  316  490  174
 3 1992  33.1 21.0 20.1  0.9   4  29.8   34.4 360  353  526  173  286  544  258
 4 1993  61.6 28.5 28.5  0.0   0  84.8  119.2 360  360    0    0  294  458  164
 5 1994  82.3 20.7 18.6  2.1  10  93.6  212.8 393  373  573  200  312  622  310
 6 1995  99.7 17.4 15.6  1.8  10  99.5  312.3 408  393  541  148  322  610  288
 7 1996 117.1 17.4 14.7  2.7  15 118.5  430.8 418  395  541  146  322  573  251
 8 1997 131.2 14.1 10.2  3.9  27 110.0  540.8 442  409  531  122  346  582  236
 9 1998 138.7  7.5  5.1  2.4  32  63.6  604.4 464  408  585  177  320  630  310
10 1999 147.7  9.0  4.2  4.8  53  81.0  685.3 498  428  560  132  358  597  239
11 2000 158.5 10.8  6.0  4.8  44 103.9  789.2 464  397  547  150  303  581  278
12 2001 166.9  8.4  5.7  2.7  32  85.9  875.1 464  402  594  192  324  627  303
13 2002 172.6  5.7  2.7  3.0  52  60.8  935.9 520  366  660  294  327  727  400
14 2003 177.7  5.1  2.7  2.4  47  56.1  992.0 523  406  655  249  364  760  396
15 2004 181.3  3.6  1.8  1.8  50  40.6 1032.6 523  401  645  244  363  756  393
16 2005 185.5  4.2  1.8  2.4  57  48.4 1081.0 521  383  625  242  359  736  377
17 2006 188.2  2.7  1.2  1.5  55  31.7 1112.7 522  408  613  205  369  754  385
18 2007 190.9  2.7  0.9  1.8  66  32.2 1144.9 552  426  615  189  387  728  341
19 2008 194.2  3.3  1.8  1.5  45  39.9 1184.8 530  434  645  211  387  721  334
20 2009 197.2  3.0  1.2  1.8  60  36.9 1221.7 540  426  616  190  402  729  327
21 2010 199.6  2.4  0.9  1.5  62  29.9 1251.6 587  448  671  223  423  728  305
22 2011 202.0  2.4  0.6  1.8  74  30.3 1281.9 604  457  653  196  440  758  318
23 2012 205.0  3.0  0.6  2.4  80  38.4 1320.3 599  483  628  145  471  729  258
24 2013 208.3  3.3  0.3  3.0  90  42.8 1363.1 674  461  695  234  461  778  317
25 2014 210.7  2.4  0.9  1.5  62  31.6 1394.7 624  472  715  243  454  796  342
26 2015 213.7  3.0  0.9  2.1  70  40.0 1434.7 611  451  680  229  425  758  333
27 2016 215.8  2.1  0.6  1.5  71  28.3 1463.0 574  449  624  175  441  697  256

Core Length:  214.8 mm
Core Density: 505 kg/m3
Cross-sectional Density:  483 kg/m3
Early/Latewood Threshold: 500 kg/m3
Attenuation Constant: 3.09

ִִִִִִִִִִִִִִִִִִִִִִִִִִִִִִִִִִִִִִִִִִִִִִִִִִִִִִִִִִִִִִִִִִִִִִִִִִִִִִִ
Core : 39
ֲֲֲִִִִִִִִִִִִִִִִִִִִִִִִִִִִִִִִִִִִִִִִִִִִִִִִִִִִִִִִִִִִִִִִִִִִִִִִִִִִ
       ³Widths (mm)              ³ Areas    ³ Densities (kg/m3)
       ³                         ³ (cm‎)    ³
Ring   ³Outer Ring Erly Late   % ³Incr Total³Ring E/Wd L/Wd Unif  Min  Max  Rng
 # Year³ Rad.      Wood Wood  LW ³          ³mean mean mean
ֱֱֱִִִִִִִִִִִִִִִִִִִִִִִִִִִִִִִִִִִִִִִִִִִִִִִִִִִִִִִִִִִִִִִִִִִִִִִִִִִִ

 2 1991  17.9 17.9 12.9  0.0   0  10.1   10.1 322  322    0    0  272  441  169
 3 1992  41.9 24.0 24.0  0.0   0  45.1   55.2 344  344    0    0  272  475  203
 4 1993  69.2 27.3 27.3  0.0   0  95.3  150.4 331  331    0    0  253  431  178
 5 1994  86.0 16.8 15.9  0.9   5  81.9  232.4 354  344  529  185  267  536  269
 6 1995 100.1 14.1 13.2  0.9   6  82.4  314.8 365  355  520  165  323  546  223
 7 1996 112.7 12.6 11.7  0.9   7  84.2  399.0 383  371  541  170  282  560  278
 8 1997 123.8 11.1  9.3  1.8  16  82.5  481.5 394  368  525  157  309  549  240
 9 1998 130.7  6.9  5.7  1.2  17  55.2  536.7 401  378  511  133  324  521  197
10 1999 143.9 13.2 11.7  1.5  11 113.9  650.5 416  403  518  115  346  537  191
11 2000 153.5  9.6  7.8  1.8  18  89.7  740.2 407  377  532  155  316  565  249
12 2001 161.0  7.5  5.4  2.1  28  74.1  814.3 431  381  561  180  331  643  312
13 2002 166.1  5.1  3.3  1.8  35  52.4  866.7 440  380  551  171  331  607  276
14 2003 170.3  4.2  2.4  1.8  42  44.4  911.1 478  407  573  166  383  624  241
15 2004 173.6  3.3  2.1  1.2  36  35.7  946.8 474  417  574  157  358  636  278
16 2005 177.5  3.9  2.7  1.2  30  43.0  989.8 473  413  609  196  362  652  290
17 2006 180.8  3.3  2.1  1.2  36  37.1 1026.9 462  409  556  147  361  571  210
18 2007 183.5  2.7  1.8  0.9  33  30.9 1057.8 480  424  593  169  377  628  251
19 2008 186.8  3.3  1.8  1.5  45  38.4 1096.2 484  415  567  152  388  603  215
20 2009 188.9  2.1  1.2  0.9  42  24.8 1121.0 517  440  619  179  398  652  254
21 2010 191.0  2.1  0.9  1.2  57  25.1 1146.1 542  468  598  130  452  643  191
22 2011 193.1  2.1  1.2  0.9  42  25.3 1171.4 509  427  618  191  390  654  264
23 2012 194.6  1.5  0.9  0.6  40  18.3 1189.7 517  471  587  116  438  618  180
24 2013 196.1  1.5  0.9  0.6  40  18.4 1208.1 521  449  629  180  412  640  228
25 2014 197.6  1.5  0.6  0.9  60  18.6 1226.7 561  473  620  147  456  652  196
26 2015 199.1  1.5  0.6  0.9  60  18.7 1245.4 553  447  624  177  402  662  260
27 2016 200.9  1.8  0.6  1.2  66  22.6 1268.0 548  389  628  239  317  699  382

Core Length:  195.9 mm
Core Density: 450 kg/m3
Cross-sectional Density:  422 kg/m3
Early/Latewood Threshold: 500 kg/m3
Attenuation Constant: 3.09

ִִִִִִִִִִִִִִִִִִִִִִִִִִִִִִִִִִִִִִִִִִִִִִִִִִִִִִִִִִִִִִִִִִִִִִִִִִִִִִִ
Core : 41
ֲֲֲִִִִִִִִִִִִִִִִִִִִִִִִִִִִִִִִִִִִִִִִִִִִִִִִִִִִִִִִִִִִִִִִִִִִִִִִִִִִ
       ³Widths (mm)              ³ Areas    ³ Densities (kg/m3)
       ³                         ³ (cm‎)    ³
Ring   ³Outer Ring Erly Late   % ³Incr Total³Ring E/Wd L/Wd Unif  Min  Max  Rng
 # Year³ Rad.      Wood Wood  LW ³          ³mean mean mean
ֱֱֱִִִִִִִִִִִִִִִִִִִִִִִִִִִִִִִִִִִִִִִִִִִִִִִִִִִִִִִִִִִִִִִִִִִִִִִִִִִִ

 1 1990   2.4  2.4  2.4  0.0   0   0.2    0.2 319  319    0    0  238  381  143
 2 1991  13.2 10.8 10.8  0.0   0   5.3    5.5 355  355    0    0  302  461  159
 3 1992  33.3 20.1 18.9  1.2   5  29.4   34.8 359  348  524  176  295  538  243
 4 1993  60.0 26.7 26.4  0.3   1  78.3  113.1 376  374  506  132  320  506  186
 5 1994  76.2 16.2 13.5  2.7  16  69.3  182.4 414  385  561  176  325  626  301
 6 1995  91.8 15.6 13.2  2.4  15  82.3  264.7 447  416  617  201  375  681  306
 7 1996 105.3 13.5 10.5  3.0  22  83.6  348.3 461  422  599  177  365  695  330
 8 1997 113.4  8.1  4.5  3.6  44  55.7  404.0 506  455  570  115  379  706  327
 9 1998 118.2  4.8  3.3  1.5  31  34.9  438.9 483  439  582  143  392  639  247
10 1999 127.2  9.0  5.1  3.9  43  69.4  508.3 493  434  570  136  382  645  263
11 2000 133.8  6.6  5.7  0.9  13  54.1  562.4 456  435  592  157  371  655  284
12 2001 140.1  6.3  3.0  3.3  52  54.2  616.6 543  425  651  226  358  720  362
13 2002 146.7  6.6  3.9  2.7  40  59.5  676.1 503  414  631  217  370  698  328
14 2003 152.1  5.4  3.3  2.1  38  50.7  726.8 525  439  660  221  394  728  334
15 2004 156.9  4.8  2.7  2.1  43  46.6  773.4 519  433  631  198  392  728  336
16 2005 160.5  3.6  1.8  1.8  50  35.9  809.3 498  421  574  153  385  608  223
17 2006 162.9  2.4  0.9  1.5  62  24.4  833.7 533  435  592  157  415  700  285
18 2007 164.4  1.5  0.6  0.9  60  15.4  849.1 523  440  578  138  426  599  173
19 2008 165.9  1.5  0.9  0.6  40  15.6  864.7 495  446  568  122  401  608  207
20 2009 167.4  1.5  0.9  0.6  40  15.7  880.4 479  444  533   89  416  565  149
21 2010 168.9  1.5  0.3  1.2  80  15.8  896.2 565  445  595  150  445  669  224
22 2011 169.8  0.9  0.3  0.6  66   9.6  905.8 509  465  532   67  465  555   90
23 2012 170.1  0.3  0.3  0.0   0   3.2  909.0 495  495    0    0  495  495    0
24 2013 170.4  0.3  0.0  0.3  99   3.2  912.2 533    0  533  533  533  533    0
25 2014 170.7  0.3  0.0  0.3  99   3.2  915.4 502    0  502  502  502  502    0
26 2015 171.0  0.3  0.0  0.3 100   3.2  918.6 501    0  501  501  501  501    0
27 2016 171.3  0.3  0.3  0.0   0   3.2  921.9 489  489    0    0  489  489    0

Core Length:  171.3 mm
Core Density: 477 kg/m3
Cross-sectional Density:  473 kg/m3
Early/Latewood Threshold: 500 kg/m3
Attenuation Constant: 3.09

ִִִִִִִִִִִִִִִִִִִִִִִִִִִִִִִִִִִִִִִִִִִִִִִִִִִִִִִִִִִִִִִִִִִִִִִִִִִִִִִ
Core : 44
ֲֲֲִִִִִִִִִִִִִִִִִִִִִִִִִִִִִִִִִִִִִִִִִִִִִִִִִִִִִִִִִִִִִִִִִִִִִִִִִִִִ
       ³Widths (mm)              ³ Areas    ³ Densities (kg/m3)
       ³                         ³ (cm‎)    ³
Ring   ³Outer Ring Erly Late   % ³Incr Total³Ring E/Wd L/Wd Unif  Min  Max  Rng
 # Year³ Rad.      Wood Wood  LW ³          ³mean mean mean
ֱֱֱִִִִִִִִִִִִִִִִִִִִִִִִִִִִִִִִִִִִִִִִִִִִִִִִִִִִִִִִִִִִִִִִִִִִִִִִִִִִ

 1 1990   3.0  3.0  3.0  0.0   0   0.3    0.3 331  331    0    0  242  435  193
 2 1991   6.6  3.6  3.6  0.0   0   1.1    1.4 358  358    0    0  319  443  124
 3 1992  25.8 19.2 18.9  0.3   1  19.5   20.9 336  333  504  171  291  504  213
 4 1993  55.2 29.4 29.4  0.0   0  74.8   95.7 327  327    0    0  243  460  217
 5 1994  74.1 18.9 18.3  0.6   3  76.8  172.5 350  344  529  185  278  543  265
 6 1995  88.8 14.7 13.8  0.9   6  75.2  247.7 366  356  517  161  283  526  243
 7 1996 105.0 16.2 15.0  1.2   7  98.6  346.4 362  350  514  164  257  522  265
 8 1997 117.0 12.0 11.1  0.9   7  83.7  430.1 362  349  525  176  277  554  277
 9 1998 126.3  9.3  6.9  2.4  25  71.1  501.1 411  359  561  202  280  604  324
10 1999 137.1 10.8  9.3  1.5  13  89.4  590.5 415  396  530  134  272  560  288
11 2000 147.6 10.5  7.5  3.0  28  93.9  684.4 395  344  523  179  254  543  289
12 2001 158.1 10.5  7.5  3.0  28 100.8  785.3 405  350  543  193  262  586  324
13 2002 165.9  7.8  5.7  2.1  26  79.4  864.7 403  346  557  211  261  635  374
14 2003 173.7  7.8  6.3  1.5  19  83.2  947.9 403  370  541  171  287  567  280
15 2004 179.7  6.0  4.5  1.5  25  66.6 1014.5 401  349  558  209  277  590  313
16 2005 186.0  6.3  4.2  2.1  33  72.4 1086.9 441  368  589  221  288  627  339
17 2006 190.2  4.2  3.3  0.9  21  49.6 1136.5 427  382  590  208  294  609  315
18 2007 193.5  3.3  2.7  0.6  18  39.8 1176.3 411  362  635  273  281  646  365
19 2008 195.9  2.4  1.8  0.6  25  29.4 1205.6 404  361  532  171  288  546  258
20 2009 198.9  3.0  1.5  1.5  50  37.2 1242.9 439  325  554  229  292  619  327
21 2010 201.9  3.0  2.1  0.9  30  37.8 1280.6 433  392  527  135  311  544  233
22 2011 205.5  3.6  1.8  1.8  49  46.1 1326.7 455  357  554  197  317  623  306
23 2012 207.6  2.1  1.2  0.9  42  27.3 1354.0 458  381  562  181  332  604  272
24 2013 209.4  1.8  0.9  0.9  49  23.6 1377.5 498  388  609  221  349  681  332
25 2014 211.8  2.4  1.2  1.2  50  31.8 1409.3 529  418  640  222  322  667  345
26 2015 214.2  2.4  1.2  1.2  49  32.1 1441.4 496  386  605  219  338  652  314
27 2016 215.7  1.5  0.3  1.2  80  20.3 1461.7 551  375  595  220  375  624  249

Core Length:  215.7 mm
Core Density: 413 kg/m3
Cross-sectional Density:  404 kg/m3
Early/Latewood Threshold: 500 kg/m3
Attenuation Constant: 3.09

ִִִִִִִִִִִִִִִִִִִִִִִִִִִִִִִִִִִִִִִִִִִִִִִִִִִִִִִִִִִִִִִִִִִִִִִִִִִִִִִ
Core : 48
ֲֲֲִִִִִִִִִִִִִִִִִִִִִִִִִִִִִִִִִִִִִִִִִִִִִִִִִִִִִִִִִִִִִִִִִִִִִִִִִִִִ
       ³Widths (mm)              ³ Areas    ³ Densities (kg/m3)
       ³                         ³ (cm‎)    ³
Ring   ³Outer Ring Erly Late   % ³Incr Total³Ring E/Wd L/Wd Unif  Min  Max  Rng
 # Year³ Rad.      Wood Wood  LW ³          ³mean mean mean
ֱֱֱִִִִִִִִִִִִִִִִִִִִִִִִִִִִִִִִִִִִִִִִִִִִִִִִִִִִִִִִִִִִִִִִִִִִִִִִִִִִ

 2 1992  15.4 15.4 14.1  0.3   1   7.5    7.5 364  361  535  174  296  535  239
 3 1993  37.0 21.6 21.0  0.6   2  35.6   43.0 377  374  506  132  300  511  211
 4 1994  56.2 19.2 17.4  1.8   9  56.2   99.2 415  401  551  150  351  587  236
 5 1995  71.2 15.0 13.5  1.5   9  60.0  159.3 408  391  565  174  333  603  270
 6 1996  84.1 12.9 10.2  2.7  20  62.9  222.2 432  401  550  149  313  626  313
 7 1997  96.7 12.6  9.9  2.7  21  71.6  293.8 432  405  531  126  354  560  206
 8 1998 103.9  7.2  3.9  3.3  45  45.4  339.1 463  385  556  171  320  591  271
 9 1999 113.2  9.3  6.3  3.0  32  63.4  402.6 468  432  545  113  336  597  261
10 2000 120.1  6.9  4.8  2.1  30  50.6  453.1 442  400  538  138  320  574  254
11 2001 127.0  6.9  4.2  2.7  39  53.6  506.7 475  411  574  163  346  627  281
12 2002 132.1  5.1  3.0  2.1  41  41.5  548.2 479  389  607  218  322  702  380
13 2003 136.6  4.5  2.4  2.1  46  38.0  586.2 492  396  602  206  348  668  320
14 2004 141.1  4.5  1.8  2.7  60  39.3  625.5 511  397  587  190  342  627  285
15 2005 147.1  6.0  2.7  3.3  55  54.3  679.8 493  391  576  185  346  673  327
16 2006 149.8  2.7  1.2  1.5  55  25.2  705.0 498  397  579  182  365  639  274
17 2007 152.8  3.0  1.5  1.5  50  28.5  733.5 512  419  605  186  367  695  328
18 2008 155.2  2.4  1.2  1.2  49  23.2  756.7 519  437  601  164  382  628  246
19 2009 157.6  2.4  1.2  1.2  50  23.6  780.3 515  415  614  199  376  699  323
20 2010 158.8  1.2  0.6  0.6  50  11.9  792.2 542  473  612  139  468  646  178
21 2011 160.3  1.5  0.9  0.6  40  15.0  807.3 495  420  607  187  373  624  251
22 2012 161.8  1.5  0.6  0.9  60  15.2  822.4 563  468  626  158  463  640  177
23 2013 162.7  0.9  0.3  0.6  66   9.2  831.6 533  435  582  147  435  623  188
24 2014 163.3  0.6  0.0  0.6 100   6.1  837.8 587    0  587  587  548  626   78
25 2015 163.9  0.6  0.0  0.6  99   6.2  843.9 544    0  544  544  522  566   44
26 2016 164.5  0.6  0.3  0.3  50   6.2  850.1 531  427  636  209  427  636  209

Core Length:  163.5 mm
Core Density: 483 kg/m3
Cross-sectional Density:  464 kg/m3
Early/Latewood Threshold: 500 kg/m3
Attenuation Constant: 3.09

ִִִִִִִִִִִִִִִִִִִִִִִִִִִִִִִִִִִִִִִִִִִִִִִִִִִִִִִִִִִִִִִִִִִִִִִִִִִִִִִ
Core : 54
ֲֲֲִִִִִִִִִִִִִִִִִִִִִִִִִִִִִִִִִִִִִִִִִִִִִִִִִִִִִִִִִִִִִִִִִִִִִִִִִִִִ
       ³Widths (mm)              ³ Areas    ³ Densities (kg/m3)
       ³                         ³ (cm‎)    ³
Ring   ³Outer Ring Erly Late   % ³Incr Total³Ring E/Wd L/Wd Unif  Min  Max  Rng
 # Year³ Rad.      Wood Wood  LW ³          ³mean mean mean
ֱֱֱִִִִִִִִִִִִִִִִִִִִִִִִִִִִִִִִִִִִִִִִִִִִִִִִִִִִִִִִִִִִִִִִִִִִִִִִִִִִ

 1 1990   4.3  4.3  3.3  0.0   0   0.6    0.6 292  292    0    0  233  390  157
 2 1991  13.3  9.0  9.0  0.0   0   5.0    5.6 364  364    0    0  289  486  197
 3 1992  34.0 20.7 19.8  0.9   4  30.8   36.3 341  334  509  175  282  512  230
 4 1993  57.4 23.4 23.4  0.0   0  67.2  103.5 343  343    0    0  287  472  185
 5 1994  74.8 17.4 16.2  1.2   6  72.3  175.8 357  343  544  201  277  579  302
 6 1995  91.3 16.5 15.3  1.2   7  86.1  261.9 392  381  533  152  315  544  229
 7 1996 108.7 17.4 15.3  2.1  12 109.3  371.2 376  357  515  158  269  530  261
 8 1997 120.7 12.0  9.6  2.4  20  86.5  457.7 403  372  527  155  302  577  275
 9 1998 126.4  5.7  5.1  0.6  10  44.2  501.9 381  361  543  182  308  569  261
10 1999 134.8  8.4  7.5  0.9  10  68.9  570.9 375  357  532  175  303  543  240
11 2000 143.2  8.4  7.5  0.9  10  73.4  644.2 366  346  530  184  272  554  282
12 2001 148.6  5.4  4.2  1.2  22  49.5  693.7 409  369  548  179  296  575  279
13 2002 157.0  8.4  5.7  2.7  32  80.6  774.4 426  377  529  152  290  559  269
14 2003 168.7 11.7  8.4  3.3  28 119.7  894.1 425  387  521  134  294  547  253
15 2004 174.4  5.7  5.4  0.3   5  61.4  955.5 383  372  583  211  293  583  290
16 2005 178.3  3.9  3.0  0.9  23  43.2  998.7 428  379  591  212  307  628  321
17 2006 181.9  3.6  2.7  0.9  24  40.7 1039.5 426  380  564  184  309  589  280
18 2007 187.6  5.7  4.2  1.5  26  66.2 1105.6 430  380  571  191  309  590  281
19 2008 193.9  6.3  5.1  1.2  19  75.5 1181.2 390  352  549  197  272  589  317
20 2009 196.3  2.4  2.4  0.0   0  29.4 1210.6 406  406    0    0  308  496  188
21 2010 197.5  1.2  0.9  0.3  24  14.8 1225.4 387  349  502  153  290  502  212
22 2011 198.7  1.2  0.9  0.3  25  14.9 1240.4 407  360  549  189  309  549  240
23 2012 200.2  1.5  1.2  0.3  20  18.8 1259.2 420  383  572  189  306  572  266
24 2013 202.3  2.1  0.9  1.2  57  26.6 1285.7 468  356  552  196  319  595  276
25 2014 206.2  3.9  1.8  2.1  53  50.1 1335.8 468  379  544  165  310  589  279
26 2015 211.3  5.1  3.3  1.8  35  66.9 1402.6 451  408  531  123  329  563  234
27 2016 214.9  3.6  2.7  0.9  24  48.2 1450.9 425  387  539  152  314  567  253

Core Length:  213.9 mm
Core Density: 397 kg/m3
Cross-sectional Density:  400 kg/m3
Early/Latewood Threshold: 500 kg/m3
Attenuation Constant: 3.09

