File : C:\DENSITOM\KAWERA~2\KAWE1.DAT
Cores :
14
17
29
31
37
41
45
49
53
58
66
67

ִִִִִִִִִִִִִִִִִִִִִִִִִִִִִִִִִִִִִִִִִִִִִִִִִִִִִִִִִִִִִִִִִִִִִִִִִִִִִִִ
Core : 14
ֲֲֲִִִִִִִִִִִִִִִִִִִִִִִִִִִִִִִִִִִִִִִִִִִִִִִִִִִִִִִִִִִִִִִִִִִִִִִִִִִִ
       ³Widths (mm)              ³ Areas    ³ Densities (kg/m3)
       ³                         ³ (cm‎)    ³
Ring   ³Outer Ring Erly Late   % ³Incr Total³Ring E/Wd L/Wd Unif  Min  Max  Rng
 # Year³ Rad.      Wood Wood  LW ³          ³mean mean mean
ֱֱֱִִִִִִִִִִִִִִִִִִִִִִִִִִִִִִִִִִִִִִִִִִִִִִִִִִִִִִִִִִִִִִִִִִִִִִִִִִִִ

 1 1991   9.6  9.6  9.6  0.0   0   2.9    2.9 330  330    0    0  272  450  178
 2 1992  26.4 16.8 15.9  0.9   5  19.0   21.9 312  300  526  226  244  535  291
 3 1993  48.9 22.5 22.5  0.0   0  53.2   75.1 359  359    0    0  228  496  268
 4 1994  73.5 24.6 24.0  0.6   2  94.6  169.7 395  392  511  119  296  516  220
 5 1995  92.4 18.9 18.9  0.0   0  98.5  268.2 321  321    0    0  246  494  248
 6 1996 105.9 13.5 13.2  0.3   2  84.1  352.3 338  334  520  186  263  520  257
 7 1997 115.8  9.9  8.1  1.8  18  69.0  421.3 363  330  514  184  270  537  267
 8 1998 121.8  6.0  5.1  0.9  15  44.8  466.1 385  354  562  208  293  572  279
 9 1999 130.2  8.4  7.8  0.6   7  66.5  532.6 398  386  549  163  317  568  251
10 2000 141.6 11.4 10.5  0.9   7  97.3  629.9 380  367  531  164  272  553  281
11 2001 147.3  5.7  3.6  2.1  36  51.7  681.6 423  351  546  195  290  574  284
12 2002 154.8  7.5  6.0  1.5  20  71.2  752.8 384  344  545  201  265  573  308
13 2003 164.1  9.3  8.4  0.9   9  93.2  846.0 369  349  551  202  297  568  271
14 2004 171.3  7.2  6.0  1.2  16  75.9  921.9 397  365  558  193  312  610  298
15 2005 177.0  5.7  4.5  1.2  21  62.4  984.2 419  372  593  221  301  628  327
16 2006 182.1  5.1  3.3  1.8  35  57.5 1041.8 449  384  570  186  341  594  253
17 2007 185.4  3.3  2.1  1.2  36  38.1 1079.9 504  447  604  157  383  646  263
18 2008 188.7  3.3  1.8  1.5  45  38.8 1118.6 481  395  583  188  346  659  313
19 2009 194.1  5.4  2.4  3.0  55  64.9 1183.6 496  412  564  152  363  655  292
20 2010 200.7  6.6  4.5  2.1  31  81.9 1265.4 473  424  578  154  354  640  286
21 2011 203.4  2.7  1.8  0.9  33  34.3 1299.7 486  431  596  165  330  616  286
22 2012 206.1  2.7  1.5  1.2  44  34.7 1334.5 479  411  564  153  334  600  266
23 2013 212.1  6.0  3.0  3.0  50  78.8 1413.3 520  442  599  157  344  687  343
24 2014 216.0  3.9  1.8  2.1  53  52.5 1465.7 494  378  595  217  343  708  365
25 2015 220.2  4.2  2.7  1.5  35  57.6 1523.3 487  427  596  169  367  655  288
26 2016 225.0  4.8  2.1  2.7  56  67.1 1590.4 500  397  580  183  350  654  304

Core Length:  225.0 mm
Core Density: 420 kg/m3
Cross-sectional Density:  418 kg/m3
Early/Latewood Threshold: 500 kg/m3
Attenuation Constant: 3.09

ִִִִִִִִִִִִִִִִִִִִִִִִִִִִִִִִִִִִִִִִִִִִִִִִִִִִִִִִִִִִִִִִִִִִִִִִִִִִִִִ
Core : 17
ֲֲֲִִִִִִִִִִִִִִִִִִִִִִִִִִִִִִִִִִִִִִִִִִִִִִִִִִִִִִִִִִִִִִִִִִִִִִִִִִִִ
       ³Widths (mm)              ³ Areas    ³ Densities (kg/m3)
       ³                         ³ (cm‎)    ³
Ring   ³Outer Ring Erly Late   % ³Incr Total³Ring E/Wd L/Wd Unif  Min  Max  Rng
 # Year³ Rad.      Wood Wood  LW ³          ³mean mean mean
ֱֱֱִִִִִִִִִִִִִִִִִִִִִִִִִִִִִִִִִִִִִִִִִִִִִִִִִִִִִִִִִִִִִִִִִִִִִִִִִִִִ

 1 1991  12.9 12.9 12.3  0.6   4   5.2    5.2 344  336  512  176  287  521  234
 2 1992  32.4 19.5 18.6  0.9   4  27.8   33.0 336  326  537  211  265  555  290
 3 1993  55.8 23.4 22.8  0.6   2  64.8   97.8 346  341  529  188  271  543  272
 4 1994  75.3 19.5 18.6  0.9   4  80.3  178.1 361  352  554  202  271  609  338
 5 1995  92.1 16.8 16.2  0.6   3  88.4  266.5 376  369  559  190  291  579  288
 6 1996 106.8 14.7 14.4  0.3   2  91.9  358.3 375  372  547  175  294  547  253
 7 1997 117.3 10.5  9.6  0.9   8  73.9  432.3 366  348  555  207  307  573  266
 8 1998 121.8  4.5  4.2  0.3   6  33.8  466.1 370  357  556  199  298  556  258
 9 1999 128.1  6.3  5.4  0.9  14  49.5  515.5 403  377  557  180  334  582  248
10 2000 134.1  6.0  5.7  0.3   5  49.4  564.9 378  367  578  211  310  578  268
11 2001 139.2  5.1  4.2  0.9  17  43.8  608.7 410  381  547  166  343  596  253
12 2002 144.3  5.1  3.6  1.5  29  45.4  654.2 442  388  571  183  304  650  346
13 2003 148.5  4.2  3.6  0.6  14  38.6  692.8 415  392  553  161  354  594  240
14 2004 152.4  3.9  3.3  0.6  15  36.9  729.7 398  366  572  206  323  574  251
15 2005 156.6  4.2  3.3  0.9  21  40.8  770.4 420  378  573  195  336  603  267
16 2006 159.9  3.3  2.4  0.9  27  32.8  803.2 467  416  605  189  372  649  277
17 2007 164.4  4.5  3.6  0.9  20  45.8  849.1 446  402  619  217  357  680  323
18 2008 168.9  4.5  2.4  2.1  46  47.1  896.2 501  402  614  212  348  669  321
19 2009 172.8  3.9  2.4  1.5  38  41.9  938.1 458  387  570  183  333  621  288
20 2010 176.7  3.9  3.3  0.6  15  42.8  980.9 408  382  546  164  323  564  241
21 2011 178.5  1.8  1.5  0.3  16  20.1 1001.0 427  404  538  134  359  538  179
22 2012 179.7  1.2  1.2  0.0   0  13.5 1014.5 400  400    0    0  333  490  157
23 2013 181.2  1.5  0.9  0.6  40  17.0 1031.5 487  421  586  165  399  630  231
24 2014 182.7  1.5  0.9  0.6  40  17.1 1048.6 469  395  581  186  328  614  286
25 2015 184.2  1.5  0.9  0.6  40  17.3 1065.9 464  375  599  224  341  652  311
26 2016 184.8  0.6  0.3  0.3  50   7.0 1072.9 478  362  595  233  362  595  233

Core Length:  184.8 mm
Core Density: 413 kg/m3
Cross-sectional Density:  402 kg/m3
Early/Latewood Threshold: 500 kg/m3
Attenuation Constant: 3.09

ִִִִִִִִִִִִִִִִִִִִִִִִִִִִִִִִִִִִִִִִִִִִִִִִִִִִִִִִִִִִִִִִִִִִִִִִִִִִִִִ
Core : 29
ֲֲֲִִִִִִִִִִִִִִִִִִִִִִִִִִִִִִִִִִִִִִִִִִִִִִִִִִִִִִִִִִִִִִִִִִִִִִִִִִִִ
       ³Widths (mm)              ³ Areas    ³ Densities (kg/m3)
       ³                         ³ (cm‎)    ³
Ring   ³Outer Ring Erly Late   % ³Incr Total³Ring E/Wd L/Wd Unif  Min  Max  Rng
 # Year³ Rad.      Wood Wood  LW ³          ³mean mean mean
ֱֱֱִִִִִִִִִִִִִִִִִִִִִִִִִִִִִִִִִִִִִִִִִִִִִִִִִִִִִִִִִִִִִִִִִִִִִִִִִִִִ

 1 1991  11.7 11.7 11.7  0.0   0   4.3    4.3 303  303    0    0  235  441  206
 2 1992  31.2 19.5 19.5  0.0   0  26.3   30.6 282  282    0    0  220  460  240
 3 1993  57.0 25.8 25.8  0.0   0  71.5  102.1 259  259    0    0  191  423  232
 4 1994  76.8 19.8 19.5  0.3   1  83.2  185.3 282  278  559  281  199  559  360
 5 1995  93.6 16.8 16.8  0.0   0  89.9  275.2 280  280    0    0  227  477  250
 6 1996 110.1 16.5 16.5  0.0   0 105.6  380.8 304  304    0    0  228  490  262
 7 1997 122.7 12.6 12.3  0.3   2  92.2  473.0 315  310  512  202  240  512  272
 8 1998 131.4  8.7  8.1  0.6   6  69.5  542.4 332  317  532  215  274  556  282
 9 1999 144.9 13.5 12.3  1.2   8 117.2  659.6 367  350  546  196  258  604  346
10 2000 156.6 11.7 10.2  1.5  12 110.8  770.4 338  311  524  213  273  553  280
11 2001 169.5 12.9 11.1  1.8  13 132.2  902.6 362  334  541  207  258  585  327
12 2002 177.3  7.8  6.6  1.2  15  85.0  987.6 360  317  597  280  265  634  369
13 2003 186.3  9.0  7.5  1.5  16 102.8 1090.4 394  360  560  200  304  601  297
14 2004 192.9  6.6  5.1  1.5  22  78.6 1169.0 397  343  581  238  303  674  371
15 2005 198.0  5.1  4.2  0.9  17  62.6 1231.6 408  372  578  206  332  595  263
16 2006 201.9  3.9  3.0  0.9  23  49.0 1280.6 404  357  564  207  304  620  316
17 2007 207.6  5.7  4.8  0.9  15  73.3 1354.0 408  370  610  240  311  636  325
18 2008 213.3  5.7  4.8  0.9  15  75.4 1429.3 409  382  554  172  309  567  258
19 2009 216.6  3.3  2.7  0.6  18  44.6 1473.9 398  364  551  187  333  577  244
20 2010 219.0  2.4  1.2  1.2  49  32.8 1506.7 461  383  540  157  302  588  286
21 2011 221.7  2.7  2.1  0.6  22  37.4 1544.1 420  387  536  149  323  546  223
22 2012 225.0  3.3  2.1  1.2  36  46.3 1590.4 461  398  571  173  328  610  282
23 2013 227.7  2.7  1.8  0.9  33  38.4 1628.8 466  420  559  139  350  607  257
24 2014 231.3  3.6  1.8  1.8  50  51.9 1680.7 502  416  587  171  321  640  319
25 2015 236.4  5.1  3.6  1.5  29  74.9 1755.7 458  409  574  165  328  616  288
26 2016 242.1  5.7  4.8  0.9  15  85.7 1841.4 417  390  561  171  329  595  266

Core Length:  242.1 mm
Core Density: 376 kg/m3
Cross-sectional Density:  369 kg/m3
Early/Latewood Threshold: 500 kg/m3
Attenuation Constant: 3.09

ִִִִִִִִִִִִִִִִִִִִִִִִִִִִִִִִִִִִִִִִִִִִִִִִִִִִִִִִִִִִִִִִִִִִִִִִִִִִִִִ
Core : 31
ֲֲֲִִִִִִִִִִִִִִִִִִִִִִִִִִִִִִִִִִִִִִִִִִִִִִִִִִִִִִִִִִִִִִִִִִִִִִִִִִִִ
       ³Widths (mm)              ³ Areas    ³ Densities (kg/m3)
       ³                         ³ (cm‎)    ³
Ring   ³Outer Ring Erly Late   % ³Incr Total³Ring E/Wd L/Wd Unif  Min  Max  Rng
 # Year³ Rad.      Wood Wood  LW ³          ³mean mean mean
ֱֱֱִִִִִִִִִִִִִִִִִִִִִִִִִִִִִִִִִִִִִִִִִִִִִִִִִִִִִִִִִִִִִִִִִִִִִִִִִִִִ

 2 1991  25.3 25.3 19.8  1.5   5  20.1   20.1 350  339  506  167  273  525  252
 3 1992  46.6 21.3 21.3  0.0   0  48.1   68.2 349  349    0    0  273  487  214
 4 1993  69.7 23.1 23.1  0.0   0  84.4  152.6 328  328    0    0  262  491  229
 5 1994  89.2 19.5 18.6  0.9   4  97.3  250.0 350  341  541  200  269  553  284
 6 1995 106.9 17.7 17.7  0.0   0 109.0  359.0 360  360    0    0  303  497  194
 7 1996 125.2 18.3 17.7  0.6   3 133.4  492.4 351  346  521  175  266  536  270
 8 1997 143.2 18.0 17.4  0.6   3 151.8  644.2 362  356  530  174  287  547  260
 9 1998 154.0 10.8  9.6  1.2  11 100.8  745.1 380  360  544  184  293  575  282
10 1999 166.9 12.9 10.2  2.7  20 130.0  875.1 418  380  562  182  317  594  277
11 2000 177.7 10.8  8.4  2.4  22 116.9  992.0 401  362  539  177  323  562  239
12 2001 185.5  7.8  7.2  0.6   7  89.0 1081.0 406  389  608  219  335  619  284
13 2002 191.5  6.0  3.9  2.1  35  71.1 1152.1 440  369  572  203  335  671  336
14 2003 196.3  4.8  3.6  1.2  24  58.5 1210.6 458  412  597  185  373  652  279
15 2004 202.3  6.0  3.9  2.1  35  75.1 1285.7 467  403  587  184  364  647  283
16 2005 208.9  6.6  4.5  2.1  31  85.3 1371.0 489  425  628  203  357  667  310
17 2006 213.1  4.2  3.3  0.9  21  55.7 1426.6 450  415  578  163  380  649  269
18 2007 215.8  2.7  2.4  0.3  11  36.4 1463.0 432  421  522  101  362  522  160
19 2008 218.5  2.7  1.8  0.9  33  36.8 1499.9 473  403  613  210  347  639  292
20 2009 220.9  2.4  1.5  0.9  37  33.1 1533.0 486  423  590  167  395  626  231
21 2010 223.6  2.7  1.5  1.2  44  37.7 1570.7 480  417  560  143  384  598  214
22 2011 226.6  3.0  2.4  0.6  20  42.4 1613.1 465  429  609  180  389  623  234
23 2012 228.4  1.8  1.2  0.6  33  25.7 1638.9 469  407  591  184  352  612  260
24 2013 230.2  1.8  0.9  0.9  49  25.9 1664.8 496  445  547  102  410  582  172
25 2014 232.0  1.8  0.9  0.9  49  26.1 1690.9 504  433  576  143  389  622  233
26 2015 233.8  1.8  0.9  0.9  50  26.3 1717.3 493  402  583  181  394  654  260
27 2016 235.6  1.8  0.6  1.2  66  26.5 1743.8 493  397  541  144  371  599  228

Core Length:  231.6 mm
Core Density: 428 kg/m3
Cross-sectional Density:  409 kg/m3
Early/Latewood Threshold: 500 kg/m3
Attenuation Constant: 3.09

ִִִִִִִִִִִִִִִִִִִִִִִִִִִִִִִִִִִִִִִִִִִִִִִִִִִִִִִִִִִִִִִִִִִִִִִִִִִִִִִ
Core : 37
ֲֲֲִִִִִִִִִִִִִִִִִִִִִִִִִִִִִִִִִִִִִִִִִִִִִִִִִִִִִִִִִִִִִִִִִִִִִִִִִִִִ
       ³Widths (mm)              ³ Areas    ³ Densities (kg/m3)
       ³                         ³ (cm‎)    ³
Ring   ³Outer Ring Erly Late   % ³Incr Total³Ring E/Wd L/Wd Unif  Min  Max  Rng
 # Year³ Rad.      Wood Wood  LW ³          ³mean mean mean
ֱֱֱִִִִִִִִִִִִִִִִִִִִִִִִִִִִִִִִִִִִִִִִִִִִִִִִִִִִִִִִִִִִִִִִִִִִִִִִִִִִ

 1 1991  19.2 19.2 19.2  0.0   0  11.6   11.6 314  314    0    0  263  399  136
 2 1992  42.0 22.8 22.8  0.0   0  43.8   55.4 285  285    0    0  234  412  178
 3 1993  69.9 27.9 27.9  0.0   0  98.1  153.5 284  284    0    0  225  377  152
 4 1994  92.7 22.8 22.8  0.0   0 116.5  270.0 313  313    0    0  244  492  248
 5 1995 112.5 19.8 19.8  0.0   0 127.6  397.6 318  318    0    0  255  473  218
 6 1996 126.9 14.4 14.4  0.0   0 108.3  505.9 312  312    0    0  237  454  217
 7 1997 138.6 11.7 11.7  0.0   0  97.6  603.5 338  338    0    0  250  495  245
 8 1998 147.9  9.3  9.0  0.3   3  83.7  687.2 361  356  503  147  257  503  246
 9 1999 160.8 12.9 12.9  0.0   0 125.1  812.3 341  341    0    0  235  463  228
10 2000 174.9 14.1 13.8  0.3   2 148.7  961.0 345  341  529  188  233  529  296
11 2001 185.4 10.5 10.2  0.3   2 118.9 1079.9 365  361  516  155  258  516  258
12 2002 192.3  6.9  5.7  1.2  17  81.9 1161.7 377  343  541  198  258  551  293
13 2003 201.9  9.6  9.3  0.3   3 118.9 1280.6 367  362  506  144  275  506  231
14 2004 209.7  7.8  7.2  0.6   7 100.9 1381.5 388  377  515  138  284  523  239
15 2005 216.9  7.2  7.2  0.0   0  96.5 1478.0 382  382    0    0  273  495  222
16 2006 219.0  2.1  1.8  0.3  14  28.8 1506.7 405  387  516  129  303  516  213
17 2007 221.1  2.1  0.9  1.2  57  29.0 1535.8 484  369  571  202  330  615  285
18 2008 224.1  3.0  2.4  0.6  20  42.0 1577.7 423  390  553  163  342  574  232
19 2009 225.6  1.5  1.2  0.3  20  21.2 1598.9 421  389  548  159  322  548  226
20 2010 227.7  2.1  1.5  0.6  28  29.9 1628.8 445  392  576  184  325  630  305
21 2011 230.7  3.0  1.2  1.8  60  43.2 1672.0 465  371  528  157  336  561  225
22 2012 234.0  3.3  1.8  1.5  45  48.2 1720.2 493  423  576  153  367  635  268
23 2013 237.6  3.6  2.4  1.2  33  53.3 1773.5 491  421  631  210  348  689  341
24 2014 240.6  3.0  0.9  2.1  70  45.1 1818.6 515  347  587  240  332  633  301
25 2015 243.6  3.0  2.1  0.9  30  45.6 1864.3 478  419  615  196  335  630  295
26 2016 245.4  1.8  1.2  0.6  33  27.7 1891.9 417  367  516  149  314  525  211

Core Length:  245.4 mm
Core Density: 389 kg/m3
Cross-sectional Density:  368 kg/m3
Early/Latewood Threshold: 500 kg/m3
Attenuation Constant: 3.09

ִִִִִִִִִִִִִִִִִִִִִִִִִִִִִִִִִִִִִִִִִִִִִִִִִִִִִִִִִִִִִִִִִִִִִִִִִִִִִִִ
Core : 41
ֲֲֲִִִִִִִִִִִִִִִִִִִִִִִִִִִִִִִִִִִִִִִִִִִִִִִִִִִִִִִִִִִִִִִִִִִִִִִִִִִִ
       ³Widths (mm)              ³ Areas    ³ Densities (kg/m3)
       ³                         ³ (cm‎)    ³
Ring   ³Outer Ring Erly Late   % ³Incr Total³Ring E/Wd L/Wd Unif  Min  Max  Rng
 # Year³ Rad.      Wood Wood  LW ³          ³mean mean mean
ֱֱֱִִִִִִִִִִִִִִִִִִִִִִִִִִִִִִִִִִִִִִִִִִִִִִִִִִִִִִִִִִִִִִִִִִִִִִִִִִִִ

 1 1991  17.7 17.7  8.7  0.0   0   9.8    9.8 345  345    0    0  291  435  144
 2 1992  43.8 26.1 26.1  0.0   0  50.4   60.3 322  322    0    0  258  471  213
 3 1993  73.2 29.4 29.4  0.0   0 108.1  168.3 351  351    0    0  273  473  200
 4 1994  93.9 20.7 18.9  1.8   8 108.7  277.0 395  383  528  145  331  552  221
 5 1995 119.1 25.2 24.9  0.3   1 168.6  445.6 383  381  521  140  340  521  181
 6 1996 140.1 21.0 20.4  0.6   2 171.0  616.6 363  359  520  161  289  521  232
 7 1997 158.4 18.3 18.3  0.0   0 171.6  788.2 353  353    0    0  291  460  169
 8 1998 168.3  9.9  9.0  0.9   9 101.6  889.9 370  356  510  154  293  519  226
 9 1999 181.8 13.5 12.3  1.2   8 148.5 1038.3 376  363  509  146  304  514  210
10 2000 192.3 10.5  9.0  1.5  14 123.4 1161.7 371  346  517  171  261  534  273
11 2001 202.8 10.5  7.8  2.7  25 130.3 1292.1 405  355  550  195  284  588  304
12 2002 212.4  9.6  6.3  3.3  34 125.2 1417.3 430  367  550  183  282  610  328
13 2003 220.8  8.4  6.9  1.5  17 114.3 1531.6 409  375  564  189  319  617  298
14 2004 227.4  6.6  5.1  1.5  22  92.9 1624.5 413  367  570  203  314  610  296
15 2005 232.5  5.1  3.9  1.2  23  73.7 1698.2 426  382  569  187  317  601  284
16 2006 236.4  3.9  2.4  1.5  38  57.5 1755.7 433  370  535  165  319  593  274
17 2007 240.0  3.6  2.4  1.2  33  53.9 1809.6 474  410  602  192  350  674  324
18 2008 244.2  4.2  2.7  1.5  35  63.9 1873.4 492  430  606  176  365  649  284
19 2009 249.0  4.8  2.7  2.1  43  74.4 1947.8 493  422  584  162  375  667  292
20 2010 253.5  4.5  2.4  2.1  46  71.0 2018.9 484  409  570  161  373  638  265
21 2011 257.4  3.9  2.1  1.8  46  62.6 2081.5 496  436  565  129  377  615  238
22 2012 262.2  4.8  3.0  1.8  37  78.4 2159.8 496  438  593  155  353  642  289
23 2013 266.1  3.9  1.8  2.1  53  64.7 2224.5 495  418  561  143  362  632  270
24 2014 269.7  3.6  1.2  2.4  66  60.6 2285.1 524  411  580  169  378  625  247
25 2015 272.7  3.0  1.2  1.8  60  51.1 2336.3 524  415  596  181  388  655  267
26 2016 275.7  3.0  0.9  2.1  70  51.7 2387.9 528  414  578  164  384  648  264

Core Length:  266.7 mm
Core Density: 428 kg/m3
Cross-sectional Density:  414 kg/m3
Early/Latewood Threshold: 500 kg/m3
Attenuation Constant: 3.09

ִִִִִִִִִִִִִִִִִִִִִִִִִִִִִִִִִִִִִִִִִִִִִִִִִִִִִִִִִִִִִִִִִִִִִִִִִִִִִִִ
Core : 45
ֲֲֲִִִִִִִִִִִִִִִִִִִִִִִִִִִִִִִִִִִִִִִִִִִִִִִִִִִִִִִִִִִִִִִִִִִִִִִִִִִִ
       ³Widths (mm)              ³ Areas    ³ Densities (kg/m3)
       ³                         ³ (cm‎)    ³
Ring   ³Outer Ring Erly Late   % ³Incr Total³Ring E/Wd L/Wd Unif  Min  Max  Rng
 # Year³ Rad.      Wood Wood  LW ³          ³mean mean mean
ֱֱֱִִִִִִִִִִִִִִִִִִִִִִִִִִִִִִִִִִִִִִִִִִִִִִִִִִִִִִִִִִִִִִִִִִִִִִִִִִִִ

 1 1991  12.6 12.6 12.6  0.0   0   5.0    5.0 341  341    0    0  233  461  228
 2 1992  33.3 20.7 20.1  0.6   2  29.8   34.8 334  329  514  185  283  528  245
 3 1993  56.1 22.8 21.6  1.2   5  64.0   98.9 349  340  505  165  274  507  233
 4 1994  75.6 19.5 18.9  0.6   3  80.7  179.6 350  344  540  196  307  548  241
 5 1995  91.2 15.6 15.0  0.6   3  81.7  261.3 370  363  561  198  305  575  270
 6 1996 104.4 13.2 12.6  0.6   4  81.1  342.4 353  345  526  181  284  544  260
 7 1997 113.1  8.7  6.9  1.8  20  59.4  401.9 411  380  532  152  322  550  228
 8 1998 119.4  6.3  5.4  0.9  14  46.0  447.9 392  367  546  179  296  568  272
 9 1999 129.9 10.5 10.2  0.3   2  82.2  530.1 406  401  560  159  348  560  212
10 2000 137.7  7.8  6.3  1.5  19  65.6  595.7 418  382  566  184  302  607  305
11 2001 145.8  8.1  6.6  1.5  18  72.1  667.8 411  381  545  164  339  567  228
12 2002 149.7  3.9  3.0  0.9  23  36.2  704.0 392  341  563  222  312  619  307
13 2003 152.1  2.4  1.8  0.6  25  22.8  726.8 432  383  581  198  330  629  299
14 2004 156.3  4.2  3.0  1.2  28  40.7  767.5 446  390  586  196  358  623  265
15 2005 162.9  6.6  4.5  2.1  31  66.2  833.7 485  426  613  187  376  643  267
16 2006 167.7  4.8  3.3  1.5  31  49.9  883.5 472  423  582  159  379  664  285
17 2007 173.1  5.4  4.2  1.2  22  57.8  941.3 465  416  637  221  373  686  313
18 2008 179.4  6.3  3.6  2.7  42  69.8 1011.1 493  420  590  170  371  655  284
19 2009 184.5  5.1  3.3  1.8  35  58.3 1069.4 472  411  582  171  364  647  283
20 2010 189.0  4.5  3.9  0.6  13  52.8 1122.2 455  428  631  203  354  665  311
21 2011 191.7  2.7  2.4  0.3  11  32.3 1154.5 415  394  579  185  348  579  231
22 2012 193.8  2.1  1.8  0.3  14  25.4 1179.9 428  397  615  218  335  615  280
23 2013 197.1  3.3  2.1  1.2  36  40.5 1220.5 485  415  607  192  372  672  300
24 2014 199.8  2.7  1.2  1.5  55  33.7 1254.1 514  434  578  144  406  628  222
25 2015 201.9  2.1  1.2  0.9  42  26.5 1280.6 501  440  583  143  390  656  266
26 2016 203.4  1.5  0.6  0.9  60  19.1 1299.7 501  422  554  132  379  597  218

Core Length:  203.4 mm
Core Density: 426 kg/m3
Cross-sectional Density:  422 kg/m3
Early/Latewood Threshold: 500 kg/m3
Attenuation Constant: 3.09

ִִִִִִִִִִִִִִִִִִִִִִִִִִִִִִִִִִִִִִִִִִִִִִִִִִִִִִִִִִִִִִִִִִִִִִִִִִִִִִִ
Core : 49
ֲֲֲִִִִִִִִִִִִִִִִִִִִִִִִִִִִִִִִִִִִִִִִִִִִִִִִִִִִִִִִִִִִִִִִִִִִִִִִִִִִ
       ³Widths (mm)              ³ Areas    ³ Densities (kg/m3)
       ³                         ³ (cm‎)    ³
Ring   ³Outer Ring Erly Late   % ³Incr Total³Ring E/Wd L/Wd Unif  Min  Max  Rng
 # Year³ Rad.      Wood Wood  LW ³          ³mean mean mean
ֱֱֱִִִִִִִִִִִִִִִִִִִִִִִִִִִִִִִִִִִִִִִִִִִִִִִִִִִִִִִִִִִִִִִִִִִִִִִִִִִִ

 2 1991  15.2 15.2 13.2  0.0   0   7.3    7.3 325  325    0    0  273  455  182
 3 1992  35.6 20.4 20.4  0.0   0  32.6   39.8 317  317    0    0  263  496  233
 4 1993  59.0 23.4 23.4  0.0   0  69.5  109.4 369  369    0    0  282  490  208
 5 1994  77.9 18.9 18.0  0.9   4  81.3  190.6 348  337  569  232  255  625  370
 6 1995  95.6 17.7 16.8  0.9   5  96.5  287.1 383  375  547  172  325  561  236
 7 1996 110.3 14.7 13.5  1.2   8  95.1  382.2 400  385  566  181  316  603  287
 8 1997 124.4 14.1 12.9  1.2   8 104.0  486.2 389  377  520  143  323  526  203
 9 1998 136.7 12.3  8.7  3.6  29 100.9  587.1 413  362  536  174  328  562  234
10 1999 147.5 10.8  9.9  0.9   8  96.4  683.5 404  392  535  143  334  575  241
11 2000 155.9  8.4  7.2  1.2  14  80.1  763.6 394  368  548  180  286  581  295
12 2001 165.8  9.9  7.5  2.4  24 100.1  863.6 418  375  553  178  315  591  276
13 2002 176.3 10.5  9.0  1.5  14 112.8  976.5 424  401  559  158  315  600  285
14 2003 187.4 11.1  9.6  1.5  13 126.8 1103.3 418  392  582  190  249  646  397
15 2004 196.4  9.0  6.9  2.1  23 108.5 1211.8 438  408  538  130  367  564  197
16 2005 202.7  6.3  4.2  2.1  33  79.0 1290.8 457  412  545  133  360  593  233
17 2006 209.3  6.6  5.4  1.2  18  85.4 1376.2 443  419  552  133  372  563  191
18 2007 214.7  5.4  3.9  1.5  27  71.9 1448.2 463  410  600  190  373  618  245
19 2008 221.9  7.2  4.5  2.7  37  98.8 1546.9 471  425  548  123  363  623  260
20 2009 228.5  6.6  4.5  2.1  31  93.4 1640.3 475  437  555  118  390  617  227
21 2010 233.3  4.8  4.2  0.6  12  69.6 1709.9 464  440  628  188  388  669  281
22 2011 236.9  3.6  2.1  1.5  41  53.2 1763.1 475  411  564  153  379  617  238
23 2012 240.5  3.6  2.4  1.2  33  54.0 1817.1 501  437  628  191  376  672  296
24 2013 246.2  5.7  3.3  2.4  42  87.2 1904.3 523  461  608  147  420  694  274
25 2014 250.7  4.5  2.7  1.8  40  70.2 1974.5 490  425  587  162  378  626  248
26 2015 254.3  3.6  1.5  2.1  58  57.1 2031.6 516  433  575  142  397  624  227
27 2016 258.5  4.2  1.8  2.4  57  67.7 2099.3 503  430  558  128  386  636  250

Core Length:  256.5 mm
Core Density: 431 kg/m3
Cross-sectional Density:  433 kg/m3
Early/Latewood Threshold: 500 kg/m3
Attenuation Constant: 3.09

ִִִִִִִִִִִִִִִִִִִִִִִִִִִִִִִִִִִִִִִִִִִִִִִִִִִִִִִִִִִִִִִִִִִִִִִִִִִִִִִ
Core : 53
ֲֲֲִִִִִִִִִִִִִִִִִִִִִִִִִִִִִִִִִִִִִִִִִִִִִִִִִִִִִִִִִִִִִִִִִִִִִִִִִִִִ
       ³Widths (mm)              ³ Areas    ³ Densities (kg/m3)
       ³                         ³ (cm‎)    ³
Ring   ³Outer Ring Erly Late   % ³Incr Total³Ring E/Wd L/Wd Unif  Min  Max  Rng
 # Year³ Rad.      Wood Wood  LW ³          ³mean mean mean
ֱֱֱִִִִִִִִִִִִִִִִִִִִִִִִִִִִִִִִִִִִִִִִִִִִִִִִִִִִִִִִִִִִִִִִִִִִִִִִִִִִ

 3 1993  22.6 22.6 21.6  0.0   0  16.0   16.0 330  330    0    0  254  465  211
 4 1994  44.5 21.9 21.6  0.3   1  46.2   62.2 345  342  548  206  258  548  290
 5 1995  62.5 18.0 17.4  0.6   3  60.5  122.7 355  348  544  196  292  568  276
 6 1996  74.5 12.0 11.4  0.6   5  51.6  174.4 353  342  560  218  274  599  325
 7 1997  83.5  9.0  8.1  0.9  10  44.7  219.0 366  343  567  224  298  587  289
 8 1998  87.7  4.2  3.6  0.6  14  22.6  241.6 379  345  585  240  292  639  347
 9 1999  95.2  7.5  5.7  1.8  24  43.1  284.7 432  394  553  159  355  631  276
10 2000 106.6 11.4 10.5  0.9   7  72.3  357.0 401  388  548  160  322  560  238
11 2001 119.5 12.9 10.2  2.7  20  91.6  448.6 424  389  556  167  322  652  330
12 2002 128.8  9.3  5.4  3.9  41  72.5  521.2 447  356  573  217  323  627  304
13 2003 137.2  8.4  6.0  2.4  28  70.2  591.4 432  374  577  203  351  662  311
14 2004 144.7  7.5  5.1  2.4  32  66.4  657.8 446  385  574  189  343  661  318
15 2005 151.0  6.3  4.5  1.8  28  58.5  716.3 454  392  609  217  348  696  348
16 2006 155.8  4.8  3.6  1.2  24  46.3  762.6 450  392  624  232  348  661  313
17 2007 160.6  4.8  3.6  1.2  24  47.7  810.3 476  415  660  245  383  691  308
18 2008 165.4  4.8  3.3  1.5  31  49.2  859.5 507  439  658  219  386  727  341
19 2009 171.1  5.7  3.0  2.7  47  60.3  919.7 520  427  623  196  405  709  304
20 2010 176.2  5.1  3.6  1.5  29  55.6  975.4 484  434  605  171  391  707  316
21 2011 181.0  4.8  2.7  2.1  43  53.9 1029.2 513  436  612  176  401  656  255
22 2012 186.7  5.7  3.6  2.1  36  65.8 1095.1 511  443  629  186  401  717  316
23 2013 193.0  6.3  3.6  2.7  42  75.2 1170.2 518  437  625  188  406  724  318
24 2014 196.6  3.6  1.8  1.8  49  44.1 1214.3 509  436  582  146  401  702  301
25 2015 201.7  5.1  2.7  2.4  47  63.8 1278.1 541  456  636  180  407  729  322
26 2016 209.5  7.8  3.0  4.8  61 100.8 1378.9 543  435  611  176  406  724  318

Core Length:  208.5 mm
Core Density: 447 kg/m3
Cross-sectional Density:  456 kg/m3
Early/Latewood Threshold: 500 kg/m3
Attenuation Constant: 3.09

ִִִִִִִִִִִִִִִִִִִִִִִִִִִִִִִִִִִִִִִִִִִִִִִִִִִִִִִִִִִִִִִִִִִִִִִִִִִִִִִ
Core : 58
ֲֲֲִִִִִִִִִִִִִִִִִִִִִִִִִִִִִִִִִִִִִִִִִִִִִִִִִִִִִִִִִִִִִִִִִִִִִִִִִִִִ
       ³Widths (mm)              ³ Areas    ³ Densities (kg/m3)
       ³                         ³ (cm‎)    ³
Ring   ³Outer Ring Erly Late   % ³Incr Total³Ring E/Wd L/Wd Unif  Min  Max  Rng
 # Year³ Rad.      Wood Wood  LW ³          ³mean mean mean
ֱֱֱִִִִִִִִִִִִִִִִִִִִִִִִִִִִִִִִִִִִִִִִִִִִִִִִִִִִִִִִִִִִִִִִִִִִִִִִִִִִ

 1 1991  14.7 14.7 14.7  0.0   0   6.8    6.8 327  327    0    0  165  462  297
 2 1992  39.3 24.6 24.6  0.0   0  41.7   48.5 292  292    0    0  229  480  251
 3 1993  68.7 29.4 29.4  0.0   0  99.8  148.3 296  296    0    0  230  475  245
 4 1994  87.6 18.9 18.6  0.3   1  92.8  241.1 321  318  524  206  237  524  287
 5 1995 108.3 20.7 20.1  0.6   2 127.4  368.5 361  355  549  194  307  575  268
 6 1996 119.7 11.4 11.1  0.3   2  81.7  450.1 347  342  512  170  252  512  260
 7 1997 128.4  8.7  8.7  0.0   0  67.8  517.9 337  337    0    0  262  445  183
 8 1998 133.2  4.8  3.9  0.9  18  39.4  557.4 376  336  550  214  258  578  320
 9 1999 143.4 10.2  9.0  1.2  11  88.6  646.0 411  396  523  127  273  535  262
10 2000 151.2  7.8  6.3  1.5  19  72.2  718.2 384  341  563  222  230  591  361
11 2001 157.2  6.0  4.2  1.8  30  58.1  776.3 393  328  543  215  271  623  352
12 2002 162.0  4.8  3.3  1.5  31  48.1  824.5 388  312  556  244  264  596  332
13 2003 166.5  4.5  3.9  0.6  13  46.4  870.9 375  354  509  155  299  513  214
14 2004 169.2  2.7  2.4  0.3  11  28.5  899.4 383  356  602  246  285  602  317
15 2005 171.6  2.4  2.1  0.3  12  25.7  925.1 378  348  590  242  293  590  297
16 2006 172.8  1.2  0.9  0.3  25  13.0  938.1 433  382  588  206  331  588  257
17 2007 174.6  1.8  1.5  0.3  16  19.6  957.7 461  427  633  206  375  633  258
18 2008 176.4  1.8  1.2  0.6  33  19.8  977.6 452  396  563  167  338  621  283
19 2009 177.9  1.5  0.9  0.6  40  16.7  994.3 452  376  566  190  338  614  276
20 2010 179.4  1.5  1.2  0.3  20  16.8 1011.1 437  406  558  152  348  558  210
21 2011 180.9  1.5  1.2  0.3  20  17.0 1028.1 387  358  507  149  326  507  181
22 2012 182.7  1.8  1.5  0.3  16  20.6 1048.6 427  379  665  286  286  665  379
23 2013 185.1  2.4  1.8  0.6  25  27.7 1076.4 429  387  556  169  325  582  257
24 2014 186.3  1.2  1.2  0.0   0  14.0 1090.4 404  404    0    0  333  478  145
25 2015 187.5  1.2  0.9  0.3  25  14.1 1104.5 432  380  587  207  365  587  222
26 2016 188.7  1.2  0.6  0.6  49  14.2 1118.6 505  401  608  207  380  649  269

Core Length:  188.7 mm
Core Density: 391 kg/m3
Cross-sectional Density:  370 kg/m3
Early/Latewood Threshold: 500 kg/m3
Attenuation Constant: 3.09

ִִִִִִִִִִִִִִִִִִִִִִִִִִִִִִִִִִִִִִִִִִִִִִִִִִִִִִִִִִִִִִִִִִִִִִִִִִִִִִִ
Core : 66
ֲֲֲִִִִִִִִִִִִִִִִִִִִִִִִִִִִִִִִִִִִִִִִִִִִִִִִִִִִִִִִִִִִִִִִִִִִִִִִִִִִ
       ³Widths (mm)              ³ Areas    ³ Densities (kg/m3)
       ³                         ³ (cm‎)    ³
Ring   ³Outer Ring Erly Late   % ³Incr Total³Ring E/Wd L/Wd Unif  Min  Max  Rng
 # Year³ Rad.      Wood Wood  LW ³          ³mean mean mean
ֱֱֱִִִִִִִִִִִִִִִִִִִִִִִִִִִִִִִִִִִִִִִִִִִִִִִִִִִִִִִִִִִִִִִִִִִִִִִִִִִִ

 2 1992  21.7 21.7 20.7  0.0   0  14.8   14.8 294  294    0    0  239  487  248
 3 1993  49.9 28.2 28.2  0.0   0  63.4   78.2 305  305    0    0  250  434  184
 4 1994  74.2 24.3 24.0  0.3   1  94.7  173.0 302  300  536  236  234  536  302
 5 1995  95.5 21.3 21.0  0.3   1 113.6  286.5 319  316  537  221  227  537  310
 6 1996 112.6 17.1 16.5  0.6   3 111.8  398.3 319  311  547  236  239  555  316
 7 1997 127.0 14.4 14.1  0.3   2 108.4  506.7 339  335  559  224  259  559  300
 8 1998 135.1  8.1  7.5  0.6   7  66.7  573.4 362  348  540  192  266  571  305
 9 1999 146.5 11.4 10.5  0.9   7 100.9  674.3 372  359  523  164  271  528  257
10 2000 152.8  6.3  5.7  0.6   9  59.2  733.5 365  346  542  196  237  567  330
11 2001 159.4  6.6  5.1  1.5  22  64.7  798.2 386  346  523  177  250  547  297
12 2002 163.3  3.9  3.0  0.9  23  39.5  837.8 379  321  573  252  264  593  329
13 2003 167.2  3.9  2.7  1.2  30  40.5  878.3 414  354  548  194  318  580  262
14 2004 170.8  3.6  3.0  0.6  16  38.2  916.5 418  383  593  210  321  605  284
15 2005 172.9  2.1  0.9  1.2  57  22.7  939.2 488  382  567  185  318  605  287
16 2006 175.3  2.4  1.5  0.9  37  26.3  965.4 435  367  550  183  310  586  276
17 2007 178.3  3.0  2.1  0.9  30  33.3  998.7 482  443  574  131  366  582  216
18 2008 181.3  3.0  1.5  1.5  50  33.9 1032.6 457  363  551  188  316  652  336
19 2009 184.6  3.3  1.8  1.5  45  37.9 1070.6 487  406  584  178  330  653  323
20 2010 186.1  1.5  0.6  0.9  60  17.5 1088.0 475  368  546  178  363  573  210
21 2011 188.5  2.4  0.6  1.8  75  28.2 1116.3 508  369  554  185  341  586  245
22 2012 192.1  3.6  1.5  2.1  58  43.0 1159.3 522  414  600  186  323  669  346
23 2013 196.0  3.9  1.8  2.1  53  47.6 1206.9 536  441  617  176  373  683  310
24 2014 199.6  3.6  1.8  1.8  50  44.7 1251.6 491  406  575  169  350  638  288
25 2015 201.7  2.1  0.6  1.5  71  26.5 1278.1 563  480  597  117  464  658  194
26 2016 202.9  1.2  0.9  0.3  25  15.3 1293.3 475  433  600  167  396  600  204

Core Length:  201.9 mm
Core Density: 419 kg/m3
Cross-sectional Density:  389 kg/m3
Early/Latewood Threshold: 500 kg/m3
Attenuation Constant: 3.09

ִִִִִִִִִִִִִִִִִִִִִִִִִִִִִִִִִִִִִִִִִִִִִִִִִִִִִִִִִִִִִִִִִִִִִִִִִִִִִִִ
Core : 67
ֲֲֲִִִִִִִִִִִִִִִִִִִִִִִִִִִִִִִִִִִִִִִִִִִִִִִִִִִִִִִִִִִִִִִִִִִִִִִִִִִִ
       ³Widths (mm)              ³ Areas    ³ Densities (kg/m3)
       ³                         ³ (cm‎)    ³
Ring   ³Outer Ring Erly Late   % ³Incr Total³Ring E/Wd L/Wd Unif  Min  Max  Rng
 # Year³ Rad.      Wood Wood  LW ³          ³mean mean mean
ֱֱֱִִִִִִִִִִִִִִִִִִִִִִִִִִִִִִִִִִִִִִִִִִִִִִִִִִִִִִִִִִִִִִִִִִִִִִִִִִִִ

 2 1992  27.0 27.0 21.0  0.0   0  22.9   22.9 316  316    0    0  219  421  202
 3 1993  60.0 33.0 33.0  0.0   0  90.2  113.1 298  298    0    0  232  424  192
 4 1994  86.7 26.7 26.7  0.0   0 123.1  236.2 297  297    0    0  217  498  281
 5 1995 105.9 19.2 18.6  0.6   3 116.2  352.3 306  298  530  232  232  535  303
 6 1996 121.2 15.3 15.0  0.3   1 109.2  461.5 304  300  532  232  234  532  298
 7 1997 135.0 13.8 13.8  0.0   0 111.1  572.6 305  305    0    0  233  497  264
 8 1998 141.3  6.3  6.3  0.0   0  54.7  627.2 312  312    0    0  223  496  273
 9 1999 148.5  7.2  6.6  0.6   8  65.6  692.8 368  354  531  177  271  562  291
10 2000 154.2  5.7  5.4  0.3   5  54.2  747.0 348  335  593  258  252  593  341
11 2001 159.6  5.4  4.5  0.9  16  53.2  800.2 379  352  514  162  275  521  246
12 2002 164.7  5.1  3.0  2.1  41  52.0  852.2 409  298  568  270  246  644  398
13 2003 170.7  6.0  4.2  1.8  30  63.2  915.4 420  361  558  197  319  611  292
14 2004 175.5  4.8  4.2  0.6  12  52.2  967.6 358  332  545  213  262  589  327
15 2005 178.2  2.7  2.1  0.6  22  30.0  997.6 420  379  563  184  298  574  276
16 2006 180.6  2.4  1.8  0.6  25  27.1 1024.7 413  372  537  165  237  539  302
17 2007 183.6  3.0  2.1  0.9  30  34.3 1059.0 410  354  542  188  286  587  301
18 2008 186.9  3.3  2.4  0.9  27  38.4 1097.4 419  367  557  190  291  582  291
19 2009 189.6  2.7  1.5  1.2  44  31.9 1129.3 445  358  554  196  297  576  279
20 2010 191.7  2.1  1.5  0.6  28  25.2 1154.5 431  378  563  185  296  582  286
21 2011 193.5  1.8  1.2  0.6  33  21.8 1176.3 423  370  528  158  321  539  218
22 2012 195.0  1.5  0.9  0.6  40  18.3 1194.6 437  352  564  212  308  614  306
23 2013 197.4  2.4  1.2  1.2  49  29.6 1224.2 481  390  571  181  334  630  296
24 2014 198.9  1.5  0.9  0.6  40  18.7 1242.9 436  345  572  227  311  583  272
25 2015 201.0  2.1  0.9  1.2  57  26.4 1269.2 507  426  567  141  362  605  243
26 2016 202.5  1.5  0.9  0.6  40  19.0 1288.2 452  369  578  209  294  587  293

Core Length:  196.5 mm
Core Density: 387 kg/m3
Cross-sectional Density:  357 kg/m3
Early/Latewood Threshold: 500 kg/m3
Attenuation Constant: 3.09

