File : C:\DENSITOM\KAWERA~2\KAWE5.DAT
Cores :
4
14
19
21
25
27
30
34
38
43
44
54

ִִִִִִִִִִִִִִִִִִִִִִִִִִִִִִִִִִִִִִִִִִִִִִִִִִִִִִִִִִִִִִִִִִִִִִִִִִִִִִִ
Core : 4
ֲֲֲִִִִִִִִִִִִִִִִִִִִִִִִִִִִִִִִִִִִִִִִִִִִִִִִִִִִִִִִִִִִִִִִִִִִִִִִִִִִ
       ³Widths (mm)              ³ Areas    ³ Densities (kg/m3)
       ³                         ³ (cm‎)    ³
Ring   ³Outer Ring Erly Late   % ³Incr Total³Ring E/Wd L/Wd Unif  Min  Max  Rng
 # Year³ Rad.      Wood Wood  LW ³          ³mean mean mean
ֱֱֱִִִִִִִִִִִִִִִִִִִִִִִִִִִִִִִִִִִִִִִִִִִִִִִִִִִִִִִִִִִִִִִִִִִִִִִִִִִִ

 1 1991   3.1  3.1  2.1  0.0   0   0.3    0.3 334  334    0    0  252  385  133
 2 1992  22.6 19.5 18.9  0.6   3  15.7   16.0 309  302  525  223  259  529  270
 3 1993  47.5 24.9 24.9  0.0   0  54.8   70.9 304  304    0    0  238  463  225
 4 1994  72.7 25.2 24.0  1.2   4  95.2  166.0 318  307  526  219  218  539  321
 5 1995  92.8 20.1 19.8  0.3   1 104.5  270.5 357  354  539  185  260  539  279
 6 1996 112.3 19.5 18.6  0.9   4 125.6  396.2 354  345  542  197  245  548  303
 7 1997 127.3 15.0 14.7  0.3   2 112.9  509.1 371  368  524  156  289  524  235
 8 1998 138.7 11.4  8.4  3.0  26  95.3  604.4 424  380  547  167  303  608  305
 9 1999 151.6 12.9 10.8  2.1  16 117.6  722.0 420  393  563  170  354  596  242
10 2000 165.1 13.5 10.5  3.0  22 134.3  856.3 410  375  533  158  330  570  240
11 2001 177.4 12.3  9.3  3.0  24 132.3  988.7 409  368  537  169  313  587  274
12 2002 185.5  8.1  5.4  2.7  33  92.3 1081.0 434  346  609  263  310  690  380
13 2003 194.2  8.7  6.6  2.1  24 103.8 1184.8 441  407  546  139  340  619  279
14 2004 198.7  4.5  3.9  0.6  13  55.5 1240.4 428  400  606  206  350  618  268
15 2005 202.3  3.6  3.3  0.3   8  45.4 1285.7 418  407  542  135  359  542  183
16 2006 204.4  2.1  1.5  0.6  28  26.8 1312.5 487  439  605  166  398  657  259
17 2007 206.2  1.8  1.5  0.3  16  23.2 1335.8 482  457  604  147  415  604  189
18 2008 209.8  3.6  2.1  1.5  41  47.0 1382.8 483  409  587  178  377  663  286
19 2009 213.4  3.6  2.4  1.2  33  47.9 1430.7 457  411  548  137  367  619  252
20 2010 216.1  2.7  2.1  0.6  22  36.4 1467.1 449  418  559  141  370  579  209
21 2011 218.2  2.1  1.5  0.6  28  28.7 1495.8 469  420  592  172  368  618  250
22 2012 220.3  2.1  1.2  0.9  42  28.9 1524.7 513  460  583  123  410  635  225
23 2013 222.4  2.1  2.1  0.0   0  29.2 1553.9 434  434    0    0  391  495  104
24 2014 223.9  1.5  0.9  0.6  40  21.0 1574.9 504  456  575  119  418  620  202
25 2015 225.1  1.2  0.6  0.6  50  16.9 1591.8 497  433  561  128  426  576  150
26 2016 226.0  0.9  0.6  0.3  33  12.8 1604.6 488  423  617  194  362  617  255

Core Length:  225.0 mm
Core Density: 422 kg/m3
Cross-sectional Density:  407 kg/m3
Early/Latewood Threshold: 500 kg/m3
Attenuation Constant: 3.09

ִִִִִִִִִִִִִִִִִִִִִִִִִִִִִִִִִִִִִִִִִִִִִִִִִִִִִִִִִִִִִִִִִִִִִִִִִִִִִִִ
Core : 14
ֲֲֲִִִִִִִִִִִִִִִִִִִִִִִִִִִִִִִִִִִִִִִִִִִִִִִִִִִִִִִִִִִִִִִִִִִִִִִִִִִִ
       ³Widths (mm)              ³ Areas    ³ Densities (kg/m3)
       ³                         ³ (cm‎)    ³
Ring   ³Outer Ring Erly Late   % ³Incr Total³Ring E/Wd L/Wd Unif  Min  Max  Rng
 # Year³ Rad.      Wood Wood  LW ³          ³mean mean mean
ֱֱֱִִִִִִִִִִִִִִִִִִִִִִִִִִִִִִִִִִִִִִִִִִִִִִִִִִִִִִִִִִִִִִִִִִִִִִִִִִִִ

 2 1991  14.6 14.6 12.6  0.0   0   6.7    6.7 309  309    0    0  262  391  129
 3 1992  35.6 21.0 21.0  0.0   0  33.1   39.8 293  293    0    0  234  488  254
 4 1993  62.3 26.7 26.7  0.0   0  82.1  121.9 301  301    0    0  225  470  245
 5 1994  90.2 27.9 26.7  1.2   4 133.7  255.6 329  320  530  210  248  558  310
 6 1995 112.4 22.2 21.9  0.3   1 141.3  396.9 333  331  514  183  266  514  248
 7 1996 130.4 18.0 17.7  0.3   1 137.3  534.2 340  337  531  194  249  531  282
 8 1997 141.5 11.1 10.5  0.6   5  94.8  629.0 339  329  518  189  277  531  254
 9 1998 149.0  7.5  7.2  0.3   4  68.4  697.5 343  336  501  165  261  501  240
10 1999 157.4  8.4  7.5  0.9  10  80.9  778.3 374  356  526  170  278  541  263
11 2000 164.6  7.2  6.6  0.6   8  72.8  851.2 338  318  565  247  257  573  316
12 2001 172.7  8.1  7.8  0.3   3  85.8  937.0 350  341  584  243  261  584  323
13 2002 178.4  5.7  4.5  1.2  21  62.9  999.9 365  322  527  205  257  549  292
14 2003 187.4  9.0  7.8  1.2  13 103.4 1103.3 359  331  542  211  267  590  323
15 2004 192.8  5.4  4.2  1.2  22  64.5 1167.8 391  344  559  215  286  590  304
16 2005 200.6  7.8  6.6  1.2  15  96.4 1264.2 380  351  536  185  297  599  302
17 2006 203.6  3.0  3.0  0.0   0  38.1 1302.3 356  356    0    0  287  490  203
18 2007 205.7  2.1  1.8  0.3  14  27.0 1329.3 392  361  576  215  314  576  262
19 2008 209.6  3.9  3.3  0.6  15  50.9 1380.2 392  362  555  193  296  604  308
20 2009 213.2  3.6  3.6  0.0   0  47.8 1428.0 363  363    0    0  292  480  188
21 2010 215.3  2.1  1.5  0.6  28  28.3 1456.3 405  365  505  140  293  506  213
22 2011 217.1  1.8  1.8  0.0   0  24.5 1480.7 368  368    0    0  318  403   85
23 2012 219.5  2.4  2.1  0.3  12  32.9 1513.6 388  372  505  133  290  505  215
24 2013 223.1  3.6  2.7  0.9  25  50.1 1563.7 416  374  542  168  339  571  232
25 2014 229.4  6.3  3.9  2.4  38  89.6 1653.2 437  366  553  187  301  601  300
26 2015 236.0  6.6  4.2  2.4  36  96.5 1749.7 435  371  545  174  302  584  282
27 2016 239.9  3.9  3.6  0.3   7  58.3 1808.0 383  373  511  138  304  511  207

Core Length:  237.9 mm
Core Density: 364 kg/m3
Cross-sectional Density:  362 kg/m3
Early/Latewood Threshold: 500 kg/m3
Attenuation Constant: 3.09

ִִִִִִִִִִִִִִִִִִִִִִִִִִִִִִִִִִִִִִִִִִִִִִִִִִִִִִִִִִִִִִִִִִִִִִִִִִִִִִִ
Core : 19
ֲֲֲִִִִִִִִִִִִִִִִִִִִִִִִִִִִִִִִִִִִִִִִִִִִִִִִִִִִִִִִִִִִִִִִִִִִִִִִִִִִ
       ³Widths (mm)              ³ Areas    ³ Densities (kg/m3)
       ³                         ³ (cm‎)    ³
Ring   ³Outer Ring Erly Late   % ³Incr Total³Ring E/Wd L/Wd Unif  Min  Max  Rng
 # Year³ Rad.      Wood Wood  LW ³          ³mean mean mean
ֱֱֱִִִִִִִִִִִִִִִִִִִִִִִִִִִִִִִִִִִִִִִִִִִִִִִִִִִִִִִִִִִִִִִִִִִִִִִִִִִִ

 3 1992  30.0 30.0 21.0  0.0   0  28.3   28.3 284  284    0    0  224  453  229
 4 1993  59.7 29.7 29.4  0.3   1  83.7  112.0 324  322  501  179  211  501  290
 5 1994  84.6 24.9 24.3  0.6   2 112.9  224.8 319  314  510  196  239  521  282
 6 1995 103.5 18.9 18.9  0.0   0 111.7  336.5 293  293    0    0  236  477  241
 7 1996 119.1 15.6 15.3  0.3   1 109.1  445.6 283  279  516  237  212  516  304
 8 1997 131.7 12.6 12.3  0.3   2  99.3  544.9 319  314  531  217  250  531  281
 9 1998 139.2  7.5  7.2  0.3   4  63.8  608.7 313  305  503  198  218  503  285
10 1999 147.6  8.4  8.4  0.0   0  75.7  684.4 361  361    0    0  269  495  226
11 2000 160.2 12.6 12.6  0.0   0 121.8  806.3 320  320    0    0  226  482  256
12 2001 173.4 13.2 12.9  0.3   2 138.3  944.6 337  333  529  196  230  529  299
13 2002 185.7 12.3 12.3  0.0   0 138.8 1083.4 320  320    0    0  223  478  255
14 2003 197.7 12.0 12.0  0.0   0 144.5 1227.9 335  335    0    0  247  494  247
15 2004 204.6  6.9  6.9  0.0   0  87.2 1315.1 314  314    0    0  238  481  243
16 2005 209.1  4.5  3.9  0.6  13  58.5 1373.6 378  353  542  189  259  555  296
17 2006 213.0  3.9  3.6  0.3   7  51.7 1425.3 350  338  500  162  259  500  241
18 2007 216.6  3.6  2.1  1.5  41  48.6 1473.9 414  338  520  182  296  530  234
19 2008 221.7  5.1  4.5  0.6  11  70.2 1544.1 368  345  534  189  277  537  260
20 2009 226.8  5.1  4.5  0.6  11  71.9 1616.0 354  328  548  220  271  579  308
21 2010 230.7  3.9  3.6  0.3   7  56.1 1672.0 364  352  515  163  280  515  235
22 2011 233.4  2.7  2.7  0.0   0  39.4 1711.4 372  372    0    0  311  485  174
23 2012 235.8  2.4  2.4  0.0   0  35.4 1746.8 380  380    0    0  256  476  220
24 2013 238.2  2.4  2.1  0.3  12  35.7 1782.5 418  400  546  146  316  546  230
25 2014 240.9  2.7  1.8  0.9  33  40.6 1823.2 443  411  507   96  291  517  226
26 2015 246.6  5.7  4.8  0.9  15  87.3 1910.5 423  403  529  126  260  543  283
27 2016 251.1  4.5  3.9  0.6  13  70.4 1980.8 412  387  577  190  312  578  266

Core Length:  242.1 mm
Core Density: 351 kg/m3
Cross-sectional Density:  342 kg/m3
Early/Latewood Threshold: 500 kg/m3
Attenuation Constant: 3.09

ִִִִִִִִִִִִִִִִִִִִִִִִִִִִִִִִִִִִִִִִִִִִִִִִִִִִִִִִִִִִִִִִִִִִִִִִִִִִִִִ
Core : 21
ֲֲֲִִִִִִִִִִִִִִִִִִִִִִִִִִִִִִִִִִִִִִִִִִִִִִִִִִִִִִִִִִִִִִִִִִִִִִִִִִִִ
       ³Widths (mm)              ³ Areas    ³ Densities (kg/m3)
       ³                         ³ (cm‎)    ³
Ring   ³Outer Ring Erly Late   % ³Incr Total³Ring E/Wd L/Wd Unif  Min  Max  Rng
 # Year³ Rad.      Wood Wood  LW ³          ³mean mean mean
ֱֱֱִִִִִִִִִִִִִִִִִִִִִִִִִִִִִִִִִִִִִִִִִִִִִִִִִִִִִִִִִִִִִִִִִִִִִִִִִִִִ

 1 1990   5.6  5.6  3.6  0.0   0   1.0    1.0 375  375    0    0  330  455  125
 2 1991  11.9  6.3  6.3  0.0   0   3.5    4.4 334  334    0    0  286  468  182
 3 1992  32.0 20.1 20.1  0.0   0  27.7   32.2 300  300    0    0  234  476  242
 4 1993  59.0 27.0 27.0  0.0   0  77.2  109.4 284  284    0    0  228  430  202
 5 1994  83.3 24.3 24.3  0.0   0 108.6  218.0 303  303    0    0  204  478  274
 6 1995 101.3 18.0 17.4  0.6   3 104.4  322.4 329  322  532  210  249  540  291
 7 1996 115.7 14.4 13.8  0.6   4  98.2  420.5 324  315  519  204  254  538  284
 8 1997 125.3  9.6  8.7  0.9   9  72.7  493.2 356  334  568  234  287  625  338
 9 1998 133.4  8.1  7.5  0.6   7  65.8  559.1 362  349  533  184  275  563  288
10 1999 142.1  8.7  8.1  0.6   6  75.3  634.4 377  364  541  177  310  564  254
11 2000 149.9  7.8  6.3  1.5  19  71.6  705.9 382  343  549  206  271  573  302
12 2001 157.7  7.8  6.3  1.5  19  75.4  781.3 403  357  596  239  284  623  339
13 2002 164.0  6.3  5.4  0.9  14  63.7  845.0 402  376  561  185  302  621  319
14 2003 170.3  6.3  5.1  1.2  19  66.2  911.1 408  368  578  210  321  650  329
15 2004 176.0  5.7  4.2  1.5  26  62.0  973.1 419  366  568  202  306  611  305
16 2005 181.4  5.4  4.5  0.9  16  60.6 1033.8 389  354  560  206  309  592  283
17 2006 182.9  1.5  1.2  0.3  20  17.2 1050.9 443  426  510   84  328  510  182
18 2007 184.7  1.8  1.2  0.6  33  20.8 1071.7 447  381  581  200  348  585  237
19 2008 188.0  3.3  2.1  1.2  36  38.6 1110.4 463  396  581  185  330  614  284
20 2009 191.6  3.6  2.7  0.9  24  42.9 1153.3 429  387  555  168  352  569  217
21 2010 194.9  3.3  2.7  0.6  18  40.1 1193.4 428  398  565  167  325  598  273
22 2011 196.4  1.5  1.5  0.0   0  18.4 1211.8 399  399    0    0  346  491  145
23 2012 197.9  1.5  0.9  0.6  40  18.6 1230.4 434  389  502  113  322  504  182
24 2013 200.6  2.7  2.1  0.6  22  33.8 1264.2 454  417  582  165  333  585  252
25 2014 204.2  3.6  2.1  1.5  41  45.8 1310.0 444  364  557  193  301  606  305
26 2015 207.8  3.6  2.7  0.9  25  46.6 1356.6 440  390  590  200  291  622  331
27 2016 210.5  2.7  2.4  0.3  11  35.5 1392.0 402  385  534  149  312  534  222

Core Length:  208.5 mm
Core Density: 390 kg/m3
Cross-sectional Density:  377 kg/m3
Early/Latewood Threshold: 500 kg/m3
Attenuation Constant: 3.09

ִִִִִִִִִִִִִִִִִִִִִִִִִִִִִִִִִִִִִִִִִִִִִִִִִִִִִִִִִִִִִִִִִִִִִִִִִִִִִִִ
Core : 25
ֲֲֲִִִִִִִִִִִִִִִִִִִִִִִִִִִִִִִִִִִִִִִִִִִִִִִִִִִִִִִִִִִִִִִִִִִִִִִִִִִִ
       ³Widths (mm)              ³ Areas    ³ Densities (kg/m3)
       ³                         ³ (cm‎)    ³
Ring   ³Outer Ring Erly Late   % ³Incr Total³Ring E/Wd L/Wd Unif  Min  Max  Rng
 # Year³ Rad.      Wood Wood  LW ³          ³mean mean mean
ֱֱֱִִִִִִִִִִִִִִִִִִִִִִִִִִִִִִִִִִִִִִִִִִִִִִִִִִִִִִִִִִִִִִִִִִִִִִִִִִִִ

 2 1991  12.7 12.7  8.7  0.0   0   5.1    5.1 324  324    0    0  264  453  189
 3 1992  36.1 23.4 23.4  0.0   0  35.9   40.9 297  297    0    0  238  447  209
 4 1993  65.2 29.1 29.1  0.0   0  92.6  133.6 307  307    0    0  236  462  226
 5 1994  92.8 27.6 27.3  0.3   1 137.0  270.5 320  318  508  190  238  508  270
 6 1995 117.4 24.6 23.7  0.9   3 162.4  433.0 343  336  533  197  260  554  294
 7 1996 134.2 16.8 16.2  0.6   3 132.8  565.8 341  334  531  197  283  537  254
 8 1997 152.2 18.0 17.1  0.9   5 162.0  727.7 343  333  522  189  266  540  274
 9 1998 163.6 11.4 11.4  0.0   0 113.1  840.8 370  370    0    0  286  496  210
10 1999 181.6 18.0 17.4  0.6   3 195.2 1036.1 378  374  504  130  303  505  202
11 2000 199.6 18.0 16.5  1.5   8 215.6 1251.6 380  366  540  174  272  583  311
12 2001 217.6 18.0 17.4  0.6   3 235.9 1487.5 377  372  524  152  283  530  247
13 2002 230.5 12.9 12.9  0.0   0 181.6 1669.1 352  352    0    0  259  476  217
14 2003 241.0 10.5 10.2  0.3   2 155.5 1824.7 342  336  553  217  261  553  292
15 2004 246.4  5.4  4.5  0.9  16  82.7 1907.4 379  345  548  203  283  579  296
16 2005 254.5  8.1  6.6  1.5  18 127.5 2034.8 396  367  524  157  292  555  263
17 2006 262.0  7.5  6.9  0.6   8 121.7 2156.5 390  378  532  154  294  565  271
18 2007 268.3  6.3  5.1  1.2  19 105.0 2261.5 395  359  545  186  330  595  265
19 2008 273.1  4.8  3.9  0.9  18  81.6 2343.1 412  375  574  199  320  628  308
20 2009 279.7  6.6  4.2  2.4  36 114.6 2457.7 438  374  551  177  332  590  258
21 2010 286.0  6.3  5.4  0.9  14 112.0 2569.7 408  384  550  166  320  586  266
22 2011 289.0  3.0  2.4  0.6  20  54.2 2623.9 393  358  531  173  306  535  229
23 2012 292.6  3.6  2.4  1.2  33  65.8 2689.7 428  358  568  210  295  620  325
24 2013 298.9  6.3  4.2  2.1  33 117.1 2806.7 443  381  566  185  329  620  291
25 2014 304.9  6.0  3.3  2.7  45 113.8 2920.6 460  381  556  175  323  609  286
26 2015 308.5  3.6  2.7  0.9  25  69.4 2989.9 429  384  564  180  320  591  271
27 2016 310.9  2.4  2.1  0.3  12  46.7 3036.6 398  378  535  157  318  535  217

Core Length:  306.9 mm
Core Density: 378 kg/m3
Cross-sectional Density:  377 kg/m3
Early/Latewood Threshold: 500 kg/m3
Attenuation Constant: 3.09

ִִִִִִִִִִִִִִִִִִִִִִִִִִִִִִִִִִִִִִִִִִִִִִִִִִִִִִִִִִִִִִִִִִִִִִִִִִִִִִִ
Core : 27
ֲֲֲִִִִִִִִִִִִִִִִִִִִִִִִִִִִִִִִִִִִִִִִִִִִִִִִִִִִִִִִִִִִִִִִִִִִִִִִִִִִ
       ³Widths (mm)              ³ Areas    ³ Densities (kg/m3)
       ³                         ³ (cm‎)    ³
Ring   ³Outer Ring Erly Late   % ³Incr Total³Ring E/Wd L/Wd Unif  Min  Max  Rng
 # Year³ Rad.      Wood Wood  LW ³          ³mean mean mean
ֱֱֱִִִִִִִִִִִִִִִִִִִִִִִִִִִִִִִִִִִִִִִִִִִִִִִִִִִִִִִִִִִִִִִִִִִִִִִִִִִִ

 2 1991  12.3 12.3  9.0  0.3   2   4.8    4.8 359  354  508  154  259  508  249
 3 1992  28.8 16.5 16.2  0.3   1  21.3   26.1 332  329  521  192  268  521  253
 4 1993  52.8 24.0 24.0  0.0   0  61.5   87.6 335  335    0    0  235  480  245
 5 1994  73.5 20.7 20.4  0.3   1  82.1  169.7 313  310  528  218  229  528  299
 6 1995  92.4 18.9 18.9  0.0   0  98.5  268.2 328  328    0    0  244  493  249
 7 1996 110.4 18.0 17.4  0.6   3 114.7  382.9 329  323  512  189  234  522  288
 8 1997 128.4 18.0 17.7  0.3   1 135.0  517.9 343  340  537  197  255  537  282
 9 1998 141.0 12.6 11.7  0.9   7 106.6  624.6 369  358  515  157  279  521  242
10 1999 151.5 10.5 10.2  0.3   2  96.5  721.1 380  376  518  142  289  518  229
11 2000 161.1  9.6  8.1  1.5  15  94.3  815.3 371  345  512  167  267  535  268
12 2001 173.1 12.0 11.4  0.6   5 126.0  941.3 383  374  547  173  282  555  273
13 2002 180.9  7.8  5.1  2.7  34  86.7 1028.1 401  329  537  208  253  571  318
14 2003 189.3  8.4  8.1  0.3   3  97.7 1125.8 361  354  537  183  290  537  247
15 2004 195.3  6.0  4.8  1.2  20  72.5 1198.3 395  356  551  195  278  573  295
16 2005 201.0  5.7  4.8  0.9  15  71.0 1269.2 384  350  571  221  283  625  342
17 2006 203.7  2.7  2.1  0.6  22  34.3 1303.6 430  392  562  170  315  616  301
18 2007 207.0  3.3  2.4  0.9  27  42.6 1346.1 477  426  613  187  336  657  321
19 2008 210.3  3.3  2.4  0.9  27  43.3 1389.4 431  372  590  218  334  628  294
20 2009 212.7  2.4  0.9  1.5  62  31.9 1421.3 519  413  583  170  352  633  281
21 2010 214.5  1.8  0.9  0.9  49  24.2 1445.5 487  406  568  162  365  592  227
22 2011 216.0  1.5  0.9  0.6  40  20.3 1465.7 473  423  547  124  365  572  207
23 2012 216.9  0.9  0.9  0.0   0  12.2 1478.0 455  455    0    0  439  474   35
24 2013 218.1  1.2  0.6  0.6  50  16.4 1494.4 534  461  606  145  436  634  198
25 2014 219.3  1.2  0.6  0.6  50  16.5 1510.9 527  417  638  221  367  641  274
26 2015 222.6  3.3  1.5  1.8  54  45.8 1556.7 500  418  569  151  356  672  316
27 2016 225.0  2.4  0.9  1.5  62  33.7 1590.4 515  390  589  199  356  673  317

Core Length:  222.0 mm
Core Density: 412 kg/m3
Cross-sectional Density:  384 kg/m3
Early/Latewood Threshold: 500 kg/m3
Attenuation Constant: 3.09

ִִִִִִִִִִִִִִִִִִִִִִִִִִִִִִִִִִִִִִִִִִִִִִִִִִִִִִִִִִִִִִִִִִִִִִִִִִִִִִִ
Core : 30
ֲֲֲִִִִִִִִִִִִִִִִִִִִִִִִִִִִִִִִִִִִִִִִִִִִִִִִִִִִִִִִִִִִִִִִִִִִִִִִִִִִ
       ³Widths (mm)              ³ Areas    ³ Densities (kg/m3)
       ³                         ³ (cm‎)    ³
Ring   ³Outer Ring Erly Late   % ³Incr Total³Ring E/Wd L/Wd Unif  Min  Max  Rng
 # Year³ Rad.      Wood Wood  LW ³          ³mean mean mean
ֱֱֱִִִִִִִִִִִִִִִִִִִִִִִִִִִִִִִִִִִִִִִִִִִִִִִִִִִִִִִִִִִִִִִִִִִִִִִִִִִִ

 1 1990   2.7  2.7  2.7  0.0   0   0.2    0.2 436  436    0    0  379  460   81
 2 1991  10.2  7.5  7.5  0.0   0   3.0    3.3 331  331    0    0  272  444  172
 3 1992  27.3 17.1 16.5  0.6   3  20.1   23.4 330  323  513  190  261  518  257
 4 1993  49.5 22.2 21.6  0.6   2  53.6   77.0 318  312  513  201  234  520  286
 5 1994  67.8 18.3 17.7  0.6   3  67.4  144.4 333  326  544  218  247  554  307
 6 1995  84.3 16.5 15.9  0.6   3  78.8  223.3 351  344  539  195  263  546  283
 7 1996  93.3  9.0  8.4  0.6   6  50.2  273.5 340  327  512  185  243  524  281
 8 1997 102.9  9.6  8.4  1.2  12  59.2  332.6 371  341  582  241  271  616  345
 9 1998 108.3  5.4  4.8  0.6  11  35.8  368.5 358  338  520  182  272  531  259
10 1999 113.1  4.8  3.6  1.2  24  33.4  401.9 442  405  554  149  344  574  230
11 2000 119.1  6.0  4.8  1.2  20  43.8  445.6 402  358  579  221  286  629  343
12 2001 124.8  5.7  4.2  1.5  26  43.7  489.3 406  346  575  229  294  624  330
13 2002 129.3  4.5  3.6  0.9  20  35.9  525.2 393  337  619  282  276  666  390
14 2003 133.5  4.2  3.6  0.6  14  34.7  559.9 415  389  574  185  331  608  277
15 2004 136.8  3.3  2.7  0.6  18  28.0  587.9 409  369  589  220  299  623  324
16 2005 139.5  2.7  2.1  0.6  22  23.4  611.4 456  417  592  175  349  620  271
17 2006 141.6  2.1  1.2  0.9  42  18.5  629.9 458  380  562  182  343  614  271
18 2007 144.3  2.7  2.1  0.6  22  24.3  654.2 472  428  627  199  366  704  338
19 2008 147.9  3.6  2.4  1.2  33  33.0  687.2 468  411  581  170  330  607  277
20 2009 150.9  3.0  2.1  0.9  30  28.2  715.4 440  395  544  149  366  562  196
21 2010 153.3  2.4  2.4  0.0   0  22.9  738.3 400  400    0    0  315  495  180
22 2011 154.5  1.2  0.9  0.3  25  11.6  749.9 441  420  506   86  390  506  116
23 2012 155.7  1.2  0.6  0.6  49  11.7  761.6 509  430  588  158  393  626  233
24 2013 158.1  2.4  0.9  1.5  62  23.7  785.3 496  361  578  217  326  693  367
25 2014 162.3  4.2  2.1  2.1  50  42.3  827.5 489  398  580  182  338  626  288
26 2015 165.6  3.3  2.4  0.9  27  34.0  861.5 458  396  622  226  336  685  349
27 2016 169.5  3.9  3.0  0.9  23  41.1  902.6 456  410  606  196  338  656  318

Core Length:  169.5 mm
Core Density: 414 kg/m3
Cross-sectional Density:  401 kg/m3
Early/Latewood Threshold: 500 kg/m3
Attenuation Constant: 3.09

ִִִִִִִִִִִִִִִִִִִִִִִִִִִִִִִִִִִִִִִִִִִִִִִִִִִִִִִִִִִִִִִִִִִִִִִִִִִִִִִ
Core : 34
ֲֲֲִִִִִִִִִִִִִִִִִִִִִִִִִִִִִִִִִִִִִִִִִִִִִִִִִִִִִִִִִִִִִִִִִִִִִִִִִִִִ
       ³Widths (mm)              ³ Areas    ³ Densities (kg/m3)
       ³                         ³ (cm‎)    ³
Ring   ³Outer Ring Erly Late   % ³Incr Total³Ring E/Wd L/Wd Unif  Min  Max  Rng
 # Year³ Rad.      Wood Wood  LW ³          ³mean mean mean
ֱֱֱִִִִִִִִִִִִִִִִִִִִִִִִִִִִִִִִִִִִִִִִִִִִִִִִִִִִִִִִִִִִִִִִִִִִִִִִִִִִ

 1 1990   5.4  5.4  5.4  0.0   0   0.9    0.9 323  323    0    0  182  401  219
 2 1991  12.9  7.5  7.5  0.0   0   4.3    5.2 312  312    0    0  244  427  183
 3 1992  32.4 19.5 18.9  0.6   3  27.8   33.0 283  276  518  242  216  518  302
 4 1993  54.9 22.5 22.5  0.0   0  61.7   94.7 278  278    0    0  198  455  257
 5 1994  76.5 21.6 21.0  0.6   2  89.2  183.9 296  290  509  219  213  514  301
 6 1995  95.4 18.9 18.3  0.6   3 102.1  285.9 314  307  523  216  239  532  293
 7 1996 108.3 12.9 12.6  0.3   2  82.6  368.5 301  295  541  246  231  541  310
 8 1997 114.6  6.3  5.7  0.6   9  44.1  412.6 348  326  555  229  269  570  301
 9 1998 120.9  6.3  6.0  0.3   4  46.6  459.2 340  332  500  168  259  500  241
10 1999 130.2  9.3  9.0  0.3   3  73.4  532.6 364  359  535  176  269  535  266
11 2000 140.7 10.5  9.9  0.6   5  89.4  621.9 345  334  523  189  236  525  289
12 2001 148.5  7.8  7.5  0.3   3  70.9  692.8 338  331  512  181  254  512  258
13 2002 156.3  7.8  6.6  1.2  15  74.7  767.5 379  353  519  166  241  533  292
14 2003 167.4 11.1 10.8  0.3   2 112.9  880.4 367  363  518  155  271  518  247
15 2004 177.6 10.2 10.2  0.0   0 110.6  990.9 344  344    0    0  262  497  235
16 2005 184.2  6.6  5.1  1.5  22  75.0 1065.9 381  333  546  213  272  596  324
17 2006 187.8  3.6  2.7  0.9  25  42.1 1108.0 395  353  522  169  293  531  238
18 2007 190.5  2.7  2.1  0.6  22  32.1 1140.1 410  363  572  209  307  572  265
19 2008 193.8  3.3  2.4  0.9  27  39.8 1179.9 398  344  544  200  286  596  310
20 2009 197.7  3.9  2.1  1.8  46  48.0 1227.9 473  392  567  175  341  628  287
21 2010 202.2  4.5  3.6  0.9  20  56.5 1284.4 442  404  593  189  344  625  281
22 2011 206.1  3.9  3.3  0.6  15  50.0 1334.5 412  391  527  136  312  542  230
23 2012 209.7  3.6  2.4  1.2  33  47.0 1381.5 433  358  583  225  250  615  365
24 2013 215.7  6.0  3.9  2.1  35  80.2 1461.7 476  438  546  108  336  584  248
25 2014 225.9 10.2  9.3  0.9   8 141.5 1603.2 409  398  522  124  279  530  251
26 2015 234.0  8.1  7.5  0.6   7 117.0 1720.2 395  386  509  123  257  511  254
27 2016 240.9  6.9  6.6  0.3   4 102.9 1823.2 405  400  508  108  264  508  244

Core Length:  240.9 mm
Core Density: 368 kg/m3
Cross-sectional Density:  371 kg/m3
Early/Latewood Threshold: 500 kg/m3
Attenuation Constant: 3.09

ִִִִִִִִִִִִִִִִִִִִִִִִִִִִִִִִִִִִִִִִִִִִִִִִִִִִִִִִִִִִִִִִִִִִִִִִִִִִִִִ
Core : 38
ֲֲֲִִִִִִִִִִִִִִִִִִִִִִִִִִִִִִִִִִִִִִִִִִִִִִִִִִִִִִִִִִִִִִִִִִִִִִִִִִִִ
       ³Widths (mm)              ³ Areas    ³ Densities (kg/m3)
       ³                         ³ (cm‎)    ³
Ring   ³Outer Ring Erly Late   % ³Incr Total³Ring E/Wd L/Wd Unif  Min  Max  Rng
 # Year³ Rad.      Wood Wood  LW ³          ³mean mean mean
ֱֱֱִִִִִִִִִִִִִִִִִִִִִִִִִִִִִִִִִִִִִִִִִִִִִִִִִִִִִִִִִִִִִִִִִִִִִִִִִִִִ

 1 1990  10.7 10.7  5.7  0.0   0   3.6    3.6 331  331    0    0  238  381  143
 2 1991  16.1  5.4  5.4  0.0   0   4.5    8.1 327  327    0    0  273  433  160
 3 1992  35.3 19.2 19.2  0.0   0  31.0   39.1 284  284    0    0  218  450  232
 4 1993  65.9 30.6 30.6  0.0   0  97.3  136.4 292  292    0    0  220  411  191
 5 1994  80.0 14.1 13.8  0.3   2  64.6  201.1 319  314  536  222  251  536  285
 6 1995  89.9  9.9  9.6  0.3   3  52.8  253.9 366  361  530  169  325  530  205
 7 1996 100.1 10.2  9.9  0.3   2  60.9  314.8 336  331  510  179  254  510  256
 8 1997 108.8  8.7  8.7  0.0   0  57.1  371.9 344  344    0    0  282  485  203
 9 1998 115.7  6.9  6.6  0.3   4  48.7  420.5 323  314  511  197  238  511  273
10 1999 123.5  7.8  7.5  0.3   3  58.6  479.2 341  333  547  214  286  547  261
11 2000 132.5  9.0  9.0  0.0   0  72.4  551.5 372  372    0    0  255  494  239
12 2001 140.6  8.1  7.2  0.9  11  69.5  621.0 363  344  516  172  247  535  288
13 2002 146.3  5.7  4.8  0.9  15  51.4  672.4 383  349  562  213  248  603  355
14 2003 152.9  6.6  6.0  0.6   9  62.0  734.5 370  354  530  176  289  556  267
15 2004 157.4  4.5  3.9  0.6  13  43.9  778.3 369  343  536  193  286  565  279
16 2005 160.4  3.0  2.7  0.3  10  30.0  808.3 380  356  593  237  317  593  276
17 2006 161.3  0.9  0.9  0.0   0   9.1  817.4 438  438    0    0  371  483  112
18 2007 162.5  1.2  0.6  0.6  50  12.2  829.6 466  379  554  175  348  562  214
19 2008 164.6  2.1  1.2  0.9  42  21.6  851.2 450  388  532  144  354  552  198
20 2009 166.7  2.1  1.5  0.6  28  21.9  873.0 417  371  532  161  313  545  232
21 2010 168.5  1.8  1.8  0.0   0  19.0  892.0 402  402    0    0  323  478  155
22 2011 169.4  0.9  0.9  0.0   0   9.6  901.5 431  431    0    0  361  486  125
23 2012 170.6  1.2  0.9  0.3  25  12.8  914.3 457  425  552  127  340  552  212
24 2013 172.7  2.1  1.5  0.6  28  22.6  937.0 438  382  578  196  304  599  295
25 2014 175.4  2.7  1.5  1.2  44  29.5  966.5 434  371  512  141  308  522  214
26 2015 177.5  2.1  1.8  0.3  14  23.3  989.8 427  399  590  191  307  590  283
27 2016 179.3  1.8  1.8  0.0   0  20.2 1010.0 400  400    0    0  330  484  154

Core Length:  174.3 mm
Core Density: 380 kg/m3
Cross-sectional Density:  361 kg/m3
Early/Latewood Threshold: 500 kg/m3
Attenuation Constant: 3.09

ִִִִִִִִִִִִִִִִִִִִִִִִִִִִִִִִִִִִִִִִִִִִִִִִִִִִִִִִִִִִִִִִִִִִִִִִִִִִִִִ
Core : 43
ֲֲֲִִִִִִִִִִִִִִִִִִִִִִִִִִִִִִִִִִִִִִִִִִִִִִִִִִִִִִִִִִִִִִִִִִִִִִִִִִִִ
       ³Widths (mm)              ³ Areas    ³ Densities (kg/m3)
       ³                         ³ (cm‎)    ³
Ring   ³Outer Ring Erly Late   % ³Incr Total³Ring E/Wd L/Wd Unif  Min  Max  Rng
 # Year³ Rad.      Wood Wood  LW ³          ³mean mean mean
ֱֱֱִִִִִִִִִִִִִִִִִִִִִִִִִִִִִִִִִִִִִִִִִִִִִִִִִִִִִִִִִִִִִִִִִִִִִִִִִִִִ

 2 1991  15.9 15.9 12.9  0.0   0   7.9    7.9 382  382    0    0  287  494  207
 3 1992  31.5 15.6 15.0  0.6   3  23.2   31.2 335  328  510  182  282  514  232
 4 1993  57.0 25.5 25.2  0.3   1  70.9  102.1 328  326  505  179  241  505  264
 5 1994  80.4 23.4 21.9  1.5   6 101.0  203.1 339  327  527  200  235  550  315
 6 1995  98.1 17.7 16.2  1.5   8  99.3  302.3 361  346  520  174  243  535  292
 7 1996 117.9 19.8 19.5  0.3   1 134.4  436.7 332  329  522  193  240  522  282
 8 1997 131.7 13.8 13.5  0.3   2 108.2  544.9 348  344  540  196  267  540  273
 9 1998 140.1  8.4  6.9  1.5  17  71.7  616.6 358  322  524  202  271  541  270
10 1999 151.2 11.1 10.8  0.3   2 101.6  718.2 394  391  512  121  299  512  213
11 2000 162.3 11.1 10.2  0.9   8 109.3  827.5 368  356  511  155  256  527  271
12 2001 170.4  8.1  6.6  1.5  18  84.7  912.2 391  362  522  160  285  532  247
13 2002 177.3  6.9  4.5  2.4  34  75.4  987.6 406  335  539  204  267  559  292
14 2003 184.8  7.5  6.6  0.9  12  85.3 1072.9 391  373  518  145  305  534  229
15 2004 190.5  5.7  4.5  1.2  21  67.2 1140.1 390  346  554  208  266  567  301
16 2005 195.6  5.1  3.9  1.2  23  61.9 1202.0 413  370  553  183  296  580  284
17 2006 198.3  2.7  1.8  0.9  33  33.4 1235.4 425  365  544  179  297  581  284
18 2007 201.0  2.7  1.8  0.9  33  33.9 1269.2 426  360  559  199  328  620  292
19 2008 203.7  2.7  2.1  0.6  22  34.3 1303.6 435  389  596  207  340  605  265
20 2009 206.4  2.7  1.5  1.2  44  34.8 1338.3 440  356  545  189  330  586  256
21 2010 209.4  3.0  1.8  1.2  40  39.2 1377.5 476  402  586  184  346  663  317
22 2011 214.2  4.8  2.7  2.1  43  63.9 1441.4 461  405  533  128  346  576  230
23 2012 219.0  4.8  3.0  1.8  37  65.3 1506.7 450  377  573  196  304  613  309
24 2013 224.1  5.1  3.0  2.1  41  71.0 1577.7 467  387  582  195  310  627  317
25 2014 228.9  4.8  2.7  2.1  43  68.3 1646.0 448  365  555  190  300  591  291
26 2015 232.8  3.9  3.0  0.9  23  56.6 1702.6 421  371  590  219  300  605  305
27 2016 235.2  2.4  1.8  0.6  24  35.3 1737.9 408  353  573  220  304  607  303

Core Length:  232.2 mm
Core Density: 399 kg/m3
Cross-sectional Density:  390 kg/m3
Early/Latewood Threshold: 500 kg/m3
Attenuation Constant: 3.09

ִִִִִִִִִִִִִִִִִִִִִִִִִִִִִִִִִִִִִִִִִִִִִִִִִִִִִִִִִִִִִִִִִִִִִִִִִִִִִִִ
Core : 44
ֲֲֲִִִִִִִִִִִִִִִִִִִִִִִִִִִִִִִִִִִִִִִִִִִִִִִִִִִִִִִִִִִִִִִִִִִִִִִִִִִִ
       ³Widths (mm)              ³ Areas    ³ Densities (kg/m3)
       ³                         ³ (cm‎)    ³
Ring   ³Outer Ring Erly Late   % ³Incr Total³Ring E/Wd L/Wd Unif  Min  Max  Rng
 # Year³ Rad.      Wood Wood  LW ³          ³mean mean mean
ֱֱֱִִִִִִִִִִִִִִִִִִִִִִִִִִִִִִִִִִִִִִִִִִִִִִִִִִִִִִִִִִִִִִִִִִִִִִִִִִִִ

 1 1990   8.1  8.1  7.2  0.9  11   2.1    2.1 362  344  513  169  300  531  231
 2 1991  15.9  7.8  7.8  0.0   0   5.9    7.9 354  354    0    0  279  465  186
 3 1992  39.9 24.0 24.0  0.0   0  42.1   50.0 311  311    0    0  246  476  230
 4 1993  69.3 29.4 29.4  0.0   0 100.9  150.9 312  312    0    0  221  487  266
 5 1994  94.2 24.9 23.7  1.2   4 127.9  278.8 336  325  546  221  222  576  354
 6 1995 115.8 21.6 21.0  0.6   2 142.5  421.3 346  341  520  179  281  538  257
 7 1996 132.0 16.2 15.3  0.9   5 126.1  547.4 354  344  521  177  270  535  265
 8 1997 145.2 13.2 12.9  0.3   2 115.0  662.3 361  358  500  142  298  500  202
 9 1998 153.3  8.1  7.2  0.9  11  76.0  738.3 368  347  535  188  289  560  271
10 1999 161.1  7.8  6.6  1.2  15  77.0  815.3 412  393  515  122  308  538  230
11 2000 168.6  7.5  7.2  0.3   4  77.7  893.0 350  342  527  185  273  527  254
12 2001 175.2  6.6  6.0  0.6   9  71.3  964.3 366  348  549  201  278  573  295
13 2002 181.8  6.6  6.0  0.6   9  74.0 1038.3 368  351  540  189  260  549  289
14 2003 189.9  8.1  7.5  0.6   7  94.6 1132.9 382  368  553  185  310  564  254
15 2004 197.4  7.5  6.0  1.5  20  91.3 1224.2 380  341  539  198  286  567  281
16 2005 202.8  5.4  5.1  0.3   5  67.9 1292.1 362  348  591  243  284  591  307
17 2006 205.5  2.7  2.4  0.3  11  34.6 1326.7 378  352  586  234  291  586  295
18 2007 208.5  3.0  2.4  0.6  20  39.0 1365.7 396  356  556  200  301  591  290
19 2008 211.8  3.3  2.7  0.6  18  43.6 1409.3 403  370  552  182  302  554  252
20 2009 215.7  3.9  2.7  1.2  30  52.4 1461.7 431  372  563  191  302  617  315
21 2010 219.9  4.2  3.3  0.9  21  57.5 1519.1 418  372  587  215  311  615  304
22 2011 225.6  5.7  3.9  1.8  31  79.8 1598.9 444  393  555  162  308  569  261
23 2012 231.6  6.0  4.2  1.8  30  86.2 1685.1 444  377  600  223  315  652  337
24 2013 237.3  5.7  3.9  1.8  31  84.0 1769.1 455  383  610  227  341  682  341
25 2014 242.1  4.8  2.7  2.1  43  72.3 1841.4 471  371  598  227  295  652  357
26 2015 247.2  5.1  3.9  1.2  23  78.4 1919.8 439  383  620  237  327  662  335
27 2016 253.8  6.6  4.2  2.4  36 103.9 2023.6 473  398  605  207  315  648  333

Core Length:  253.8 mm
Core Density: 388 kg/m3
Cross-sectional Density:  387 kg/m3
Early/Latewood Threshold: 500 kg/m3
Attenuation Constant: 3.09

ִִִִִִִִִִִִִִִִִִִִִִִִִִִִִִִִִִִִִִִִִִִִִִִִִִִִִִִִִִִִִִִִִִִִִִִִִִִִִִִ
Core : 54
ֲֲֲִִִִִִִִִִִִִִִִִִִִִִִִִִִִִִִִִִִִִִִִִִִִִִִִִִִִִִִִִִִִִִִִִִִִִִִִִִִִ
       ³Widths (mm)              ³ Areas    ³ Densities (kg/m3)
       ³                         ³ (cm‎)    ³
Ring   ³Outer Ring Erly Late   % ³Incr Total³Ring E/Wd L/Wd Unif  Min  Max  Rng
 # Year³ Rad.      Wood Wood  LW ³          ³mean mean mean
ֱֱֱִִִִִִִִִִִִִִִִִִִִִִִִִִִִִִִִִִִִִִִִִִִִִִִִִִִִִִִִִִִִִִִִִִִִִִִִִִִִ

 2 1991  15.1 15.1  8.1  0.0   0   7.2    7.2 345  345    0    0  307  420  113
 3 1992  36.7 21.6 21.6  0.0   0  35.2   42.3 315  315    0    0  260  448  188
 4 1993  61.3 24.6 24.6  0.0   0  75.7  118.1 306  306    0    0  246  447  201
 5 1994  80.2 18.9 18.6  0.3   1  84.0  202.1 331  328  516  188  244  516  272
 6 1995  97.3 17.1 16.5  0.6   3  95.4  297.4 346  340  531  191  265  543  278
 7 1996 113.8 16.5 15.9  0.6   3 109.4  406.9 340  333  521  188  266  542  276
 8 1997 126.7 12.9 12.6  0.3   2  97.5  504.3 336  332  515  183  272  515  243
 9 1998 134.5  7.8  6.9  0.9  11  64.0  568.3 370  351  518  167  285  530  245
10 1999 142.6  8.1  8.1  0.0   0  70.5  638.8 372  372    0    0  320  466  146
11 2000 151.0  8.4  8.4  0.0   0  77.5  716.3 339  339    0    0  253  469  216
12 2001 158.2  7.2  7.2  0.0   0  69.9  786.3 366  366    0    0  289  497  208
13 2002 164.2  6.0  5.1  0.9  15  60.8  847.0 382  355  538  183  250  551  301
14 2003 170.2  6.0  6.0  0.0   0  63.0  910.1 377  377    0    0  283  497  214
15 2004 177.4  7.2  6.6  0.6   8  78.6  988.7 399  388  522  134  271  535  264
16 2005 182.8  5.4  5.1  0.3   5  61.1 1049.8 371  362  518  156  281  518  237
17 2006 185.5  2.7  2.7  0.0   0  31.2 1081.0 367  367    0    0  279  471  192
18 2007 187.9  2.4  2.1  0.3  12  28.2 1109.2 409  391  538  147  339  538  199
19 2008 191.8  3.9  3.9  0.0   0  46.5 1155.7 392  392    0    0  320  486  166
20 2009 194.5  2.7  2.4  0.3  11  32.8 1188.5 395  380  512  132  313  512  199
21 2010 196.3  1.8  1.8  0.0   0  22.1 1210.6 376  376    0    0  306  413  107
22 2011 197.8  1.5  1.5  0.0   0  18.6 1229.1 402  402    0    0  346  467  121
23 2012 199.3  1.5  1.2  0.3  20  18.7 1247.9 414  379  553  174  291  553  262
24 2013 202.9  3.6  2.4  1.2  33  45.5 1293.3 454  413  535  122  284  578  294
25 2014 208.0  5.1  3.9  1.2  23  65.8 1359.2 436  409  525  116  288  534  246
26 2015 214.9  6.9  5.4  1.5  21  91.7 1450.9 451  430  527   97  317  555  238
27 2016 223.6  8.7  8.4  0.3   3 119.9 1570.7 417  414  502   88  324  502  178

Core Length:  216.6 mm
Core Density: 377 kg/m3
Cross-sectional Density:  374 kg/m3
Early/Latewood Threshold: 500 kg/m3
Attenuation Constant: 3.09

