File : C:\DENSITOM\KAWERA~2\KAWE30.DAT
Cores :
3
6
9
17
21
29
36
37
47
58
67
69
79
81

ִִִִִִִִִִִִִִִִִִִִִִִִִִִִִִִִִִִִִִִִִִִִִִִִִִִִִִִִִִִִִִִִִִִִִִִִִִִִִִִ
Core : 3
ֲֲֲִִִִִִִִִִִִִִִִִִִִִִִִִִִִִִִִִִִִִִִִִִִִִִִִִִִִִִִִִִִִִִִִִִִִִִִִִִִִ
       ³Widths (mm)              ³ Areas    ³ Densities (kg/m3)
       ³                         ³ (cm‎)    ³
Ring   ³Outer Ring Erly Late   % ³Incr Total³Ring E/Wd L/Wd Unif  Min  Max  Rng
 # Year³ Rad.      Wood Wood  LW ³          ³mean mean mean
ֱֱֱִִִִִִִִִִִִִִִִִִִִִִִִִִִִִִִִִִִִִִִִִִִִִִִִִִִִִִִִִִִִִִִִִִִִִִִִִִִִ

 1 1990   5.8  5.8  4.8  0.0   0   1.1    1.1 326  326    0    0  187  398  211
 2 1991  16.0 10.2 10.2  0.0   0   7.0    8.0 306  306    0    0  252  439  187
 3 1992  40.3 24.3 24.3  0.0   0  43.0   51.0 277  277    0    0  219  448  229
 4 1993  71.2 30.9 30.9  0.0   0 108.2  159.3 308  308    0    0  249  444  195
 5 1994  94.9 23.7 21.6  2.1   8 123.7  282.9 339  321  530  209  256  553  297
 6 1995 121.0 26.1 24.6  1.5   5 177.0  460.0 360  350  524  174  291  533  242
 7 1996 142.0 21.0 18.9  2.1  10 173.5  633.5 359  342  508  166  291  522  231
 8 1997 160.0 18.0 16.2  1.8  10 170.8  804.2 394  379  528  149  317  567  250
 9 1998 167.8  7.8  7.2  0.6   7  80.3  884.6 408  400  502  102  325  505  180
10 1999 184.3 16.5 15.0  1.5   9 182.5 1067.1 418  408  514  106  339  524  185
11 2000 195.4 11.1  9.9  1.2  10 132.4 1199.5 388  371  525  154  307  537  230
12 2001 203.5  8.1  7.5  0.6   7 101.5 1301.0 400  389  538  149  318  572  254
13 2002 210.4  6.9  6.6  0.3   4  89.7 1390.7 388  382  531  149  282  531  249
14 2003 216.4  6.0  5.1  0.9  15  80.4 1471.2 392  359  582  223  289  616  327
15 2004 221.2  4.8  3.6  1.2  24  66.0 1537.2 392  340  547  207  299  582  283
16 2005 227.5  6.3  4.5  1.8  28  88.8 1626.0 426  376  552  176  302  576  274
17 2006 231.1  3.6  2.7  0.9  25  51.9 1677.8 399  363  504  141  297  508  211
18 2007 234.7  3.6  3.0  0.6  16  52.7 1730.5 415  388  553  165  305  603  298
19 2008 237.1  2.4  1.8  0.6  25  35.6 1766.1 422  371  576  205  321  588  267
20 2009 238.6  1.5  1.2  0.3  20  22.4 1788.5 397  364  530  166  335  530  195
21 2010 240.4  1.8  1.2  0.6  33  27.1 1815.6 428  384  516  132  352  531  179
22 2011 242.5  2.1  1.5  0.6  28  31.9 1847.5 420  386  504  118  350  507  157
23 2012 245.8  3.3  1.8  1.5  45  50.6 1898.1 448  386  522  136  326  551  225
24 2013 248.5  2.7  1.5  1.2  44  41.9 1940.0 455  374  557  183  333  639  306
25 2014 251.8  3.3  1.5  1.8  54  51.9 1991.9 488  389  570  181  341  626  285
26 2015 253.9  2.1  1.5  0.6  28  33.4 2025.2 437  378  585  207  332  590  258
27 2016 256.6  2.7  1.2  1.5  55  43.3 2068.5 511  425  580  155  361  625  264

Core Length:  255.6 mm
Core Density: 396 kg/m3
Cross-sectional Density:  391 kg/m3
Early/Latewood Threshold: 500 kg/m3
Attenuation Constant: 3.09

ִִִִִִִִִִִִִִִִִִִִִִִִִִִִִִִִִִִִִִִִִִִִִִִִִִִִִִִִִִִִִִִִִִִִִִִִִִִִִִִ
Core : 6
ֲֲֲִִִִִִִִִִִִִִִִִִִִִִִִִִִִִִִִִִִִִִִִִִִִִִִִִִִִִִִִִִִִִִִִִִִִִִִִִִִִ
       ³Widths (mm)              ³ Areas    ³ Densities (kg/m3)
       ³                         ³ (cm‎)    ³
Ring   ³Outer Ring Erly Late   % ³Incr Total³Ring E/Wd L/Wd Unif  Min  Max  Rng
 # Year³ Rad.      Wood Wood  LW ³          ³mean mean mean
ֱֱֱִִִִִִִִִִִִִִִִִִִִִִִִִִִִִִִִִִִִִִִִִִִִִִִִִִִִִִִִִִִִִִִִִִִִִִִִִִִִ

 1 1990   3.6  3.6  3.6  0.0   0   0.4    0.4 307  307    0    0  194  379  185
 2 1991  16.5 12.9 12.9  0.0   0   8.1    8.6 316  316    0    0  260  433  173
 3 1992  39.6 23.1 22.8  0.3   1  40.7   49.3 306  304  501  197  255  501  246
 4 1993  67.2 27.6 27.6  0.0   0  92.6  141.9 308  308    0    0  230  444  214
 5 1994  89.7 22.5 21.6  0.9   4 110.9  252.8 325  318  502  184  249  504  255
 6 1995 108.9 19.2 19.2  0.0   0 119.8  372.6 311  311    0    0  246  498  252
 7 1996 124.5 15.6 14.7  0.9   5 114.4  487.0 337  326  528  202  245  556  311
 8 1997 137.1 12.6 12.0  0.6   4 103.6  590.5 350  342  506  164  267  511  244
 9 1998 147.9 10.8 10.8  0.0   0  96.7  687.2 363  363    0    0  278  489  211
10 1999 160.5 12.6 12.3  0.3   2 122.1  809.3 362  358  504  146  263  504  241
11 2000 173.4 12.9 12.6  0.3   2 135.3  944.6 349  346  506  160  253  506  253
12 2001 185.7 12.3 11.7  0.6   4 138.8 1083.4 373  364  543  179  256  562  306
13 2002 192.6  6.9  6.0  0.9  13  82.0 1165.4 354  327  534  207  243  572  329
14 2003 198.3  5.7  5.7  0.0   0  70.0 1235.4 367  367    0    0  293  494  201
15 2004 203.4  5.1  3.9  1.2  23  64.4 1299.7 380  334  530  196  264  544  280
16 2005 211.2  7.8  6.9  0.9  11 101.6 1401.3 385  363  551  188  287  568  281
17 2006 217.8  6.6  6.3  0.3   4  89.0 1490.3 377  369  537  168  255  537  282
18 2007 224.7  6.9  6.3  0.6   8  95.9 1586.2 365  346  568  222  268  598  330
19 2008 230.7  6.0  4.5  1.5  25  85.8 1672.0 405  353  563  210  298  635  337
20 2009 234.9  4.2  3.3  0.9  21  61.4 1733.5 405  368  541  173  317  567  250
21 2010 237.9  3.0  3.0  0.0   0  44.6 1778.0 371  371    0    0  303  483  180
22 2011 240.3  2.4  2.1  0.3  12  36.1 1814.1 397  375  556  181  336  556  220
23 2012 243.9  3.6  2.4  1.2  33  54.8 1868.8 427  367  547  180  265  584  319
24 2013 248.7  4.8  3.0  1.8  37  74.3 1943.1 463  389  587  198  294  619  325
25 2014 252.0  3.3  2.4  0.9  27  51.9 1995.0 420  369  556  187  298  595  297
26 2015 255.3  3.3  2.1  1.2  36  52.6 2047.6 445  369  577  208  307  611  304
27 2016 258.0  2.7  2.4  0.3  11  43.5 2091.2 403  390  505  115  317  505  188

Core Length:  258.0 mm
Core Density: 369 kg/m3
Cross-sectional Density:  367 kg/m3
Early/Latewood Threshold: 500 kg/m3
Attenuation Constant: 3.09

ִִִִִִִִִִִִִִִִִִִִִִִִִִִִִִִִִִִִִִִִִִִִִִִִִִִִִִִִִִִִִִִִִִִִִִִִִִִִִִִ
Core : 9
ֲֲֲִִִִִִִִִִִִִִִִִִִִִִִִִִִִִִִִִִִִִִִִִִִִִִִִִִִִִִִִִִִִִִִִִִִִִִִִִִִִ
       ³Widths (mm)              ³ Areas    ³ Densities (kg/m3)
       ³                         ³ (cm‎)    ³
Ring   ³Outer Ring Erly Late   % ³Incr Total³Ring E/Wd L/Wd Unif  Min  Max  Rng
 # Year³ Rad.      Wood Wood  LW ³          ³mean mean mean
ֱֱֱִִִִִִִִִִִִִִִִִִִִִִִִִִִִִִִִִִִִִִִִִִִִִִִִִִִִִִִִִִִִִִִִִִִִִִִִִִִִ

 1 1990   9.6  9.6  9.6  0.0   0   2.9    2.9 345  345    0    0  204  468  264
 2 1991  20.4 10.8 10.2  0.6   5  10.2   13.1 402  396  504  108  316  508  192
 3 1992  46.8 26.4 26.4  0.0   0  55.7   68.8 350  350    0    0  285  469  184
 4 1993  78.3 31.5 31.5  0.0   0 123.8  192.6 374  374    0    0  294  493  199
 5 1994  99.6 21.3 19.2  2.1   9 119.0  311.7 380  363  537  174  301  565  264
 6 1995 119.7 20.1 17.7  2.4  11 138.5  450.1 396  378  529  151  311  570  259
 7 1996 137.7 18.0 16.2  1.8   9 145.6  595.7 391  374  539  165  284  579  295
 8 1997 150.9 13.2 11.1  2.1  15 119.7  715.4 422  397  553  156  328  583  255
 9 1998 156.9  6.0  4.5  1.5  25  58.0  773.4 422  360  605  245  311  648  337
10 1999 163.2  6.3  4.2  2.1  33  63.4  836.7 456  410  547  137  375  602  227
11 2000 168.3  5.1  4.2  0.9  17  53.1  889.9 435  400  601  201  334  632  298
12 2001 172.2  3.9  2.7  1.2  30  41.7  931.6 450  387  594  207  338  634  296
13 2002 174.3  2.1  1.2  0.9  42  22.9  954.4 503  413  623  210  371  654  283
14 2003 177.6  3.3  1.8  1.5  45  36.5  990.9 491  401  600  199  360  646  286
15 2004 179.7  2.1  1.2  0.9  42  23.6 1014.5 479  391  595  204  362  668  306
16 2005 181.2  1.5  0.6  0.9  60  17.0 1031.5 506  421  563  142  416  590  174
17 2006 181.5  0.3  0.0  0.3 100   3.4 1034.9 510    0  510  510  510  510    0
18 2007 181.8  0.3  0.0  0.3  99   3.4 1038.3 505    0  505  505  505  505    0
19 2008 182.1  0.3  0.0  0.3  99   3.4 1041.8 536    0  536  536  536  536    0
20 2009 182.4  0.3  0.0  0.3  99   3.4 1045.2 519    0  519  519  519  519    0
21 2010 182.7  0.3  0.0  0.3  99   3.4 1048.6 518    0  518  518  518  518    0
22 2011 183.0  0.3  0.3  0.0   0   3.4 1052.1 475  475    0    0  475  475    0
23 2012 183.3  0.3  0.0  0.3  99   3.5 1055.5 593    0  593  593  593  593    0
24 2013 183.6  0.3  0.0  0.3  99   3.5 1059.0 585    0  585  585  585  585    0
25 2014 183.9  0.3  0.3  0.0   0   3.5 1062.5 458  458    0    0  458  458    0
26 2015 185.1  1.2  0.3  0.9  75  13.9 1076.4 585  462  626  164  462  677  215
27 2016 185.7  0.6  0.3  0.3  49   7.0 1083.4 499  401  597  196  401  597  196

Core Length:  185.7 mm
Core Density: 466 kg/m3
Cross-sectional Density:  416 kg/m3
Early/Latewood Threshold: 500 kg/m3
Attenuation Constant: 3.09

ִִִִִִִִִִִִִִִִִִִִִִִִִִִִִִִִִִִִִִִִִִִִִִִִִִִִִִִִִִִִִִִִִִִִִִִִִִִִִִִ
Core : 17
ֲֲֲִִִִִִִִִִִִִִִִִִִִִִִִִִִִִִִִִִִִִִִִִִִִִִִִִִִִִִִִִִִִִִִִִִִִִִִִִִִִ
       ³Widths (mm)              ³ Areas    ³ Densities (kg/m3)
       ³                         ³ (cm‎)    ³
Ring   ³Outer Ring Erly Late   % ³Incr Total³Ring E/Wd L/Wd Unif  Min  Max  Rng
 # Year³ Rad.      Wood Wood  LW ³          ³mean mean mean
ֱֱֱִִִִִִִִִִִִִִִִִִִִִִִִִִִִִִִִִִִִִִִִִִִִִִִִִִִִִִִִִִִִִִִִִִִִִִִִִִִִ

 1 1991   8.2  8.2  7.2  0.0   0   2.1    2.1 307  307    0    0  251  407  156
 2 1992  31.6 23.4 23.4  0.0   0  29.3   31.4 308  308    0    0  251  448  197
 3 1993  59.8 28.2 28.2  0.0   0  81.0  112.3 316  316    0    0  238  433  195
 4 1994  82.9 23.1 22.2  0.9   3 103.6  215.9 333  324  546  222  262  548  286
 5 1995 104.8 21.9 19.5  2.4  10 129.1  345.0 384  363  556  193  252  597  345
 6 1996 123.7 18.9 16.5  2.4  12 135.7  480.7 384  363  529  166  262  555  293
 7 1997 144.4 20.7 18.0  2.7  13 174.3  655.1 392  374  514  140  280  529  249
 8 1998 160.6 16.2 14.4  1.8  11 155.2  810.3 382  365  521  156  279  539  260
 9 1999 172.9 12.3 11.4  0.9   7 128.9  939.2 359  344  549  205  294  572  278
10 2000 181.9  9.0  8.1  0.9  10 100.3 1039.5 364  343  553  210  277  575  298
11 2001 188.2  6.3  4.5  1.8  28  73.3 1112.7 408  352  547  195  268  587  319
12 2002 193.6  5.4  4.2  1.2  22  64.8 1177.5 372  315  572  257  263  624  361
13 2003 199.3  5.7  3.6  2.1  36  70.4 1247.9 418  333  565  232  287  627  340
14 2004 205.0  5.7  3.9  1.8  31  72.4 1320.3 411  343  559  216  255  588  333
15 2005 211.6  6.6  4.8  1.8  27  86.4 1406.6 407  346  569  223  274  601  327
16 2006 216.1  4.5  2.7  1.8  40  60.5 1467.1 426  339  556  217  262  594  332
17 2007 220.3  4.2  3.3  0.9  21  57.6 1524.7 403  355  579  224  296  652  356
18 2008 223.0  2.7  2.1  0.6  22  37.6 1562.3 405  348  601  253  291  623  332
19 2009 226.3  3.3  2.4  0.9  27  46.6 1608.9 423  363  583  220  313  624  311
20 2010 228.7  2.4  1.8  0.6  24  34.3 1643.2 430  379  585  206  327  592  265
21 2011 231.1  2.4  1.2  1.2  50  34.7 1677.8 464  392  537  145  365  559  194
22 2012 233.8  2.7  1.8  0.9  33  39.4 1717.3 442  367  592  225  307  634  327
23 2013 236.5  2.7  2.1  0.6  22  39.9 1757.2 429  378  609  231  342  625  283
24 2014 238.9  2.4  1.2  1.2  50  35.8 1793.0 477  377  577  200  328  593  265
25 2015 241.3  2.4  1.5  0.9  37  36.2 1829.2 448  366  586  220  328  640  312
26 2016 243.4  2.1  1.2  0.9  42  32.0 1861.2 465  376  584  208  338  656  318

Core Length:  242.4 mm
Core Density: 398 kg/m3
Cross-sectional Density:  390 kg/m3
Early/Latewood Threshold: 500 kg/m3
Attenuation Constant: 3.09

ִִִִִִִִִִִִִִִִִִִִִִִִִִִִִִִִִִִִִִִִִִִִִִִִִִִִִִִִִִִִִִִִִִִִִִִִִִִִִִִ
Core : 21
ֲֲֲִִִִִִִִִִִִִִִִִִִִִִִִִִִִִִִִִִִִִִִִִִִִִִִִִִִִִִִִִִִִִִִִִִִִִִִִִִִִ
       ³Widths (mm)              ³ Areas    ³ Densities (kg/m3)
       ³                         ³ (cm‎)    ³
Ring   ³Outer Ring Erly Late   % ³Incr Total³Ring E/Wd L/Wd Unif  Min  Max  Rng
 # Year³ Rad.      Wood Wood  LW ³          ³mean mean mean
ֱֱֱִִִִִִִִִִִִִִִִִִִִִִִִִִִִִִִִִִִִִִִִִִִִִִִִִִִִִִִִִִִִִִִִִִִִִִִִִִִִ

 3 1992  17.4 17.4 17.4  0.0   0   9.5    9.5 305  305    0    0  253  488  235
 4 1993  43.2 25.8 25.8  0.0   0  49.1   58.6 311  311    0    0  256  458  202
 5 1994  60.9 17.7 16.8  0.9   5  57.9  116.5 319  308  525  217  242  545  303
 6 1995  76.2 15.3 14.4  0.9   5  65.9  182.4 347  334  560  226  278  585  307
 7 1996  88.8 12.6 11.4  1.2   9  65.3  247.7 383  365  553  188  276  616  340
 8 1997  97.2  8.4  7.2  1.2  14  49.1  296.8 386  353  584  231  301  607  306
 9 1998 103.2  6.0  5.1  0.9  15  37.8  334.6 399  359  627  268  305  633  328
10 1999 110.7  7.5  5.4  2.1  28  50.4  385.0 458  396  618  222  335  676  341
11 2000 120.0  9.3  6.9  2.4  25  67.4  452.4 431  365  619  254  300  709  409
12 2001 129.3  9.3  7.2  2.1  22  72.8  525.2 414  365  584  219  321  651  330
13 2002 135.9  6.6  5.4  1.2  18  55.0  580.2 389  346  583  237  291  685  394
14 2003 142.2  6.3  4.8  1.5  23  55.0  635.3 425  374  585  211  349  705  356
15 2004 147.3  5.1  3.6  1.5  29  46.4  681.6 436  360  617  257  322  667  345
16 2005 153.3  6.0  4.8  1.2  20  56.7  738.3 424  366  658  292  316  684  368
17 2006 157.5  4.2  3.3  0.9  21  41.0  779.3 433  376  643  267  335  697  362
18 2007 162.0  4.5  3.6  0.9  20  45.2  824.5 455  399  679  280  339  695  356
19 2008 166.2  4.2  3.3  0.9  21  43.3  867.8 414  365  593  228  318  638  320
20 2009 169.2  3.0  1.5  1.5  50  31.6  899.4 472  361  583  222  347  694  347
21 2010 173.1  3.9  2.7  1.2  30  41.9  941.3 454  386  609  223  330  673  343
22 2011 176.4  3.3  2.1  1.2  36  36.2  977.6 450  367  596  229  340  691  351
23 2012 180.3  3.9  2.4  1.5  38  43.7 1021.3 466  375  610  235  321  696  375
24 2013 184.8  4.5  3.3  1.2  26  51.6 1072.9 471  407  647  240  374  674  300
25 2014 188.7  3.9  2.1  1.8  46  45.8 1118.6 525  415  655  240  359  752  393
26 2015 193.8  5.1  2.4  2.7  52  61.3 1179.9 544  429  646  217  399  720  321
27 2016 199.5  5.7  2.7  3.0  52  70.4 1250.4 530  413  635  222  390  765  375

Core Length:  199.5 mm
Core Density: 425 kg/m3
Cross-sectional Density:  428 kg/m3
Early/Latewood Threshold: 500 kg/m3
Attenuation Constant: 3.09

ִִִִִִִִִִִִִִִִִִִִִִִִִִִִִִִִִִִִִִִִִִִִִִִִִִִִִִִִִִִִִִִִִִִִִִִִִִִִִִִ
Core : 29
ֲֲֲִִִִִִִִִִִִִִִִִִִִִִִִִִִִִִִִִִִִִִִִִִִִִִִִִִִִִִִִִִִִִִִִִִִִִִִִִִִִ
       ³Widths (mm)              ³ Areas    ³ Densities (kg/m3)
       ³                         ³ (cm‎)    ³
Ring   ³Outer Ring Erly Late   % ³Incr Total³Ring E/Wd L/Wd Unif  Min  Max  Rng
 # Year³ Rad.      Wood Wood  LW ³          ³mean mean mean
ֱֱֱִִִִִִִִִִִִִִִִִִִִִִִִִִִִִִִִִִִִִִִִִִִִִִִִִִִִִִִִִִִִִִִִִִִִִִִִִִִִ

 2 1991  17.2 17.2 14.7  1.5   8   9.3    9.3 378  360  561  201  259  582  323
 3 1992  38.2 21.0 19.5  1.5   7  36.5   45.8 362  347  557  210  295  593  298
 4 1993  66.1 27.9 25.5  2.4   8  91.4  137.3 399  389  512  123  296  528  232
 5 1994  89.2 23.1 21.0  2.1   9 112.7  250.0 395  380  553  173  301  592  291
 6 1995 105.7 16.5 10.2  6.3  38 101.0  351.0 438  378  535  157  304  601  297
 7 1996 121.9 16.2 14.4  1.8  11 115.8  466.8 403  388  525  137  313  549  236
 8 1997 131.5  9.6  7.5  2.1  21  76.4  543.3 440  393  607  214  329  637  308
 9 1998 136.9  5.4  4.5  0.9  16  45.5  588.8 397  361  575  214  315  608  293
10 1999 148.0 11.1  5.1  6.0  54  99.3  688.1 493  420  555  135  330  617  287
11 2000 157.6  9.6  6.9  2.7  28  92.2  780.3 429  382  549  167  279  638  359
12 2001 166.0  8.4  3.6  4.8  57  85.4  865.7 496  377  584  207  319  662  343
13 2002 171.4  5.4  3.0  2.4  44  57.2  922.9 473  362  612  250  325  665  340
14 2003 175.3  3.9  2.4  1.5  38  42.5  965.4 449  369  578  209  321  640  319
15 2004 177.4  2.1  1.5  0.6  28  23.3  988.7 448  396  579  183  330  579  249
16 2005 179.5  2.1  1.2  0.9  42  23.5 1012.2 475  419  549  130  370  599  229
17 2006 181.3  1.8  0.6  1.2  66  20.4 1032.6 547  463  588  125  429  641  212
18 2007 182.8  1.5  0.6  0.9  60  17.2 1049.8 515  449  559  110  448  608  160
19 2008 184.6  1.8  0.9  0.9  49  20.8 1070.6 505  439  571  132  399  599  200
20 2009 185.8  1.2  0.9  0.3  25  14.0 1084.5 489  448  610  162  385  610  225
21 2010 187.3  1.5  0.6  0.9  60  17.6 1102.1 509  476  531   55  459  551   92
22 2011 188.2  0.9  0.3  0.6  66  10.6 1112.7 523  479  546   67  479  564   85
23 2012 188.8  0.6  0.0  0.6 100   7.1 1119.8 558    0  558  558  529  587   58
24 2013 189.4  0.6  0.3  0.3  49   7.1 1127.0 489  419  559  140  419  559  140
25 2014 190.0  0.6  0.3  0.3  50   7.2 1134.1 526  457  595  138  457  595  138
26 2015 190.6  0.6  0.0  0.6  99   7.2 1141.3 584    0  584  584  549  620   71
27 2016 191.2  0.6  0.3  0.3  49   7.2 1148.5 430  328  532  204  328  532  204

Core Length:  190.2 mm
Core Density: 467 kg/m3
Cross-sectional Density:  443 kg/m3
Early/Latewood Threshold: 500 kg/m3
Attenuation Constant: 3.09

ִִִִִִִִִִִִִִִִִִִִִִִִִִִִִִִִִִִִִִִִִִִִִִִִִִִִִִִִִִִִִִִִִִִִִִִִִִִִִִִ
Core : 36
ֲֲֲִִִִִִִִִִִִִִִִִִִִִִִִִִִִִִִִִִִִִִִִִִִִִִִִִִִִִִִִִִִִִִִִִִִִִִִִִִִִ
       ³Widths (mm)              ³ Areas    ³ Densities (kg/m3)
       ³                         ³ (cm‎)    ³
Ring   ³Outer Ring Erly Late   % ³Incr Total³Ring E/Wd L/Wd Unif  Min  Max  Rng
 # Year³ Rad.      Wood Wood  LW ³          ³mean mean mean
ֱֱֱִִִִִִִִִִִִִִִִִִִִִִִִִִִִִִִִִִִִִִִִִִִִִִִִִִִִִִִִִִִִִִִִִִִִִִִִִִִִ

 1 1990   6.1  6.1  5.1  0.0   0   1.2    1.2 341  341    0    0  288  419  131
 2 1991  18.1 12.0 12.0  0.0   0   9.1   10.3 380  380    0    0  283  494  211
 3 1992  40.6 22.5 22.5  0.0   0  41.5   51.8 326  326    0    0  265  488  223
 4 1993  68.8 28.2 28.2  0.0   0  96.9  148.7 336  336    0    0  273  449  176
 5 1994  86.2 17.4 16.8  0.6   3  84.7  233.4 347  340  540  200  268  552  284
 6 1995 101.5 15.3 14.4  0.9   5  90.2  323.7 370  360  518  158  294  522  228
 7 1996 114.7 13.2 12.6  0.6   4  89.7  413.3 372  364  537  173  263  541  278
 8 1997 125.5 10.8  8.1  2.7  24  81.5  494.8 416  374  545  171  301  578  277
 9 1998 131.2  5.7  4.5  1.2  21  46.0  540.8 414  366  598  232  307  618  311
10 1999 138.7  7.5  4.8  2.7  36  63.6  604.4 473  428  553  125  359  614  255
11 2000 147.7  9.0  7.2  1.8  20  81.0  685.3 413  376  564  188  321  611  290
12 2001 156.4  8.7  6.3  2.4  27  83.1  768.5 425  368  576  208  287  636  349
13 2002 163.0  6.6  4.5  2.1  31  66.2  834.7 420  332  608  276  282  674  392
14 2003 169.0  6.0  4.2  1.8  30  62.6  897.3 433  364  594  230  327  642  315
15 2004 173.5  4.5  3.3  1.2  26  48.4  945.7 450  384  632  248  318  670  352
16 2005 178.6  5.1  4.2  0.9  17  56.4 1002.1 427  388  610  222  324  652  328
17 2006 182.5  3.9  2.7  1.2  30  44.2 1046.3 450  380  608  228  330  674  344
18 2007 186.4  3.9  2.1  1.8  46  45.2 1091.5 471  402  552  150  364  610  246
19 2008 188.8  2.4  1.2  1.2  50  28.3 1119.8 503  424  583  159  386  687  301
20 2009 190.9  2.1  0.9  1.2  57  25.1 1144.9 503  403  579  176  327  684  357
21 2010 192.1  1.2  0.9  0.3  25  14.4 1159.3 442  404  554  150  350  554  204
22 2011 193.0  0.9  0.6  0.3  33  10.9 1170.2 444  408  515  107  346  515  169
23 2012 193.9  0.9  0.6  0.3  33  10.9 1181.2 512  457  624  167  440  624  184
24 2013 195.7  1.8  0.9  0.9  49  22.0 1203.2 509  431  587  156  401  615  214
25 2014 197.2  1.5  0.9  0.6  40  18.5 1221.7 463  408  547  139  374  591  217
26 2015 198.7  1.5  0.6  0.9  60  18.7 1240.4 528  446  582  136  440  651  211
27 2016 199.6  0.9  0.3  0.6  66  11.3 1251.6 536  482  563   81  482  575   93

Core Length:  198.6 mm
Core Density: 433 kg/m3
Cross-sectional Density:  414 kg/m3
Early/Latewood Threshold: 500 kg/m3
Attenuation Constant: 3.09

ִִִִִִִִִִִִִִִִִִִִִִִִִִִִִִִִִִִִִִִִִִִִִִִִִִִִִִִִִִִִִִִִִִִִִִִִִִִִִִִ
Core : 37
ֲֲֲִִִִִִִִִִִִִִִִִִִִִִִִִִִִִִִִִִִִִִִִִִִִִִִִִִִִִִִִִִִִִִִִִִִִִִִִִִִִ
       ³Widths (mm)              ³ Areas    ³ Densities (kg/m3)
       ³                         ³ (cm‎)    ³
Ring   ³Outer Ring Erly Late   % ³Incr Total³Ring E/Wd L/Wd Unif  Min  Max  Rng
 # Year³ Rad.      Wood Wood  LW ³          ³mean mean mean
ֱֱֱִִִִִִִִִִִִִִִִִִִִִִִִִִִִִִִִִִִִִִִִִִִִִִִִִִִִִִִִִִִִִִִִִִִִִִִִִִִִ

 2 1991   7.3  7.3  6.3  0.0   0   1.7    1.7 325  325    0    0  279  447  168
 3 1992  25.0 17.7 16.8  0.9   5  18.0   19.6 343  333  529  196  285  540  255
 4 1993  46.9 21.9 21.3  0.6   2  49.5   69.1 348  343  524  181  282  536  254
 5 1994  63.4 16.5 15.9  0.6   3  57.2  126.3 359  353  527  174  281  532  251
 6 1995  78.4 15.0 14.4  0.6   4  66.8  193.1 349  341  541  200  294  580  286
 7 1996  90.1 11.7 11.1  0.6   5  61.9  255.0 367  358  532  174  266  538  272
 8 1997 100.9 10.8  9.9  0.9   8  64.8  319.8 392  381  514  133  304  520  216
 9 1998 107.2  6.3  5.1  1.2  19  41.2  361.0 402  367  551  184  299  570  271
10 1999 120.7 13.5 12.3  1.2   8  96.7  457.7 428  420  515   95  323  530  207
11 2000 131.8 11.1  8.4  2.7  24  88.1  545.7 396  357  518  161  261  559  298
12 2001 142.9 11.1  8.4  2.7  24  95.8  641.5 392  351  521  170  270  557  287
13 2002 151.6  8.7  5.1  3.6  41  80.5  722.0 443  370  548  178  294  595  301
14 2003 160.0  8.4  6.0  2.4  28  82.2  804.2 435  391  544  153  327  615  288
15 2004 165.4  5.4  3.6  1.8  33  55.2  859.5 424  362  548  186  303  574  271
16 2005 172.0  6.6  4.8  1.8  27  70.0  929.4 431  392  537  145  339  570  231
17 2006 178.3  6.3  4.2  2.1  33  69.3  998.7 446  400  540  140  288  566  278
18 2007 185.5  7.2  4.8  2.4  33  82.3 1081.0 442  382  561  179  325  577  252
19 2008 193.0  7.5  4.2  3.3  44  89.2 1170.2 449  380  537  157  307  557  250
20 2009 199.0  6.0  3.9  2.1  34  73.9 1244.1 437  390  524  134  319  542  223
21 2010 202.6  3.6  2.4  1.2  33  45.4 1289.5 439  379  559  180  313  588  275
22 2011 205.0  2.4  2.1  0.3  12  30.7 1320.3 395  379  504  125  315  504  189
23 2012 206.8  1.8  1.2  0.6  33  23.3 1343.5 447  415  512   97  337  521  184
24 2013 210.1  3.3  1.8  1.5  45  43.2 1386.8 481  409  567  158  353  600  247
25 2014 213.4  3.3  1.8  1.5  45  43.9 1430.7 461  396  540  144  327  582  255
26 2015 218.2  4.8  3.0  1.8  37  65.1 1495.8 465  425  533  108  335  571  236
27 2016 221.5  3.3  1.8  1.5  45  45.6 1541.3 450  371  546  175  332  584  252

Core Length:  220.5 mm
Core Density: 413 kg/m3
Cross-sectional Density:  418 kg/m3
Early/Latewood Threshold: 500 kg/m3
Attenuation Constant: 3.09

ִִִִִִִִִִִִִִִִִִִִִִִִִִִִִִִִִִִִִִִִִִִִִִִִִִִִִִִִִִִִִִִִִִִִִִִִִִִִִִִ
Core : 47
ֲֲֲִִִִִִִִִִִִִִִִִִִִִִִִִִִִִִִִִִִִִִִִִִִִִִִִִִִִִִִִִִִִִִִִִִִִִִִִִִִִ
       ³Widths (mm)              ³ Areas    ³ Densities (kg/m3)
       ³                         ³ (cm‎)    ³
Ring   ³Outer Ring Erly Late   % ³Incr Total³Ring E/Wd L/Wd Unif  Min  Max  Rng
 # Year³ Rad.      Wood Wood  LW ³          ³mean mean mean
ֱֱֱִִִִִִִִִִִִִִִִִִִִִִִִִִִִִִִִִִִִִִִִִִִִִִִִִִִִִִִִִִִִִִִִִִִִִִִִִִִִ

 3 1992  21.4 21.4 20.4  0.0   0  14.4   14.4 304  304    0    0  258  454  196
 4 1993  48.4 27.0 27.0  0.0   0  59.2   73.6 318  318    0    0  258  416  158
 5 1994  65.2 16.8 16.2  0.6   3  60.0  133.6 332  325  524  199  254  525  271
 6 1995  79.9 14.7 14.1  0.6   4  67.0  200.6 359  351  562  211  270  581  311
 7 1996  96.1 16.2 15.0  1.2   7  89.6  290.1 356  342  542  200  253  564  311
 8 1997 109.9 13.8 12.3  1.5  10  89.3  379.4 358  337  529  192  268  555  287
 9 1998 119.5  9.6  8.1  1.5  15  69.2  448.6 366  334  541  207  259  561  302
10 1999 132.4 12.9 10.8  2.1  16 102.1  550.7 376  347  527  180  259  551  292
11 2000 149.5 17.1 14.4  2.7  15 151.4  702.2 370  341  521  180  267  546  279
12 2001 165.4 15.9 15.0  0.9   5 157.3  859.5 355  344  536  192  268  583  315
13 2002 177.1 11.7 10.2  1.5  12 125.9  985.3 363  338  530  192  273  567  294
14 2003 185.8  8.7  7.5  1.2  13  99.2 1084.5 366  336  550  214  280  597  317
15 2004 194.2  8.4  7.2  1.2  14 100.3 1184.8 373  345  543  198  296  567  271
16 2005 204.1  9.9  9.0  0.9   9 123.9 1308.7 357  338  545  207  299  587  288
17 2006 209.5  5.4  3.9  1.5  27  70.2 1378.9 403  343  559  216  284  614  330
18 2007 215.2  5.7  4.5  1.2  21  76.1 1454.9 391  346  561  215  306  610  304
19 2008 219.4  4.2  3.3  0.9  21  57.3 1512.2 399  352  574  222  293  610  317
20 2009 224.8  5.4  3.6  1.8  33  75.4 1587.6 435  369  568  199  315  615  300
21 2010 230.5  5.7  4.2  1.5  26  81.5 1669.1 415  373  534  161  304  554  250
22 2011 235.0  4.5  3.9  0.6  13  65.8 1734.9 371  350  512  162  291  513  222
23 2012 239.5  4.5  3.6  0.9  20  67.1 1802.0 383  338  562  224  278  599  321
24 2013 244.6  5.1  3.0  2.1  41  77.6 1879.6 450  367  569  202  324  628  304
25 2014 250.9  6.3  6.0  0.3   4  98.1 1977.7 393  384  581  197  310  581  271
26 2015 256.0  5.1  3.3  1.8  35  81.2 2058.9 439  364  576  212  303  636  333
27 2016 258.7  2.7  2.1  0.6  22  43.7 2102.5 402  360  550  190  328  569  241

Core Length:  257.7 mm
Core Density: 377 kg/m3
Cross-sectional Density:  377 kg/m3
Early/Latewood Threshold: 500 kg/m3
Attenuation Constant: 3.09

ִִִִִִִִִִִִִִִִִִִִִִִִִִִִִִִִִִִִִִִִִִִִִִִִִִִִִִִִִִִִִִִִִִִִִִִִִִִִִִִ
Core : 58
ֲֲֲִִִִִִִִִִִִִִִִִִִִִִִִִִִִִִִִִִִִִִִִִִִִִִִִִִִִִִִִִִִִִִִִִִִִִִִִִִִִ
       ³Widths (mm)              ³ Areas    ³ Densities (kg/m3)
       ³                         ³ (cm‎)    ³
Ring   ³Outer Ring Erly Late   % ³Incr Total³Ring E/Wd L/Wd Unif  Min  Max  Rng
 # Year³ Rad.      Wood Wood  LW ³          ³mean mean mean
ֱֱֱִִִִִִִִִִִִִִִִִִִִִִִִִִִִִִִִִִִִִִִִִִִִִִִִִִִִִִִִִִִִִִִִִִִִִִִִִִִִ

 1 1990   6.0  6.0  6.0  0.0   0   1.1    1.1 319  319    0    0  197  414  217
 2 1991  15.9  9.9  9.9  0.0   0   6.8    7.9 349  349    0    0  292  444  152
 3 1992  36.9 21.0 20.4  0.6   2  34.8   42.8 347  342  510  168  289  512  223
 4 1993  61.5 24.6 24.6  0.0   0  76.0  118.8 350  350    0    0  272  484  212
 5 1994  75.3 13.8 12.0  1.8  13  59.3  178.1 401  373  586  213  263  613  350
 6 1995  85.8 10.5  9.0  1.5  14  53.1  231.3 428  402  586  184  328  674  346
 7 1996  95.1  9.3  8.4  0.9   9  52.9  284.1 389  375  518  143  313  537  224
 8 1997 103.8  8.7  6.3  2.4  27  54.4  338.5 445  403  556  153  325  592  267
 9 1998 109.8  6.0  4.8  1.2  20  40.3  378.8 408  366  575  209  298  609  311
10 1999 119.1  9.3  7.2  2.1  22  66.9  445.6 453  429  536  107  341  569  228
11 2000 128.1  9.0  6.9  2.1  23  69.9  515.5 443  397  597  200  297  625  328
12 2001 139.5 11.4  6.9  4.5  39  95.8  611.4 448  387  541  154  315  605  290
13 2002 147.9  8.4  5.1  3.3  39  75.8  687.2 444  353  584  231  286  677  391
14 2003 155.1  7.2  5.1  2.1  29  68.5  755.7 447  402  556  154  341  623  282
15 2004 160.8  5.7  3.6  2.1  36  56.6  812.3 458  386  583  197  306  643  337
16 2005 168.9  8.1  5.1  3.0  37  83.9  896.2 458  396  564  168  310  621  311
17 2006 174.9  6.0  3.6  2.4  40  64.8  961.0 468  402  568  166  311  614  303
18 2007 180.3  5.4  3.9  1.5  27  60.3 1021.3 454  401  591  190  326  636  310
19 2008 186.3  6.0  2.7  3.3  55  69.1 1090.4 482  385  561  176  317  622  305
20 2009 191.7  5.4  2.4  3.0  55  64.1 1154.5 508  393  600  207  346  646  300
21 2010 196.2  4.5  2.4  2.1  46  54.8 1209.3 479  413  553  140  340  593  253
22 2011 198.9  2.7  1.5  1.2  44  33.5 1242.9 450  383  534  151  346  566  220
23 2012 201.6  2.7  2.1  0.6  22  34.0 1276.8 445  412  559  147  337  594  257
24 2013 205.2  3.6  1.5  2.1  58  46.0 1322.8 486  383  559  176  324  612  288
25 2014 209.4  4.2  2.4  1.8  42  54.7 1377.5 454  402  525  123  336  538  202
26 2015 212.7  3.3  2.1  1.2  36  43.8 1421.3 455  412  530  118  351  580  229
27 2016 216.0  3.3  2.4  0.9  27  44.4 1465.7 427  392  522  130  352  547  195

Core Length:  216.0 mm
Core Density: 433 kg/m3
Cross-sectional Density:  442 kg/m3
Early/Latewood Threshold: 500 kg/m3
Attenuation Constant: 3.09

ִִִִִִִִִִִִִִִִִִִִִִִִִִִִִִִִִִִִִִִִִִִִִִִִִִִִִִִִִִִִִִִִִִִִִִִִִִִִִִִ
Core : 67
ֲֲֲִִִִִִִִִִִִִִִִִִִִִִִִִִִִִִִִִִִִִִִִִִִִִִִִִִִִִִִִִִִִִִִִִִִִִִִִִִִִ
       ³Widths (mm)              ³ Areas    ³ Densities (kg/m3)
       ³                         ³ (cm‎)    ³
Ring   ³Outer Ring Erly Late   % ³Incr Total³Ring E/Wd L/Wd Unif  Min  Max  Rng
 # Year³ Rad.      Wood Wood  LW ³          ³mean mean mean
ֱֱֱִִִִִִִִִִִִִִִִִִִִִִִִִִִִִִִִִִִִִִִִִִִִִִִִִִִִִִִִִִִִִִִִִִִִִִִִִִִִ

 2 1991  11.8 11.8  7.8  0.0   0   4.4    4.4 342  342    0    0  292  452  160
 3 1992  31.3 19.5 19.5  0.0   0  26.4   30.8 322  322    0    0  260  486  226
 4 1993  54.7 23.4 23.4  0.0   0  63.2   94.0 339  339    0    0  253  499  246
 5 1994  73.3 18.6 16.8  1.8   9  74.8  168.8 366  344  572  228  254  607  353
 6 1995  90.1 16.8 15.0  1.8  10  86.2  255.0 379  358  553  195  299  591  292
 7 1996 104.2 14.1 11.7  2.4  17  86.1  341.1 371  340  522  182  264  566  302
 8 1997 116.2 12.0  8.7  3.3  27  83.1  424.2 412  358  554  196  283  605  322
 9 1998 124.0  7.8  6.9  0.9  11  58.9  483.1 380  357  560  203  297  584  287
10 1999 132.1  8.1  5.4  2.7  33  65.2  548.2 442  381  563  182  350  617  267
11 2000 139.3  7.2  5.4  1.8  25  61.4  609.6 427  375  584  209  303  615  312
12 2001 148.6  9.3  6.3  3.0  32  84.1  693.7 452  384  596  212  314  629  315
13 2002 158.8 10.2  5.1  5.1  50  98.5  792.2 491  383  599  216  303  670  367
14 2003 166.9  8.1  5.4  2.7  33  82.9  875.1 471  406  601  195  358  651  293
15 2004 174.1  7.2  4.2  3.0  41  77.1  952.2 461  372  584  212  322  620  298
16 2005 182.5  8.4  5.1  3.3  39  94.1 1046.3 487  414  600  186  348  656  308
17 2006 187.6  5.1  3.0  2.1  41  59.3 1105.6 482  418  574  156  376  603  227
18 2007 192.4  4.8  3.3  1.5  31  57.3 1162.9 453  398  573  175  350  601  251
19 2008 196.6  4.2  2.1  2.1  50  51.3 1214.3 462  387  538  151  347  600  253
20 2009 203.2  6.6  3.3  3.3  49  82.9 1297.2 479  398  560  162  338  599  261
21 2010 210.4  7.2  4.5  2.7  37  93.6 1390.7 491  421  609  188  341  679  338
22 2011 214.3  3.9  1.8  2.1  53  52.0 1442.8 508  419  585  166  367  632  265
23 2012 217.3  3.0  1.2  1.8  60  40.7 1483.4 518  409  592  183  356  628  272
24 2013 222.1  4.8  2.1  2.7  56  66.3 1549.7 553  438  642  204  396  706  310
25 2014 225.7  3.6  1.2  2.4  66  50.6 1600.3 539  437  591  154  412  650  238
26 2015 228.1  2.4  0.9  1.5  62  34.2 1634.6 513  437  559  122  423  606  183

Core Length:  225.0 mm
Core Density: 445 kg/m3
Cross-sectional Density:  449 kg/m3
Early/Latewood Threshold: 500 kg/m3
Attenuation Constant: 3.09

ִִִִִִִִִִִִִִִִִִִִִִִִִִִִִִִִִִִִִִִִִִִִִִִִִִִִִִִִִִִִִִִִִִִִִִִִִִִִִִִ
Core : 69
ֲֲֲִִִִִִִִִִִִִִִִִִִִִִִִִִִִִִִִִִִִִִִִִִִִִִִִִִִִִִִִִִִִִִִִִִִִִִִִִִִִ
       ³Widths (mm)              ³ Areas    ³ Densities (kg/m3)
       ³                         ³ (cm‎)    ³
Ring   ³Outer Ring Erly Late   % ³Incr Total³Ring E/Wd L/Wd Unif  Min  Max  Rng
 # Year³ Rad.      Wood Wood  LW ³          ³mean mean mean
ֱֱֱִִִִִִִִִִִִִִִִִִִִִִִִִִִִִִִִִִִִִִִִִִִִִִִִִִִִִִִִִִִִִִִִִִִִִִִִִִִִ

 4 1993  33.9 33.9 18.9  0.0   0  36.1   36.1 312  312    0    0  224  436  212
 5 1994  54.0 20.1 19.8  0.3   1  55.5   91.6 329  326  503  177  240  503  263
 6 1995  73.8 19.8 19.8  0.0   0  79.5  171.1 312  312    0    0  253  484  231
 7 1996  95.4 21.6 19.2  2.4  11 114.8  285.9 371  350  536  186  243  561  318
 8 1997 114.0 18.6 16.2  2.4  12 122.4  408.3 399  380  527  147  314  564  250
 9 1998 124.5 10.5 10.5  0.0   0  78.7  487.0 369  369    0    0  300  496  196
10 1999 140.1 15.6 14.4  1.2   7 129.7  616.6 389  378  518  140  306  528  222
11 2000 153.6 13.5 12.6  0.9   6 124.6  741.2 388  378  523  145  268  536  268
12 2001 166.2 12.6 11.4  1.2   9 126.6  867.8 402  386  550  164  276  576  300
13 2002 178.8 12.6  9.3  3.3  26 136.6 1004.3 403  354  541  187  245  589  344
14 2003 185.1  6.3  6.0  0.3   4  72.0 1076.4 389  382  548  166  297  548  251
15 2004 190.2  5.1  3.9  1.2  23  60.1 1136.5 408  355  580  225  282  612  330
16 2005 196.2  6.0  4.5  1.5  25  72.8 1209.3 414  370  546  176  294  574  280
17 2006 204.3  8.1  6.6  1.5  18 101.9 1311.3 415  388  530  142  285  574  289
18 2007 214.5 10.2  7.5  2.7  26 134.2 1445.5 429  379  567  188  311  633  322
19 2008 220.2  5.7  5.1  0.6  10  77.8 1523.3 410  389  583  194  326  635  309
20 2009 225.3  5.1  3.0  2.1  41  71.4 1594.7 458  394  550  156  349  622  273
21 2010 231.0  5.7  5.1  0.6  10  81.7 1676.4 410  387  609  222  319  618  299
22 2011 234.3  3.3  2.7  0.6  18  48.2 1724.6 405  376  537  161  326  573  247
23 2012 237.0  2.7  1.8  0.9  33  40.0 1764.6 409  344  538  194  296  556  260
24 2013 241.2  4.2  2.7  1.5  35  63.1 1827.7 469  390  612  222  362  667  305
25 2014 245.4  4.2  2.1  2.1  50  64.2 1891.9 491  383  600  217  336  653  317
26 2015 251.1  5.7  3.0  2.7  47  88.9 1980.8 487  384  601  217  340  702  362
27 2016 259.8  8.7  4.5  4.2  48 139.6 2120.5 488  391  592  201  313  636  323

Core Length:  244.8 mm
Core Density: 406 kg/m3
Cross-sectional Density:  409 kg/m3
Early/Latewood Threshold: 500 kg/m3
Attenuation Constant: 3.09

ִִִִִִִִִִִִִִִִִִִִִִִִִִִִִִִִִִִִִִִִִִִִִִִִִִִִִִִִִִִִִִִִִִִִִִִִִִִִִִִ
Core : 79
ֲֲֲִִִִִִִִִִִִִִִִִִִִִִִִִִִִִִִִִִִִִִִִִִִִִִִִִִִִִִִִִִִִִִִִִִִִִִִִִִִִ
       ³Widths (mm)              ³ Areas    ³ Densities (kg/m3)
       ³                         ³ (cm‎)    ³
Ring   ³Outer Ring Erly Late   % ³Incr Total³Ring E/Wd L/Wd Unif  Min  Max  Rng
 # Year³ Rad.      Wood Wood  LW ³          ³mean mean mean
ֱֱֱִִִִִִִִִִִִִִִִִִִִִִִִִִִִִִִִִִִִִִִִִִִִִִִִִִִִִִִִִִִִִִִִִִִִִִִִִִִִ

 1 1990   5.1  5.1  5.1  0.0   0   0.8    0.8 312  312    0    0  244  361  117
 2 1991  19.5 14.4 14.4  0.0   0  11.1   11.9 345  345    0    0  266  455  189
 3 1992  44.4 24.9 24.9  0.0   0  50.0   61.9 284  284    0    0  220  435  215
 4 1993  71.7 27.3 27.3  0.0   0  99.6  161.5 332  332    0    0  251  470  219
 5 1994  86.4 14.7 14.4  0.3   2  73.0  234.5 357  354  510  156  245  510  265
 6 1995 104.1 17.7 17.4  0.3   1 105.9  340.4 365  362  524  162  269  524  255
 7 1996 119.1 15.0 14.7  0.3   2 105.2  445.6 358  355  503  148  251  503  252
 8 1997 133.5 14.4 13.5  0.9   6 114.3  559.9 372  363  510  147  249  526  277
 9 1998 141.6  8.1  6.9  1.2  14  70.0  629.9 389  366  521  155  254  545  291
10 1999 153.3 11.7  9.6  2.1  17 108.4  738.3 424  397  552  155  310  591  281
11 2000 164.4 11.1  8.1  3.0  27 110.8  849.1 396  343  541  198  275  596  321
12 2001 172.5  8.1  5.4  2.7  33  85.7  934.8 418  356  542  186  287  606  319
13 2002 179.1  6.6  5.4  1.2  18  72.9 1007.7 385  340  586  246  264  653  389
14 2003 185.1  6.0  4.8  1.2  20  68.7 1076.4 410  369  570  201  309  610  301
15 2004 189.0  3.9  3.3  0.6  15  45.8 1122.2 376  342  561  219  298  611  313
16 2005 194.7  5.7  3.9  1.8  31  68.7 1190.9 419  360  546  186  306  600  294
17 2006 199.5  4.8  2.7  2.1  43  59.4 1250.4 437  360  537  177  298  573  275
18 2007 205.2  5.7  4.2  1.5  26  72.5 1322.8 425  366  589  223  289  608  319
19 2008 210.9  5.7  3.6  2.1  36  74.5 1397.3 439  360  574  214  280  608  328
20 2009 216.3  5.4  4.2  1.2  22  72.5 1469.8 418  373  576  203  308  619  311
21 2010 220.5  4.2  3.3  0.9  21  57.6 1527.5 417  381  549  168  299  593  294
22 2011 223.8  3.3  2.1  1.2  36  46.1 1573.5 431  375  528  153  340  561  221
23 2012 225.9  2.1  1.8  0.3  14  29.7 1603.2 402  377  548  171  280  548  268
24 2013 227.7  1.8  1.2  0.6  33  25.7 1628.8 427  372  538  166  320  555  235
25 2014 229.2  1.5  0.9  0.6  40  21.5 1650.4 426  356  531  175  317  563  246
26 2015 230.7  1.5  0.9  0.6  40  21.7 1672.0 440  372  544  172  343  557  214
27 2016 232.5  1.8  1.5  0.3  16  26.2 1698.2 404  373  556  183  313  556  243

Core Length:  232.5 mm
Core Density: 392 kg/m3
Cross-sectional Density:  392 kg/m3
Early/Latewood Threshold: 500 kg/m3
Attenuation Constant: 3.09

ִִִִִִִִִִִִִִִִִִִִִִִִִִִִִִִִִִִִִִִִִִִִִִִִִִִִִִִִִִִִִִִִִִִִִִִִִִִִִִִ
Core : 81
ֲֲֲִִִִִִִִִִִִִִִִִִִִִִִִִִִִִִִִִִִִִִִִִִִִִִִִִִִִִִִִִִִִִִִִִִִִִִִִִִִִ
       ³Widths (mm)              ³ Areas    ³ Densities (kg/m3)
       ³                         ³ (cm‎)    ³
Ring   ³Outer Ring Erly Late   % ³Incr Total³Ring E/Wd L/Wd Unif  Min  Max  Rng
 # Year³ Rad.      Wood Wood  LW ³          ³mean mean mean
ֱֱֱִִִִִִִִִִִִִִִִִִִִִִִִִִִִִִִִִִִִִִִִִִִִִִִִִִִִִִִִִִִִִִִִִִִִִִִִִִִִ

 2 1991   9.4  9.4  8.4  0.0   0   2.8    2.8 359  359    0    0  319  460  141
 3 1992  32.5 23.1 23.1  0.0   0  30.4   33.2 340  340    0    0  290  434  144
 4 1993  62.2 29.7 29.7  0.0   0  88.4  121.5 352  352    0    0  298  439  141
 5 1994  84.4 22.2 22.2  0.0   0 102.2  223.8 367  367    0    0  276  477  201
 6 1995 101.5 17.1 15.9  1.2   7  99.9  323.7 385  373  545  172  336  569  233
 7 1996 118.6 17.1 15.6  1.5   8 118.2  441.9 383  369  534  165  311  556  245
 8 1997 127.9  9.3  7.2  2.1  22  72.0  513.9 423  389  541  152  342  576  234
 9 1998 133.6  5.7  4.8  0.9  15  46.8  560.7 426  404  545  141  341  565  224
10 1999 143.8 10.2  6.0  4.2  41  88.9  649.6 480  426  557  131  368  606  238
11 2000 152.8  9.0  6.6  2.4  26  83.9  733.5 455  416  564  148  351  603  252
12 2001 161.8  9.0  7.2  1.8  20  89.0  822.4 422  393  536  143  314  567  253
13 2002 166.9  5.1  4.2  0.9  17  52.7  875.1 399  368  545  177  296  575  279
14 2003 171.4  4.5  2.7  1.8  40  47.8  922.9 447  397  522  125  337  566  229
15 2004 174.4  3.0  2.7  0.3  10  32.6  955.5 419  402  571  169  316  571  255
16 2005 177.7  3.3  2.4  0.9  27  36.5  992.0 443  403  550  147  325  564  239
17 2006 180.1  2.4  1.8  0.6  25  27.0 1019.0 423  392  517  125  344  527  183
18 2007 181.9  1.8  1.5  0.3  16  20.5 1039.5 431  411  529  118  344  529  185
19 2008 184.3  2.4  1.2  1.2  50  27.6 1067.1 486  401  572  171  364  623  259
20 2009 185.8  1.5  0.9  0.6  40  17.4 1084.5 446  391  529  138  376  530  154
21 2010 187.3  1.5  0.6  0.9  60  17.6 1102.1 483  412  531  119  395  586  191
22 2011 188.2  0.9  0.6  0.3  33  10.6 1112.7 429  388  511  123  350  511  161
23 2012 189.4  1.2  0.6  0.6  50  14.2 1127.0 457  407  507  100  407  510  103
24 2013 190.6  1.2  0.6  0.6  50  14.3 1141.3 483  412  555  143  390  588  198
25 2014 192.1  1.5  0.6  0.9  60  18.0 1159.3 516  424  578  154  403  638  235
26 2015 193.6  1.5  0.9  0.6  40  18.2 1177.5 475  427  547  120  384  562  178
27 2016 194.5  0.9  0.3  0.6  66  11.0 1188.5 520  472  545   73  472  559   87

Core Length:  193.5 mm
Core Density: 432 kg/m3
Cross-sectional Density:  417 kg/m3
Early/Latewood Threshold: 500 kg/m3
Attenuation Constant: 3.09

