File : C:\DENSITOM\KAWERA~2\KAWE22.DAT
Cores :
15
19
26
32
36
38
41
48
57
60
62
65
66

ִִִִִִִִִִִִִִִִִִִִִִִִִִִִִִִִִִִִִִִִִִִִִִִִִִִִִִִִִִִִִִִִִִִִִִִִִִִִִִִ
Core : 15
ֲֲֲִִִִִִִִִִִִִִִִִִִִִִִִִִִִִִִִִִִִִִִִִִִִִִִִִִִִִִִִִִִִִִִִִִִִִִִִִִִִ
       ³Widths (mm)              ³ Areas    ³ Densities (kg/m3)
       ³                         ³ (cm‎)    ³
Ring   ³Outer Ring Erly Late   % ³Incr Total³Ring E/Wd L/Wd Unif  Min  Max  Rng
 # Year³ Rad.      Wood Wood  LW ³          ³mean mean mean
ֱֱֱִִִִִִִִִִִִִִִִִִִִִִִִִִִִִִִִִִִִִִִִִִִִִִִִִִִִִִִִִִִִִִִִִִִִִִִִִִִִ

 2 1991   5.4  5.4  5.4  0.0   0   0.9    0.9 322  322    0    0  258  434  176
 3 1992  24.3 18.9 18.0  0.9   4  17.6   18.6 325  315  526  211  262  543  281
 4 1993  48.3 24.0 22.8  1.2   5  54.7   73.3 342  333  514  181  252  527  275
 5 1994  70.8 22.5 20.4  2.1   9  84.2  157.5 380  361  560  199  289  597  308
 6 1995  94.2 23.4 21.3  2.1   8 121.3  278.8 392  376  555  179  314  597  283
 7 1996 115.5 21.3 19.2  2.1   9 140.3  419.1 394  376  562  186  297  590  293
 8 1997 127.5 12.0 10.8  1.2  10  91.6  510.7 370  355  511  156  291  524  233
 9 1998 134.4  6.9  6.9  0.0   0  56.8  567.5 333  333    0    0  282  459  177
10 1999 138.9  4.5  3.6  0.9  20  38.6  606.1 401  370  522  152  278  542  264
11 2000 141.9  3.0  3.0  0.0   0  26.5  632.6 363  363    0    0  292  467  175
12 2001 144.3  2.4  2.1  0.3  12  21.6  654.2 405  386  539  153  322  539  217
13 2002 147.3  3.0  2.4  0.6  20  27.5  681.6 436  387  629  242  320  641  321
14 2003 151.2  3.9  2.7  1.2  30  36.6  718.2 458  393  604  211  338  654  316
15 2004 155.4  4.2  3.0  1.2  28  40.5  758.7 445  381  604  223  317  659  342
16 2005 160.2  4.8  3.0  1.8  37  47.6  806.3 477  401  602  201  323  664  341
17 2006 163.8  3.6  2.1  1.5  41  36.6  842.9 448  372  554  182  316  663  347
18 2007 167.1  3.3  2.4  0.9  27  34.3  877.2 450  409  560  151  342  647  305
19 2008 172.2  5.1  1.8  3.3  64  54.4  931.6 535  377  621  244  320  709  389
20 2009 176.1  3.9  2.4  1.5  38  42.7  974.2 466  388  592  204  318  658  340
21 2010 178.5  2.4  1.2  1.2  50  26.7 1001.0 447  343  551  208  317  591  274
22 2011 180.0  1.5  1.2  0.3  20  16.9 1017.9 437  410  545  135  375  545  170
23 2012 181.5  1.5  0.9  0.6  40  17.0 1034.9 455  375  575  200  302  613  311
24 2013 183.9  2.4  1.2  1.2  49  27.6 1062.5 481  387  575  188  322  667  345
25 2014 186.3  2.4  1.2  1.2  50  27.9 1090.4 482  374  590  216  315  647  332
26 2015 188.7  2.4  1.8  0.6  24  28.3 1118.6 455  397  629  232  312  637  325
27 2016 190.8  2.1  1.2  0.9  42  25.0 1143.7 442  348  567  219  318  610  292

Core Length:  190.8 mm
Core Density: 420 kg/m3
Cross-sectional Density:  414 kg/m3
Early/Latewood Threshold: 500 kg/m3
Attenuation Constant: 3.09

ִִִִִִִִִִִִִִִִִִִִִִִִִִִִִִִִִִִִִִִִִִִִִִִִִִִִִִִִִִִִִִִִִִִִִִִִִִִִִִִ
Core : 19
ֲֲֲִִִִִִִִִִִִִִִִִִִִִִִִִִִִִִִִִִִִִִִִִִִִִִִִִִִִִִִִִִִִִִִִִִִִִִִִִִִִ
       ³Widths (mm)              ³ Areas    ³ Densities (kg/m3)
       ³                         ³ (cm‎)    ³
Ring   ³Outer Ring Erly Late   % ³Incr Total³Ring E/Wd L/Wd Unif  Min  Max  Rng
 # Year³ Rad.      Wood Wood  LW ³          ³mean mean mean
ֱֱֱִִִִִִִִִִִִִִִִִִִִִִִִִִִִִִִִִִִִִִִִִִִִִִִִִִִִִִִִִִִִִִִִִִִִִִִִִִִִ

 3 1992  19.6 19.6 12.6  0.0   0  12.1   12.1 284  284    0    0  243  414  171
 4 1993  43.3 23.7 23.7  0.0   0  46.8   58.9 294  294    0    0  247  485  238
 5 1994  68.8 25.5 25.5  0.0   0  89.8  148.7 329  329    0    0  259  486  227
 6 1995  83.5 14.7 12.9  1.8  12  70.3  219.0 372  345  563  218  254  585  331
 7 1996 102.4 18.9 18.0  0.9   4 110.4  329.4 381  373  552  179  317  567  250
 8 1997 120.7 18.3 17.4  0.9   4 128.3  457.7 377  369  540  171  291  561  270
 9 1998 136.0 15.3 13.5  1.8  11 123.4  581.1 381  362  521  159  327  541  214
10 1999 148.0 12.0 10.5  1.5  12 107.1  688.1 412  390  564  174  321  593  272
11 2000 157.0  9.0  7.8  1.2  13  86.2  774.4 413  395  526  131  308  538  230
12 2001 163.0  6.0  4.2  1.8  30  60.3  834.7 456  404  575  171  323  622  299
13 2002 169.0  6.0  3.6  2.4  40  62.6  897.3 458  386  567  181  322  621  299
14 2003 174.4  5.4  3.0  2.4  44  58.3  955.5 484  370  627  257  323  740  417
15 2004 181.6  7.2  3.9  3.3  45  80.5 1036.1 492  414  586  172  389  655  266
16 2005 186.1  4.5  3.3  1.2  26  52.0 1088.0 474  417  631  214  361  694  333
17 2006 190.9  4.8  3.3  1.5  31  56.9 1144.9 475  419  597  178  358  686  328
18 2007 194.8  3.9  2.1  1.8  46  47.3 1192.1 506  444  580  136  390  630  240
19 2008 197.2  2.4  0.9  1.5  62  29.6 1221.7 550  451  609  158  420  717  297
20 2009 200.2  3.0  0.9  2.1  70  37.5 1259.2 554  435  606  171  400  704  304
21 2010 203.5  3.3  1.5  1.8  54  41.9 1301.0 531  440  607  167  412  678  266
22 2011 205.9  2.4  0.9  1.5  62  30.9 1331.9 529  444  580  136  389  608  219
23 2012 207.1  1.2  0.3  0.9  75  15.6 1347.4 523  447  548  101  447  584  137
24 2013 208.3  1.2  0.6  0.6  50  15.7 1363.1 516  435  597  162  377  610  233
25 2014 210.1  1.8  0.6  1.2  66  23.7 1386.8 508  420  553  133  413  581  168
26 2015 211.6  1.5  0.6  0.9  60  19.9 1406.6 503  414  562  148  382  644  262
27 2016 212.5  0.9  0.3  0.6  66  12.0 1418.6 529  454  566  112  454  585  131

Core Length:  205.5 mm
Core Density: 453 kg/m3
Cross-sectional Density:  429 kg/m3
Early/Latewood Threshold: 500 kg/m3
Attenuation Constant: 3.09

ִִִִִִִִִִִִִִִִִִִִִִִִִִִִִִִִִִִִִִִִִִִִִִִִִִִִִִִִִִִִִִִִִִִִִִִִִִִִִִִ
Core : 26
ֲֲֲִִִִִִִִִִִִִִִִִִִִִִִִִִִִִִִִִִִִִִִִִִִִִִִִִִִִִִִִִִִִִִִִִִִִִִִִִִִִ
       ³Widths (mm)              ³ Areas    ³ Densities (kg/m3)
       ³                         ³ (cm‎)    ³
Ring   ³Outer Ring Erly Late   % ³Incr Total³Ring E/Wd L/Wd Unif  Min  Max  Rng
 # Year³ Rad.      Wood Wood  LW ³          ³mean mean mean
ֱֱֱִִִִִִִִִִִִִִִִִִִִִִִִִִִִִִִִִִִִִִִִִִִִִִִִִִִִִִִִִִִִִִִִִִִִִִִִִִִִ

 3 1992  15.1 15.1 13.2  0.9   5   7.2    7.2 344  331  522  191  262  547  285
 4 1993  36.4 21.3 20.4  0.9   4  34.5   41.6 365  358  518  160  272  524  252
 5 1994  55.6 19.2 16.2  3.0  15  55.5   97.1 407  380  550  170  297  566  269
 6 1995  77.8 22.2 18.9  3.3  14  93.0  190.2 433  415  540  125  313  585  272
 7 1996 100.9 23.1 21.6  1.5   6 129.7  319.8 411  404  512  108  338  527  189
 8 1997 106.9  6.0  5.1  0.9  15  39.2  359.0 438  420  543  123  372  562  190
 9 1998 109.0  2.1  2.1  0.0   0  14.2  373.3 388  388    0    0  328  492  164
10 1999 110.2  1.2  0.9  0.3  25   8.3  381.5 418  391  500  109  354  500  146
11 2000 112.0  1.8  0.9  0.9  49  12.6  394.1 459  370  548  178  302  575  273
12 2001 114.1  2.1  1.2  0.9  42  14.9  409.0 467  431  516   85  351  529  178
13 2002 116.2  2.1  0.9  1.2  57  15.2  424.2 486  391  557  166  349  618  269
14 2003 121.6  5.4  2.1  3.3  61  40.3  464.5 520  454  562  108  412  617  205
15 2004 124.3  2.7  1.8  0.9  33  20.9  485.4 459  402  574  172  361  625  264
16 2005 126.1  1.8  0.9  0.9  49  14.2  499.6 496  420  573  153  376  608  232
17 2006 128.5  2.4  1.2  1.2  50  19.2  518.7 516  463  569  106  422  624  202
18 2007 130.9  2.4  1.2  1.2  49  19.6  538.3 535  465  605  140  413  646  233
19 2008 134.8  3.9  1.8  2.1  53  32.6  570.9 528  444  601  157  375  625  250
20 2009 136.6  1.8  0.9  0.9  49  15.3  586.2 525  436  614  178  410  652  242
21 2010 138.7  2.1  0.6  1.5  71  18.2  604.4 578  463  624  161  440  671  231
22 2011 140.8  2.1  0.9  1.2  57  18.4  622.8 522  439  585  146  405  629  224
23 2012 142.6  1.8  0.6  1.2  66  16.0  638.8 521  425  570  145  403  621  218
24 2013 144.7  2.1  0.6  1.5  71  19.0  657.8 566  423  624  201  385  694  309
25 2014 147.4  2.7  0.9  1.8  66  24.8  682.6 516  394  576  182  376  622  246
26 2015 149.8  2.4  0.9  1.5  62  22.4  705.0 524  436  577  141  398  640  242
27 2016 151.0  1.2  0.9  0.3  25  11.3  716.3 429  385  559  174  244  559  315

Core Length:  150.0 mm
Core Density: 474 kg/m3
Cross-sectional Density:  459 kg/m3
Early/Latewood Threshold: 500 kg/m3
Attenuation Constant: 3.09

ִִִִִִִִִִִִִִִִִִִִִִִִִִִִִִִִִִִִִִִִִִִִִִִִִִִִִִִִִִִִִִִִִִִִִִִִִִִִִִִ
Core : 32
ֲֲֲִִִִִִִִִִִִִִִִִִִִִִִִִִִִִִִִִִִִִִִִִִִִִִִִִִִִִִִִִִִִִִִִִִִִִִִִִִִִ
       ³Widths (mm)              ³ Areas    ³ Densities (kg/m3)
       ³                         ³ (cm‎)    ³
Ring   ³Outer Ring Erly Late   % ³Incr Total³Ring E/Wd L/Wd Unif  Min  Max  Rng
 # Year³ Rad.      Wood Wood  LW ³          ³mean mean mean
ֱֱֱִִִִִִִִִִִִִִִִִִִִִִִִִִִִִִִִִִִִִִִִִִִִִִִִִִִִִִִִִִִִִִִִִִִִִִִִִִִִ

 3 1992  23.1 23.1 15.9  1.2   5  16.8   16.8 353  341  511  170  283  517  234
 4 1993  50.4 27.3 26.7  0.6   2  63.0   79.8 359  356  502  146  285  502  217
 5 1994  75.6 25.2 22.5  2.7  10  99.8  179.6 382  361  557  196  310  586  276
 6 1995  99.0 23.4 20.7  2.7  11 128.4  307.9 425  412  528  116  336  548  212
 7 1996 118.2 19.2 17.4  1.8   9 131.0  438.9 404  389  545  156  323  581  258
 8 1997 138.3 20.1 17.1  3.0  14 162.0  600.9 416  397  525  128  324  613  289
 9 1998 150.3 12.0 10.2  1.8  15 108.8  709.7 436  421  519   98  366  531  165
10 1999 158.4  8.1  8.1  0.0   0  78.6  788.2 386  386    0    0  304  493  189
11 2000 163.2  4.8  3.9  0.9  18  48.5  836.7 397  370  514  144  296  515  219
12 2001 165.6  2.4  1.8  0.6  25  24.8  861.5 417  368  563  195  311  585  274
13 2002 167.4  1.8  1.2  0.6  33  18.8  880.4 447  366  611  245  340  613  273
14 2003 170.1  2.7  1.2  1.5  55  28.6  909.0 486  385  567  182  357  601  244
15 2004 171.9  1.8  0.9  0.9  49  19.3  928.3 455  362  549  187  339  569  230
16 2005 173.7  1.8  1.5  0.3  16  19.5  947.9 443  409  611  202  340  611  271
17 2006 175.5  1.8  1.2  0.6  33  19.7  967.6 439  402  512  110  328  519  191
18 2007 178.2  2.7  1.5  1.2  44  30.0  997.6 464  388  559  171  329  595  266
19 2008 181.8  3.6  2.1  1.5  41  40.7 1038.3 479  429  548  119  343  582  239
20 2009 183.6  1.8  1.2  0.6  33  20.7 1059.0 436  379  552  173  348  565  217
21 2010 184.8  1.2  0.6  0.6  50  13.9 1072.9 472  414  530  116  359  536  177
22 2011 186.3  1.5  0.9  0.6  40  17.5 1090.4 457  400  543  143  332  554  222
23 2012 187.5  1.2  0.9  0.3  25  14.1 1104.5 431  401  524  123  372  524  152
24 2013 189.3  1.8  0.9  0.9  49  21.3 1125.8 479  407  551  144  356  587  231
25 2014 191.4  2.1  0.9  1.2  57  25.1 1150.9 476  395  537  142  361  565  204
26 2015 192.9  1.5  0.6  0.9  60  18.1 1169.0 521  456  565  109  433  613  180
27 2016 194.1  1.2  1.2  0.0   0  14.6 1183.6 438  438    0    0  367  494  127

Core Length:  188.1 mm
Core Density: 435 kg/m3
Cross-sectional Density:  421 kg/m3
Early/Latewood Threshold: 500 kg/m3
Attenuation Constant: 3.09

ִִִִִִִִִִִִִִִִִִִִִִִִִִִִִִִִִִִִִִִִִִִִִִִִִִִִִִִִִִִִִִִִִִִִִִִִִִִִִִִ
Core : 36
ֲֲֲִִִִִִִִִִִִִִִִִִִִִִִִִִִִִִִִִִִִִִִִִִִִִִִִִִִִִִִִִִִִִִִִִִִִִִִִִִִִ
       ³Widths (mm)              ³ Areas    ³ Densities (kg/m3)
       ³                         ³ (cm‎)    ³
Ring   ³Outer Ring Erly Late   % ³Incr Total³Ring E/Wd L/Wd Unif  Min  Max  Rng
 # Year³ Rad.      Wood Wood  LW ³          ³mean mean mean
ֱֱֱִִִִִִִִִִִִִִִִִִִִִִִִִִִִִִִִִִִִִִִִִִִִִִִִִִִִִִִִִִִִִִִִִִִִִִִִִִִִ

 2 1991  17.3 17.3  9.3  0.0   0   9.4    9.4 404  404    0    0  334  497  163
 3 1992  41.0 23.7 22.5  1.2   5  43.4   52.8 378  370  526  156  314  554  240
 4 1993  70.1 29.1 26.4  2.7   9 101.6  154.4 397  384  524  140  321  538  217
 5 1994  89.3 19.2 16.8  2.4  12  96.1  250.5 416  398  547  149  349  601  252
 6 1995 102.2 12.9 11.7  1.2   9  77.6  328.1 432  421  539  118  391  589  198
 7 1996 117.8 15.6 14.4  1.2   7 107.8  436.0 406  393  556  163  328  602  274
 8 1997 132.5 14.7 12.6  2.1  14 115.6  551.5 425  409  524  115  335  581  246
 9 1998 141.5  9.0  9.0  0.0   0  77.5  629.0 395  395    0    0  319  485  166
10 1999 147.8  6.3  6.3  0.0   0  57.3  686.3 395  395    0    0  288  477  189
11 2000 153.5  5.7  3.9  1.8  31  54.0  740.2 436  383  550  167  279  579  300
12 2001 158.6  5.1  3.6  1.5  29  50.0  790.2 442  388  573  185  299  625  326
13 2002 162.5  3.9  2.1  1.8  46  39.3  829.6 469  372  583  211  304  656  352
14 2003 167.9  5.4  3.0  2.4  44  56.1  885.6 469  398  558  160  346  610  264
15 2004 172.4  4.5  2.7  1.8  40  48.1  933.7 482  408  593  185  341  623  282
16 2005 176.6  4.2  2.4  1.8  42  46.0  979.8 491  419  586  167  336  656  320
17 2006 180.2  3.6  2.4  1.2  33  40.4 1020.1 477  415  600  185  356  643  287
18 2007 184.1  3.9  1.8  2.1  53  44.6 1064.8 502  417  575  158  339  630  291
19 2008 187.7  3.6  1.5  2.1  58  42.0 1106.8 498  405  564  159  352  620  268
20 2009 190.4  2.7  1.2  1.5  55  32.1 1138.9 508  409  586  177  362  631  269
21 2010 194.0  3.6  1.2  2.4  66  43.5 1182.4 515  408  569  161  372  596  224
22 2011 196.4  2.4  0.9  1.5  62  29.4 1211.8 514  443  557  114  406  621  215
23 2012 198.8  2.4  0.9  1.5  62  29.8 1241.6 511  414  570  156  352  615  263
24 2013 200.9  2.1  0.9  1.2  57  26.4 1268.0 534  435  609  174  395  700  305
25 2014 203.3  2.4  0.6  1.8  75  30.5 1298.4 540  396  587  191  391  675  284
26 2015 205.1  1.8  0.3  1.5  83  23.1 1321.5 612  495  635  140  495  709  214
27 2016 207.5  2.4  0.6  1.8  74  31.1 1352.7 562  449  599  150  410  640  230

Core Length:  199.5 mm
Core Density: 469 kg/m3
Cross-sectional Density:  451 kg/m3
Early/Latewood Threshold: 500 kg/m3
Attenuation Constant: 3.09

ִִִִִִִִִִִִִִִִִִִִִִִִִִִִִִִִִִִִִִִִִִִִִִִִִִִִִִִִִִִִִִִִִִִִִִִִִִִִִִִ
Core : 38
ֲֲֲִִִִִִִִִִִִִִִִִִִִִִִִִִִִִִִִִִִִִִִִִִִִִִִִִִִִִִִִִִִִִִִִִִִִִִִִִִִִ
       ³Widths (mm)              ³ Areas    ³ Densities (kg/m3)
       ³                         ³ (cm‎)    ³
Ring   ³Outer Ring Erly Late   % ³Incr Total³Ring E/Wd L/Wd Unif  Min  Max  Rng
 # Year³ Rad.      Wood Wood  LW ³          ³mean mean mean
ֱֱֱִִִִִִִִִִִִִִִִִִִִִִִִִִִִִִִִִִִִִִִִִִִִִִִִִִִִִִִִִִִִִִִִִִִִִִִִִִִִ

 1 1990   2.4  2.4  2.4  0.0   0   0.2    0.2 372  372    0    0  258  497  239
 2 1991   7.2  4.8  4.8  0.0   0   1.4    1.6 352  352    0    0  304  448  144
 3 1992  21.3 14.1 14.1  0.0   0  12.6   14.3 350  350    0    0  289  484  195
 4 1993  42.0 20.7 20.7  0.0   0  41.2   55.4 332  332    0    0  260  464  204
 5 1994  63.3 21.3 20.1  1.2   5  70.5  125.9 350  340  523  183  259  529  270
 6 1995  84.0 20.7 19.8  0.9   4  95.8  221.7 373  366  522  156  320  538  218
 7 1996 103.8 19.8 19.2  0.6   3 116.8  338.5 363  358  549  191  298  556  258
 8 1997 122.7 18.9 18.9  0.0   0 134.5  473.0 369  369    0    0  308  462  154
 9 1998 131.1  8.4  8.4  0.0   0  67.0  540.0 383  383    0    0  293  494  201
10 1999 137.4  6.3  6.3  0.0   0  53.1  593.1 354  354    0    0  306  434  128
11 2000 141.9  4.5  4.5  0.0   0  39.5  632.6 352  352    0    0  288  465  177
12 2001 144.6  2.7  2.7  0.0   0  24.3  656.9 365  365    0    0  287  465  178
13 2002 147.3  2.7  1.8  0.9  33  24.8  681.6 441  357  608  251  308  649  341
14 2003 151.5  4.2  3.6  0.6  14  39.4  721.1 410  389  535  146  310  569  259
15 2004 153.9  2.4  1.8  0.6  24  23.0  744.1 456  402  616  214  344  619  275
16 2005 156.9  3.0  2.7  0.3  10  29.3  773.4 399  380  569  189  309  569  260
17 2006 158.1  1.2  0.9  0.3  25  11.9  785.3 411  382  500  118  353  500  147
18 2007 159.0  0.9  0.9  0.0   0   9.0  794.2 407  407    0    0  341  484  143
19 2008 160.2  1.2  0.6  0.6  49  12.0  806.3 473  370  576  206  358  579  221
20 2009 161.7  1.5  0.9  0.6  40  15.2  821.4 453  373  573  200  330  584  254
21 2010 163.8  2.1  1.2  0.9  42  21.5  842.9 469  397  564  167  347  582  235
22 2011 167.1  3.3  2.1  1.2  36  34.3  877.2 459  396  568  172  334  588  254
23 2012 169.2  2.1  1.5  0.6  28  22.2  899.4 445  407  540  133  347  550  203
24 2013 171.9  2.7  1.5  1.2  44  28.9  928.3 491  414  588  174  338  667  329
25 2014 174.9  3.0  1.8  1.2  40  32.7  961.0 477  400  593  193  342  661  319
26 2015 177.6  2.7  1.5  1.2  44  29.9  990.9 515  440  609  169  392  642  250
27 2016 180.3  2.7  1.8  0.9  33  30.4 1021.3 440  384  554  170  338  612  274

Core Length:  180.3 mm
Core Density: 409 kg/m3
Cross-sectional Density:  394 kg/m3
Early/Latewood Threshold: 500 kg/m3
Attenuation Constant: 3.09

ִִִִִִִִִִִִִִִִִִִִִִִִִִִִִִִִִִִִִִִִִִִִִִִִִִִִִִִִִִִִִִִִִִִִִִִִִִִִִִִ
Core : 41
ֲֲֲִִִִִִִִִִִִִִִִִִִִִִִִִִִִִִִִִִִִִִִִִִִִִִִִִִִִִִִִִִִִִִִִִִִִִִִִִִִִ
       ³Widths (mm)              ³ Areas    ³ Densities (kg/m3)
       ³                         ³ (cm‎)    ³
Ring   ³Outer Ring Erly Late   % ³Incr Total³Ring E/Wd L/Wd Unif  Min  Max  Rng
 # Year³ Rad.      Wood Wood  LW ³          ³mean mean mean
ֱֱֱִִִִִִִִִִִִִִִִִִִִִִִִִִִִִִִִִִִִִִִִִִִִִִִִִִִִִִִִִִִִִִִִִִִִִִִִִִִִ

 3 1992  23.6 23.6 15.6  3.0  12  17.5   17.5 380  353  518  165  265  539  274
 4 1993  49.1 25.5 24.9  0.6   2  58.2   75.7 347  343  505  162  263  506  243
 5 1994  74.3 25.2 22.8  2.4   9  97.7  173.4 370  351  546  195  277  578  301
 6 1995  98.6 24.3 22.2  2.1   8 132.0  305.4 398  384  547  163  343  578  235
 7 1996 119.0 20.4 19.2  1.2   5 139.5  444.9 377  367  539  172  318  547  229
 8 1997 135.8 16.8 15.9  0.9   5 134.5  579.4 392  385  513  128  295  528  233
 9 1998 148.1 12.3 11.7  0.6   4 109.7  689.1 401  395  508  113  317  515  198
10 1999 158.6 10.5  9.3  1.2  11 101.2  790.2 415  401  525  124  321  532  211
11 2000 164.0  5.4  4.5  0.9  16  54.7  845.0 411  386  533  147  310  564  254
12 2001 166.7  2.7  2.7  0.0   0  28.1  873.0 380  380    0    0  334  442  108
13 2002 168.5  1.8  1.2  0.6  33  19.0  892.0 449  396  554  158  345  582  237
14 2003 171.2  2.7  1.5  1.2  44  28.8  920.8 462  396  545  149  361  592  231
15 2004 173.0  1.8  1.2  0.6  33  19.5  940.2 477  409  613  204  377  667  290
16 2005 175.1  2.1  1.8  0.3  14  23.0  963.2 449  425  591  166  352  591  239
17 2006 176.6  1.5  1.2  0.3  20  16.6  979.8 464  434  581  147  370  581  211
18 2007 178.4  1.8  1.2  0.6  33  20.1  999.9 468  406  593  187  359  655  296
19 2008 179.9  1.5  0.9  0.6  40  16.9 1016.7 478  413  575  162  387  579  192
20 2009 180.8  0.9  0.9  0.0   0  10.2 1026.9 461  461    0    0  395  497  102
21 2010 182.0  1.2  0.6  0.6  50  13.7 1040.6 512  478  546   68  466  549   83
22 2011 184.4  2.4  2.1  0.3  12  27.6 1068.2 430  404  615  211  365  615  250
23 2012 186.2  1.8  0.9  0.9  49  21.0 1089.2 476  394  558  164  378  610  232
24 2013 188.0  1.8  0.9  0.9  50  21.2 1110.4 542  444  640  196  412  701  289
25 2014 189.5  1.5  0.9  0.6  40  17.8 1128.2 471  402  573  171  339  599  260
26 2015 191.0  1.5  1.2  0.3  20  17.9 1146.1 448  400  641  241  375  641  266
27 2016 191.9  0.9  0.3  0.6  66  10.8 1156.9 494  386  548  162  386  591  205

Core Length:  186.9 mm
Core Density: 438 kg/m3
Cross-sectional Density:  409 kg/m3
Early/Latewood Threshold: 500 kg/m3
Attenuation Constant: 3.09

ִִִִִִִִִִִִִִִִִִִִִִִִִִִִִִִִִִִִִִִִִִִִִִִִִִִִִִִִִִִִִִִִִִִִִִִִִִִִִִִ
Core : 48
ֲֲֲִִִִִִִִִִִִִִִִִִִִִִִִִִִִִִִִִִִִִִִִִִִִִִִִִִִִִִִִִִִִִִִִִִִִִִִִִִִִ
       ³Widths (mm)              ³ Areas    ³ Densities (kg/m3)
       ³                         ³ (cm‎)    ³
Ring   ³Outer Ring Erly Late   % ³Incr Total³Ring E/Wd L/Wd Unif  Min  Max  Rng
 # Year³ Rad.      Wood Wood  LW ³          ³mean mean mean
ֱֱֱִִִִִִִִִִִִִִִִִִִִִִִִִִִִִִִִִִִִִִִִִִִִִִִִִִִִִִִִִִִִִִִִִִִִִִִִִִִִ

 1 1990   5.4  5.4  5.4  0.0   0   0.9    0.9 363  363    0    0  293  429  136
 2 1991  12.0  6.6  6.6  0.0   0   3.6    4.5 370  370    0    0  327  472  145
 3 1992  31.2 19.2 17.7  1.5   7  26.1   30.6 370  355  546  191  306  592  286
 4 1993  53.7 22.5 20.4  2.1   9  60.0   90.6 377  361  532  171  298  558  260
 5 1994  70.8 17.1 15.9  1.2   7  66.9  157.5 368  355  540  185  240  577  337
 6 1995  90.0 19.2 17.7  1.5   7  97.0  254.5 408  395  559  164  337  612  275
 7 1996 108.0 18.0 16.2  1.8   9 112.0  366.4 409  393  558  165  302  597  295
 8 1997 130.2 22.2 19.2  3.0  13 166.1  532.6 419  401  531  130  323  574  251
 9 1998 144.6 14.4 14.4  0.0   0 124.3  656.9 412  412    0    0  327  497  170
10 1999 156.3 11.7 11.7  0.0   0 110.6  767.5 390  390    0    0  307  485  178
11 2000 162.0  5.7  4.2  1.5  26  57.0  824.5 422  378  544  166  300  565  265
12 2001 171.0  9.0  9.0  0.0   0  94.2  918.6 393  393    0    0  293  498  205
13 2002 177.3  6.3  5.7  0.6   9  68.9  987.6 399  387  517  130  262  521  259
14 2003 186.9  9.6  8.7  0.9   9 109.8 1097.4 421  411  517  106  315  532  217
15 2004 191.4  4.5  3.0  1.5  33  53.5 1150.9 422  371  526  155  302  543  241
16 2005 197.1  5.7  4.2  1.5  26  69.6 1220.5 443  413  529  116  297  558  261
17 2006 201.9  4.8  3.9  0.9  18  60.2 1280.6 418  396  512  116  298  520  222
18 2007 205.2  3.3  2.7  0.6  18  42.2 1322.8 406  383  512  129  307  515  208
19 2008 208.5  3.3  2.7  0.6  18  42.9 1365.7 431  412  517  105  323  532  209
20 2009 211.5  3.0  2.1  0.9  30  39.6 1405.3 447  402  552  150  331  576  245
21 2010 215.1  3.6  2.1  1.5  41  48.2 1453.6 489  423  581  158  331  620  289
22 2011 218.4  3.3  2.7  0.6  18  44.9 1498.5 440  419  533  114  316  554  238
23 2012 220.5  2.1  1.2  0.9  42  29.0 1527.5 472  395  575  180  326  623  297
24 2013 226.2  5.7  2.1  3.6  63  80.0 1607.4 522  405  590  185  337  654  317
25 2014 231.6  5.4  2.1  3.3  61  77.7 1685.1 498  385  570  185  336  640  304
26 2015 234.9  3.3  1.5  1.8  54  48.4 1733.5 508  435  569  134  354  632  278
27 2016 240.0  5.1  2.4  2.7  52  76.1 1809.6 492  407  568  161  350  644  294

Core Length:  240.0 mm
Core Density: 426 kg/m3
Cross-sectional Density:  427 kg/m3
Early/Latewood Threshold: 500 kg/m3
Attenuation Constant: 3.09

ִִִִִִִִִִִִִִִִִִִִִִִִִִִִִִִִִִִִִִִִִִִִִִִִִִִִִִִִִִִִִִִִִִִִִִִִִִִִִִִ
Core : 57
ֲֲֲִִִִִִִִִִִִִִִִִִִִִִִִִִִִִִִִִִִִִִִִִִִִִִִִִִִִִִִִִִִִִִִִִִִִִִִִִִִִ
       ³Widths (mm)              ³ Areas    ³ Densities (kg/m3)
       ³                         ³ (cm‎)    ³
Ring   ³Outer Ring Erly Late   % ³Incr Total³Ring E/Wd L/Wd Unif  Min  Max  Rng
 # Year³ Rad.      Wood Wood  LW ³          ³mean mean mean
ֱֱֱִִִִִִִִִִִִִִִִִִִִִִִִִִִִִִִִִִִִִִִִִִִִִִִִִִִִִִִִִִִִִִִִִִִִִִִִִִִִ

 2 1991  18.0 18.0 15.0  0.0   0  10.2   10.2 344  344    0    0  295  437  142
 3 1992  40.8 22.8 22.5  0.3   1  42.1   52.3 329  327  513  186  275  513  238
 4 1993  64.8 24.0 24.0  0.0   0  79.6  131.9 359  359    0    0  261  494  233
 5 1994  91.2 26.4 25.8  0.6   2 129.4  261.3 356  353  501  148  253  502  249
 6 1995 117.6 26.4 23.4  3.0  11 173.2  434.5 404  389  523  134  289  550  261
 7 1996 141.6 24.0 21.9  2.1   8 195.4  629.9 391  379  523  144  281  543  262
 8 1997 159.9 18.3 18.3  0.0   0 173.3  803.2 391  391    0    0  312  498  186
 9 1998 173.1 13.2 13.2  0.0   0 138.1  941.3 393  393    0    0  288  493  205
10 1999 185.1 12.0 10.8  1.2  10 135.0 1076.4 394  382  505  123  310  510  200
11 2000 194.4  9.3  6.6  2.7  29 110.9 1187.3 410  368  515  147  305  532  227
12 2001 202.5  8.1  6.9  1.2  14 101.0 1288.2 421  398  549  151  330  603  273
13 2002 212.4  9.9  8.1  1.8  18 129.0 1417.3 420  395  529  134  295  555  260
14 2003 225.0 12.6  9.3  3.3  26 173.1 1590.4 416  379  521  142  313  552  239
15 2004 233.7  8.7  6.3  2.4  27 125.4 1715.8 409  365  523  158  304  557  253
16 2005 241.8  8.1  5.4  2.7  33 121.0 1836.8 424  364  545  181  301  575  274
17 2006 248.4  6.6  4.5  2.1  31 101.6 1938.4 439  389  546  157  307  586  279
18 2007 256.2  7.8  5.4  2.4  30 123.6 2062.1 440  396  540  144  321  556  235
19 2008 262.5  6.3  3.9  2.4  38 102.7 2164.8 440  378  539  161  298  567  269
20 2009 267.3  4.8  2.7  2.1  43  79.9 2244.6 438  353  548  195  310  595  285
21 2010 271.5  4.2  3.3  0.9  21  71.1 2315.7 422  389  543  154  301  570  269
22 2011 273.9  2.4  2.1  0.3  12  41.1 2356.9 437  415  591  176  319  591  272
23 2012 276.6  2.7  1.2  1.5  55  46.7 2403.6 452  345  538  193  283  562  279
24 2013 280.8  4.2  2.1  2.1  49  73.5 2477.1 494  405  583  178  323  617  294
25 2014 285.9  5.1  3.0  2.1  41  90.8 2567.9 460  389  561  172  306  620  314
26 2015 291.6  5.7  3.9  1.8  31 103.4 2671.3 445  385  576  191  320  635  315
27 2016 297.0  5.4  3.3  2.1  38  99.9 2771.2 471  402  579  177  332  632  300

Core Length:  294.0 mm
Core Density: 415 kg/m3
Cross-sectional Density:  414 kg/m3
Early/Latewood Threshold: 500 kg/m3
Attenuation Constant: 3.09

ִִִִִִִִִִִִִִִִִִִִִִִִִִִִִִִִִִִִִִִִִִִִִִִִִִִִִִִִִִִִִִִִִִִִִִִִִִִִִִִ
Core : 60
ֲֲֲִִִִִִִִִִִִִִִִִִִִִִִִִִִִִִִִִִִִִִִִִִִִִִִִִִִִִִִִִִִִִִִִִִִִִִִִִִִִ
       ³Widths (mm)              ³ Areas    ³ Densities (kg/m3)
       ³                         ³ (cm‎)    ³
Ring   ³Outer Ring Erly Late   % ³Incr Total³Ring E/Wd L/Wd Unif  Min  Max  Rng
 # Year³ Rad.      Wood Wood  LW ³          ³mean mean mean
ֱֱֱִִִִִִִִִִִִִִִִִִִִִִִִִִִִִִִִִִִִִִִִִִִִִִִִִִִִִִִִִִִִִִִִִִִִִִִִִִִִ

 3 1992  18.9 18.9 17.1  1.8   9  11.2   11.2 408  391  570  179  345  605  260
 4 1993  41.4 22.5 19.2  3.3  14  42.6   53.8 424  405  532  127  350  585  235
 5 1994  57.0 15.6 14.4  1.2   7  48.2  102.1 402  389  556  167  337  607  270
 6 1995  73.2 16.2 14.4  1.8  11  66.3  168.3 427  413  539  126  352  580  228
 7 1996  84.3 11.1 10.5  0.6   5  54.9  223.3 436  430  543  113  383  585  202
 8 1997  98.4 14.1  9.9  4.2  29  80.9  304.2 460  424  547  123  358  571  213
 9 1998 108.9 10.5  9.3  1.2  11  68.4  372.6 416  404  510  106  342  517  175
10 1999 120.3 11.4 11.4  0.0   0  82.1  454.7 377  377    0    0  292  493  201
11 2000 125.1  4.8  4.8  0.0   0  37.0  491.7 364  364    0    0  270  482  212
12 2001 129.0  3.9  3.6  0.3   7  31.1  522.8 381  370  514  144  278  514  236
13 2002 132.0  3.0  2.1  0.9  30  24.6  547.4 397  345  520  175  284  535  251
14 2003 137.7  5.7  4.2  1.5  26  48.3  595.7 422  387  520  133  310  548  238
15 2004 140.1  2.4  2.1  0.3  12  20.9  616.6 417  395  566  171  303  566  263
16 2005 142.2  2.1  1.8  0.3  14  18.6  635.3 405  379  563  184  299  563  264
17 2006 143.7  1.5  0.9  0.6  40  13.5  648.7 444  377  543  166  331  546  215
18 2007 145.5  1.8  0.9  0.9  50  16.4  665.1 472  393  550  157  328  609  281
19 2008 148.2  2.7  1.5  1.2  44  24.9  690.0 450  370  550  180  293  587  294
20 2009 150.0  1.8  1.2  0.6  33  16.9  706.9 468  416  572  156  328  597  269
21 2010 151.2  1.2  0.9  0.3  24  11.4  718.2 450  412  566  154  370  566  196
22 2011 151.8  0.6  0.6  0.0   0   5.7  723.9 446  446    0    0  401  491   90
23 2012 152.7  0.9  0.6  0.3  33   8.6  732.5 455  395  574  179  391  574  183
24 2013 153.9  1.2  0.6  0.6  50  11.6  744.1 504  401  608  207  388  638  250
25 2014 155.7  1.8  0.9  0.9  49  17.5  761.6 481  403  559  156  343  575  232
26 2015 157.8  2.1  0.9  1.2  57  20.7  782.3 473  368  552  184  351  573  222
27 2016 159.0  1.2  0.6  0.6  50  11.9  794.2 476  428  525   97  370  532  162

Core Length:  159.0 mm
Core Density: 434 kg/m3
Cross-sectional Density:  423 kg/m3
Early/Latewood Threshold: 500 kg/m3
Attenuation Constant: 3.09

ִִִִִִִִִִִִִִִִִִִִִִִִִִִִִִִִִִִִִִִִִִִִִִִִִִִִִִִִִִִִִִִִִִִִִִִִִִִִִִִ
Core : 62
ֲֲֲִִִִִִִִִִִִִִִִִִִִִִִִִִִִִִִִִִִִִִִִִִִִִִִִִִִִִִִִִִִִִִִִִִִִִִִִִִִִ
       ³Widths (mm)              ³ Areas    ³ Densities (kg/m3)
       ³                         ³ (cm‎)    ³
Ring   ³Outer Ring Erly Late   % ³Incr Total³Ring E/Wd L/Wd Unif  Min  Max  Rng
 # Year³ Rad.      Wood Wood  LW ³          ³mean mean mean
ֱֱֱִִִִִִִִִִִִִִִִִִִִִִִִִִִִִִִִִִִִִִִִִִִִִִִִִִִִִִִִִִִִִִִִִִִִִִִִִִִִ

 1 1990   7.8  7.8  7.8  0.0   0   1.9    1.9 324  324    0    0  259  493  234
 2 1991  26.7 18.9 18.3  0.6   3  20.5   22.4 318  312  513  201  257  517  260
 3 1992  51.0 24.3 24.3  0.0   0  59.3   81.7 321  321    0    0  247  472  225
 4 1993  77.4 26.4 24.3  2.1   7 106.5  188.2 354  338  530  192  229  546  317
 5 1994 103.5 26.1 24.3  1.8   6 148.3  336.5 358  345  530  185  265  584  319
 6 1995 123.3 19.8 18.6  1.2   6 141.1  477.6 365  353  546  193  256  573  317
 7 1996 141.3 18.0 15.9  2.1  11 149.6  627.2 384  368  510  142  278  526  248
 8 1997 153.3 12.0 10.5  1.5  12 111.1  738.3 387  370  508  138  292  523  231
 9 1998 162.6  9.3  8.7  0.6   6  92.3  830.6 368  357  521  164  276  526  250
10 1999 169.5  6.9  5.7  1.2  17  72.0  902.6 411  385  531  146  304  551  247
11 2000 178.8  9.3  5.4  3.9  41 101.8 1004.3 468  398  564  166  346  619  273
12 2001 185.4  6.6  4.5  2.1  31  75.5 1079.9 432  359  589  230  304  622  318
13 2002 192.0  6.6  4.5  2.1  31  78.3 1158.1 466  413  577  164  378  641  263
14 2003 199.2  7.2  4.5  2.7  37  88.5 1246.6 467  383  607  224  337  651  314
15 2004 206.1  6.9  5.7  1.2  17  87.9 1334.5 439  415  551  136  363  583  220
16 2005 207.9  1.8  1.2  0.6  33  23.4 1357.9 468  410  585  175  397  594  197
17 2006 209.1  1.2  0.9  0.3  25  15.7 1373.6 449  423  529  106  373  529  156
18 2007 210.3  1.2  0.6  0.6  50  15.8 1389.4 505  414  596  182  412  633  221
19 2008 211.8  1.5  0.9  0.6  40  19.9 1409.3 468  408  559  151  395  593  198
20 2009 213.0  1.2  0.6  0.6  49  16.0 1425.3 476  408  544  136  402  570  168
21 2010 213.6  0.6  0.6  0.0   0   8.0 1433.4 403  403    0    0  372  434   62
22 2011 214.5  0.9  0.6  0.3  33  12.1 1445.5 471  411  593  182  380  593  213
23 2012 215.4  0.9  0.9  0.0   0  12.2 1457.6 408  408    0    0  384  448   64
24 2013 216.3  0.9  0.3  0.6  66  12.2 1469.8 468  374  515  141  374  519  145
25 2014 216.9  0.6  0.3  0.3  49   8.2 1478.0 541  421  661  240  421  661  240
26 2015 219.6  2.7  1.2  1.5  55  37.0 1515.0 528  451  590  139  412  642  230
27 2016 221.7  2.1  0.9  1.2  57  29.1 1544.1 504  431  559  128  421  614  193

Core Length:  221.7 mm
Core Density: 427 kg/m3
Cross-sectional Density:  408 kg/m3
Early/Latewood Threshold: 500 kg/m3
Attenuation Constant: 3.09

ִִִִִִִִִִִִִִִִִִִִִִִִִִִִִִִִִִִִִִִִִִִִִִִִִִִִִִִִִִִִִִִִִִִִִִִִִִִִִִִ
Core : 65
ֲֲֲִִִִִִִִִִִִִִִִִִִִִִִִִִִִִִִִִִִִִִִִִִִִִִִִִִִִִִִִִִִִִִִִִִִִִִִִִִִִ
       ³Widths (mm)              ³ Areas    ³ Densities (kg/m3)
       ³                         ³ (cm‎)    ³
Ring   ³Outer Ring Erly Late   % ³Incr Total³Ring E/Wd L/Wd Unif  Min  Max  Rng
 # Year³ Rad.      Wood Wood  LW ³          ³mean mean mean
ֱֱֱִִִִִִִִִִִִִִִִִִִִִִִִִִִִִִִִִִִִִִִִִִִִִִִִִִִִִִִִִִִִִִִִִִִִִִִִִִִִ

 2 1991  17.2 17.2 12.6  0.6   3   9.3    9.3 379  373  516  143  311  518  207
 3 1992  36.1 18.9 18.3  0.6   3  31.6   40.9 363  358  524  166  306  527  221
 4 1993  58.3 22.2 22.2  0.0   0  65.8  106.8 378  378    0    0  300  499  199
 5 1994  75.7 17.4 15.3  2.1  12  73.2  180.0 391  371  538  167  294  570  276
 6 1995  93.4 17.7 15.9  1.8  10  94.0  274.1 427  415  531  116  339  568  229
 7 1996 104.5 11.1  9.6  1.5  13  69.0  343.1 387  367  519  152  315  539  224
 8 1997 115.3 10.8  9.6  1.2  11  74.6  417.6 396  381  517  136  291  537  246
 9 1998 124.3  9.0  6.6  2.4  26  67.7  485.4 412  368  535  167  284  543  259
10 1999 131.8  7.5  4.8  2.7  36  60.3  545.7 429  358  555  197  306  599  293
11 2000 135.7  3.9  3.3  0.6  15  32.8  578.5 402  374  556  182  302  576  274
12 2001 139.9  4.2  2.1  2.1  50  36.4  614.9 487  403  572  169  315  621  306
13 2002 144.7  4.8  2.7  2.1  43  42.9  657.8 461  342  614  272  296  686  390
14 2003 150.7  6.0  4.2  1.8  30  55.7  713.5 431  373  567  194  313  636  323
15 2004 154.3  3.6  2.7  0.9  25  34.5  748.0 434  386  578  192  311  601  290
16 2005 158.5  4.2  2.4  1.8  42  41.3  789.2 478  387  599  212  308  662  354
17 2006 161.5  3.0  1.5  1.5  50  30.2  819.4 479  386  573  187  333  641  308
18 2007 165.4  3.9  2.4  1.5  38  40.1  859.5 458  385  574  189  327  634  307
19 2008 171.4  6.0  2.4  3.6  60  63.5  922.9 490  373  567  194  303  617  314
20 2009 175.9  4.5  2.1  2.4  53  49.1  972.0 486  380  578  198  334  675  341
21 2010 179.5  3.6  1.8  1.8  50  40.2 1012.2 483  374  592  218  329  685  356
22 2011 181.9  2.4  1.2  1.2  49  27.2 1039.5 488  404  572  168  359  617  258
23 2012 183.7  1.8  1.2  0.6  33  20.7 1060.2 404  335  542  207  303  545  242
24 2013 185.5  1.8  0.6  1.2  66  20.9 1081.0 544  392  621  229  339  672  333
25 2014 188.2  2.7  1.2  1.5  55  31.7 1112.7 509  382  611  229  337  670  333
26 2015 191.8  3.6  1.2  2.4  66  43.0 1155.7 534  406  598  192  352  638  286
27 2016 194.8  3.0  1.2  1.8  60  36.4 1192.1 508  385  590  205  352  670  318

Core Length:  190.8 mm
Core Density: 447 kg/m3
Cross-sectional Density:  441 kg/m3
Early/Latewood Threshold: 500 kg/m3
Attenuation Constant: 3.09

ִִִִִִִִִִִִִִִִִִִִִִִִִִִִִִִִִִִִִִִִִִִִִִִִִִִִִִִִִִִִִִִִִִִִִִִִִִִִִִִ
Core : 66
ֲֲֲִִִִִִִִִִִִִִִִִִִִִִִִִִִִִִִִִִִִִִִִִִִִִִִִִִִִִִִִִִִִִִִִִִִִִִִִִִִִ
       ³Widths (mm)              ³ Areas    ³ Densities (kg/m3)
       ³                         ³ (cm‎)    ³
Ring   ³Outer Ring Erly Late   % ³Incr Total³Ring E/Wd L/Wd Unif  Min  Max  Rng
 # Year³ Rad.      Wood Wood  LW ³          ³mean mean mean
ֱֱֱִִִִִִִִִִִִִִִִִִִִִִִִִִִִִִִִִִִִִִִִִִִִִִִִִִִִִִִִִִִִִִִִִִִִִִִִִִִִ

 3 1992  20.5 20.5 16.2  0.3   1  13.2   13.2 376  373  517  144  299  517  218
 4 1993  50.5 30.0 30.0  0.0   0  66.9   80.1 383  383    0    0  287  477  190
 5 1994  75.7 25.2 24.3  0.9   3  99.9  180.0 393  389  507  118  326  510  184
 6 1995 100.0 24.3 21.9  2.4   9 134.1  314.2 400  387  522  135  329  543  214
 7 1996 116.2 16.2 16.2  0.0   0 110.0  424.2 385  385    0    0  303  497  194
 8 1997 135.7 19.5 19.5  0.0   0 154.3  578.5 372  372    0    0  300  459  159
 9 1998 150.7 15.0 15.0  0.0   0 135.0  713.5 366  366    0    0  265  455  190
10 1999 160.6  9.9  9.9  0.0   0  96.8  810.3 409  409    0    0  285  497  212
11 2000 164.5  3.9  3.0  0.9  23  39.8  850.1 377  330  533  203  274  543  269
12 2001 169.9  5.4  4.2  1.2  22  56.7  906.9 407  366  548  182  309  571  262
13 2002 174.1  4.2  2.7  1.5  35  45.4  952.2 419  343  555  212  283  608  325
14 2003 180.4  6.3  4.2  2.1  33  70.2 1022.4 439  385  548  163  329  574  245
15 2004 184.0  3.6  3.0  0.6  16  41.2 1063.6 388  360  528  168  311  546  235
16 2005 187.6  3.6  2.7  0.9  24  42.0 1105.6 422  389  523  134  310  546  236
17 2006 189.7  2.1  2.1  0.0   0  24.9 1130.5 397  397    0    0  311  487  176
18 2007 192.4  2.7  2.4  0.3  11  32.4 1162.9 404  384  565  181  313  565  252
19 2008 196.0  3.6  2.1  1.5  41  43.9 1206.9 439  359  551  192  312  589  277
20 2009 199.9  3.9  1.5  2.4  61  48.5 1255.4 505  376  586  210  340  644  304
21 2010 203.5  3.6  2.7  0.9  24  45.6 1301.0 453  408  589  181  349  636  287
22 2011 206.2  2.7  2.1  0.6  22  34.8 1335.8 426  397  529  132  345  540  195
23 2012 208.9  2.7  1.8  0.9  33  35.2 1371.0 442  389  549  160  314  577  263
24 2013 213.4  4.5  2.1  2.4  53  59.7 1430.7 508  417  587  170  379  622  243
25 2014 220.0  6.6  3.0  3.6  54  89.9 1520.5 496  414  564  150  344  619  275
26 2015 227.2  7.2  3.6  3.6  50 101.2 1621.7 482  413  551  138  354  601  247
27 2016 231.7  4.5  2.7  1.8  40  64.9 1686.6 471  415  554  139  370  586  216

Core Length:  227.7 mm
Core Density: 422 kg/m3
Cross-sectional Density:  418 kg/m3
Early/Latewood Threshold: 500 kg/m3
Attenuation Constant: 3.09

