File : C:\DENSITOM\OTAGOC~1\OCST44.DAT
Cores :
2
6
14
17
18
21
23
25
27
37
48
59
61
68

ִִִִִִִִִִִִִִִִִִִִִִִִִִִִִִִִִִִִִִִִִִִִִִִִִִִִִִִִִִִִִִִִִִִִִִִִִִִִִִִ
Core : 2
ֲֲֲִִִִִִִִִִִִִִִִִִִִִִִִִִִִִִִִִִִִִִִִִִִִִִִִִִִִִִִִִִִִִִִִִִִִִִִִִִִִ
       ³Widths (mm)              ³ Areas    ³ Densities (kg/m3)
       ³                         ³ (cm‎)    ³
Ring   ³Outer Ring Erly Late   % ³Incr Total³Ring E/Wd L/Wd Unif  Min  Max  Rng
 # Year³ Rad.      Wood Wood  LW ³          ³mean mean mean
ֱֱֱִִִִִִִִִִִִִִִִִִִִִִִִִִִִִִִִִִִִִִִִִִִִִִִִִִִִִִִִִִִִִִִִִִִִִִִִִִִִ

 2 1991  23.2 23.2 21.9  0.3   1  16.9   16.9 355  353  504  151  189  504  315
 3 1992  35.5 12.3 12.0  0.3   2  22.7   39.6 358  354  505  151  283  505  222
 4 1993  50.8 15.3 15.3  0.0   0  41.5   81.1 356  356    0    0  291  468  177
 5 1994  65.2 14.4 14.4  0.0   0  52.5  133.6 331  331    0    0  248  489  241
 6 1995  75.4 10.2  9.3  0.9   8  45.1  178.6 398  381  576  195  292  640  348
 7 1996  87.1 11.7  9.6  2.1  17  59.7  238.3 396  364  545  181  323  595  272
 8 1997  99.7 12.6 11.4  1.2   9  73.9  312.3 367  351  524  173  292  567  275
 9 1998 104.2  4.5  3.9  0.6  13  28.8  341.1 443  424  569  145  350  574  224
10 1999 107.5  3.3  2.4  0.9  27  21.9  363.1 444  415  520  105  361  524  163
11 2000 112.0  4.5  3.3  1.2  26  31.0  394.1 457  418  564  146  358  591  233
12 2001 115.6  3.6  3.0  0.6  16  25.7  419.8 424  398  554  156  341  601  260
13 2002 118.0  2.4  2.1  0.3  12  17.6  437.4 432  408  601  193  338  601  263
14 2003 120.7  2.7  1.8  0.9  33  20.2  457.7 476  421  584  163  379  629  250
15 2004 121.9  1.2  0.9  0.3  25   9.1  466.8 488  444  621  177  441  621  180
16 2005 122.8  0.9  0.9  0.0   0   6.9  473.7 441  441    0    0  417  473   56
17 2006 124.0  1.2  0.6  0.6  49   9.3  483.1 485  417  554  137  409  590  181
18 2007 124.9  0.9  0.3  0.6  66   7.0  490.1 522  446  560  114  446  586  140
19 2008 125.8  0.9  0.6  0.3  33   7.1  497.2 465  443  510   67  416  510   94
20 2009 126.7  0.9  0.6  0.3  33   7.1  504.3 510  481  570   89  469  570  101
21 2010 127.3  0.6  0.6  0.0   0   4.8  509.1 400  400    0    0  394  407   13
22 2011 127.9  0.6  0.6  0.0   0   4.8  513.9 445  445    0    0  408  483   75
23 2012 128.5  0.6  0.3  0.3  50   4.8  518.7 456  403  509  106  403  509  106
24 2013 128.8  0.3  0.3  0.0   0   2.4  521.2 429  429    0    0  429  429    0
25 2014 129.4  0.6  0.6  0.0   0   4.9  526.0 403  403    0    0  366  441   75
26 2015 130.0  0.6  0.3  0.3  50   4.9  530.9 533  434  632  198  434  632  198
27 2016 130.6  0.6  0.3  0.3  49   4.9  535.8 486  442  531   89  442  531   89

Core Length:  129.6 mm
Core Density: 434 kg/m3
Cross-sectional Density:  404 kg/m3
Early/Latewood Threshold: 500 kg/m3
Attenuation Constant: 3.16

ִִִִִִִִִִִִִִִִִִִִִִִִִִִִִִִִִִִִִִִִִִִִִִִִִִִִִִִִִִִִִִִִִִִִִִִִִִִִִִִ
Core : 6
ֲֲֲִִִִִִִִִִִִִִִִִִִִִִִִִִִִִִִִִִִִִִִִִִִִִִִִִִִִִִִִִִִִִִִִִִִִִִִִִִִִ
       ³Widths (mm)              ³ Areas    ³ Densities (kg/m3)
       ³                         ³ (cm‎)    ³
Ring   ³Outer Ring Erly Late   % ³Incr Total³Ring E/Wd L/Wd Unif  Min  Max  Rng
 # Year³ Rad.      Wood Wood  LW ³          ³mean mean mean
ֱֱֱִִִִִִִִִִִִִִִִִִִִִִִִִִִִִִִִִִִִִִִִִִִִִִִִִִִִִִִִִִִִִִִִִִִִִִִִִִִִ

 2 1991   9.8  9.8  7.8  0.0   0   3.0    3.0 339  339    0    0  295  406  111
 3 1992  14.9  5.1  5.1  0.0   0   4.0    7.0 347  347    0    0  315  402   87
 4 1993  26.9 12.0 12.0  0.0   0  15.8   22.7 323  323    0    0  277  437  160
 5 1994  46.7 19.8 19.5  0.3   1  45.8   68.5 326  323  503  180  263  503  240
 6 1995  68.6 21.9 19.5  2.4  10  79.3  147.8 372  352  534  182  271  569  298
 7 1996  86.3 17.7 16.2  1.5   8  86.1  234.0 368  353  528  175  276  587  311
 8 1997 100.1 13.8 13.2  0.6   4  80.8  314.8 344  336  523  187  282  530  248
 9 1998 107.9  7.8  6.9  0.9  11  51.0  365.8 405  383  569  186  309  615  306
10 1999 113.9  6.0  5.1  0.9  15  41.8  407.6 442  425  540  115  336  578  242
11 2000 122.3  8.4  7.8  0.6   7  62.3  469.9 381  369  535  166  292  550  258
12 2001 127.7  5.4  4.2  1.2  22  42.4  512.3 394  348  556  208  296  636  340
13 2002 133.4  5.7  5.4  0.3   5  46.8  559.1 391  378  616  238  331  616  285
14 2003 137.3  3.9  3.0  0.9  23  33.2  592.2 416  359  606  247  298  659  361
15 2004 140.9  3.6  2.1  1.5  41  31.5  623.7 492  431  578  147  328  625  297
16 2005 145.7  4.8  4.2  0.6  12  43.2  666.9 389  360  592  232  323  658  335
17 2006 149.0  3.3  2.4  0.9  27  30.6  697.5 483  452  564  112  396  651  255
18 2007 152.3  3.3  2.4  0.9  27  31.2  728.7 435  398  536  138  328  574  246
19 2008 155.3  3.0  1.8  1.2  40  29.0  757.7 448  383  545  162  323  556  233
20 2009 157.4  2.1  1.5  0.6  28  20.6  778.3 434  381  566  185  325  609  284
21 2010 160.1  2.7  1.5  1.2  44  26.9  805.3 463  385  561  176  328  615  287
22 2011 163.4  3.3  2.4  0.9  27  33.5  838.8 431  384  559  175  299  587  288
23 2012 166.4  3.0  1.5  1.5  50  31.1  869.9 500  409  591  182  380  646  266
24 2013 168.8  2.4  1.5  0.9  37  25.3  895.1 462  394  574  180  356  616  260
25 2014 171.8  3.0  1.8  1.2  40  32.1  927.2 462  413  535  122  349  567  218
26 2015 173.9  2.1  0.9  1.2  57  22.8  950.1 543  465  602  137  420  648  228
27 2016 176.3  2.4  1.8  0.6  25  26.4  976.5 432  388  562  174  335  591  256

Core Length:  174.3 mm
Core Density: 416 kg/m3
Cross-sectional Density:  408 kg/m3
Early/Latewood Threshold: 500 kg/m3
Attenuation Constant: 3.16

ִִִִִִִִִִִִִִִִִִִִִִִִִִִִִִִִִִִִִִִִִִִִִִִִִִִִִִִִִִִִִִִִִִִִִִִִִִִִִִִ
Core : 14
ֲֲֲִִִִִִִִִִִִִִִִִִִִִִִִִִִִִִִִִִִִִִִִִִִִִִִִִִִִִִִִִִִִִִִִִִִִִִִִִִִִ
       ³Widths (mm)              ³ Areas    ³ Densities (kg/m3)
       ³                         ³ (cm‎)    ³
Ring   ³Outer Ring Erly Late   % ³Incr Total³Ring E/Wd L/Wd Unif  Min  Max  Rng
 # Year³ Rad.      Wood Wood  LW ³          ³mean mean mean
ֱֱֱִִִִִִִִִִִִִִִִִִִִִִִִִִִִִִִִִִִִִִִִִִִִִִִִִִִִִִִִִִִִִִִִִִִִִִִִִִִִ

 1 1990   4.2  4.2  4.2  0.0   0   0.6    0.6 325  325    0    0  300  360   60
 2 1991  16.5 12.3 12.3  0.0   0   8.0    8.6 303  303    0    0  254  440  186
 3 1992  30.9 14.4 13.8  0.6   4  21.4   30.0 327  319  508  189  265  516  251
 4 1993  47.7 16.8 16.8  0.0   0  41.5   71.5 345  345    0    0  267  483  216
 5 1994  66.9 19.2 18.6  0.6   3  69.1  140.6 326  319  531  212  251  540  289
 6 1995  86.7 19.8 18.3  1.5   7  95.5  236.2 360  342  572  230  263  626  363
 7 1996 105.0 18.3 17.4  0.9   4 110.2  346.4 372  365  509  144  316  514  198
 8 1997 120.6 15.6 15.6  0.0   0 110.6  456.9 340  340    0    0  285  486  201
 9 1998 134.1 13.5 12.9  0.6   4 108.0  564.9 375  366  574  208  322  594  272
10 1999 142.5  8.4  8.1  0.3   3  73.0  637.9 384  379  522  143  296  522  226
11 2000 153.3 10.8 10.8  0.0   0 100.4  738.3 350  350    0    0  284  497  213
12 2001 161.1  7.8  6.9  0.9  11  77.0  815.3 376  357  526  169  318  559  241
13 2002 167.4  6.3  6.0  0.3   4  65.0  880.4 371  361  565  204  317  565  248
14 2003 172.2  4.8  3.9  0.9  18  51.2  931.6 385  344  559  215  308  604  296
15 2004 175.8  3.6  3.0  0.6  16  39.4  970.9 434  413  537  124  306  563  257
16 2005 182.1  6.3  5.7  0.6   9  70.8 1041.8 363  344  547  203  281  570  289
17 2006 185.7  3.6  3.3  0.3   8  41.6 1083.4 412  400  548  148  349  548  199
18 2007 190.2  4.5  4.2  0.3   6  53.1 1136.5 393  383  528  145  341  528  187
19 2008 194.1  3.9  3.0  0.9  23  47.1 1183.6 410  373  534  161  312  551  239
20 2009 197.7  3.6  3.6  0.0   0  44.3 1227.9 352  352    0    0  309  442  133
21 2010 199.8  2.1  2.1  0.0   0  26.2 1254.1 377  377    0    0  302  454  152
22 2011 201.9  2.1  2.1  0.0   0  26.5 1280.6 350  350    0    0  274  453  179
23 2012 203.7  1.8  1.8  0.0   0  22.9 1303.6 395  395    0    0  326  487  161
24 2013 205.2  1.5  1.5  0.0   0  19.3 1322.8 397  397    0    0  343  445  102
25 2014 207.0  1.8  1.8  0.0   0  23.3 1346.1 414  414    0    0  354  466  112
26 2015 208.5  1.5  1.2  0.3  20  19.6 1365.7 448  427  532  105  352  532  180
27 2016 209.7  1.2  1.2  0.0   0  15.8 1381.5 379  379    0    0  328  441  113

Core Length:  209.7 mm
Core Density: 372 kg/m3
Cross-sectional Density:  370 kg/m3
Early/Latewood Threshold: 500 kg/m3
Attenuation Constant: 3.16

ִִִִִִִִִִִִִִִִִִִִִִִִִִִִִִִִִִִִִִִִִִִִִִִִִִִִִִִִִִִִִִִִִִִִִִִִִִִִִִִ
Core : 17
ֲֲֲִִִִִִִִִִִִִִִִִִִִִִִִִִִִִִִִִִִִִִִִִִִִִִִִִִִִִִִִִִִִִִִִִִִִִִִִִִִִ
       ³Widths (mm)              ³ Areas    ³ Densities (kg/m3)
       ³                         ³ (cm‎)    ³
Ring   ³Outer Ring Erly Late   % ³Incr Total³Ring E/Wd L/Wd Unif  Min  Max  Rng
 # Year³ Rad.      Wood Wood  LW ³          ³mean mean mean
ֱֱֱִִִִִִִִִִִִִִִִִִִִִִִִִִִִִִִִִִִִִִִִִִִִִִִִִִִִִִִִִִִִִִִִִִִִִִִִִִִִ

 4 1993  18.6 18.6 17.7  0.9   4  10.9   10.9 346  338  518  180  263  526  263
 5 1994  38.4 19.8 19.8  0.0   0  35.5   46.3 341  341    0    0  279  482  203
 6 1995  51.3 12.9 12.3  0.6   4  36.4   82.7 382  374  540  166  304  577  273
 7 1996  64.2 12.9 10.8  2.1  16  46.8  129.5 393  360  561  201  311  612  301
 8 1997  78.0 13.8 13.2  0.6   4  61.6  191.1 355  347  532  185  298  556  258
 9 1998  86.4  8.4  7.2  1.2  14  43.4  234.5 424  405  543  138  360  606  246
10 1999  92.4  6.0  5.4  0.6  10  33.7  268.2 442  434  520   86  359  534  175
11 2000 100.2  7.8  7.2  0.6   7  47.2  315.4 398  385  553  168  326  586  260
12 2001 105.6  5.4  5.1  0.3   5  34.9  350.3 374  364  537  173  308  537  229
13 2002 111.3  5.7  5.7  0.0   0  38.8  389.2 378  378    0    0  316  495  179
14 2003 114.6  3.3  3.0  0.3   9  23.4  412.6 370  353  539  186  309  539  230
15 2004 116.7  2.1  1.8  0.3  14  15.3  427.9 431  416  517  101  349  517  168
16 2005 120.0  3.3  3.3  0.0   0  24.5  452.4 376  376    0    0  283  496  213
17 2006 121.8  1.8  1.8  0.0   0  13.7  466.1 416  416    0    0  351  472  121
18 2007 123.6  1.8  1.8  0.0   0  13.9  479.9 392  392    0    0  330  456  126
19 2008 125.4  1.8  1.5  0.3  16  14.1  494.0 396  374  507  133  317  507  190
20 2009 127.5  2.1  1.8  0.3  14  16.7  510.7 361  338  500  162  300  500  200
21 2010 129.3  1.8  1.8  0.0   0  14.5  525.2 395  395    0    0  334  486  152
22 2011 132.6  3.3  3.3  0.0   0  27.2  552.4 338  338    0    0  281  423  142
23 2012 134.4  1.8  1.8  0.0   0  15.1  567.5 409  409    0    0  353  486  133
24 2013 135.9  1.5  1.5  0.0   0  12.7  580.2 388  388    0    0  336  463  127
25 2014 137.1  1.2  1.2  0.0   0  10.3  590.5 407  407    0    0  359  447   88
26 2015 138.0  0.9  0.9  0.0   0   7.8  598.3 447  447    0    0  428  462   34
27 2016 138.9  0.9  0.9  0.0   0   7.8  606.1 351  351    0    0  283  422  139

Core Length:  138.9 mm
Core Density: 387 kg/m3
Cross-sectional Density:  385 kg/m3
Early/Latewood Threshold: 500 kg/m3
Attenuation Constant: 3.16

ִִִִִִִִִִִִִִִִִִִִִִִִִִִִִִִִִִִִִִִִִִִִִִִִִִִִִִִִִִִִִִִִִִִִִִִִִִִִִִִ
Core : 18
ֲֲֲִִִִִִִִִִִִִִִִִִִִִִִִִִִִִִִִִִִִִִִִִִִִִִִִִִִִִִִִִִִִִִִִִִִִִִִִִִִִ
       ³Widths (mm)              ³ Areas    ³ Densities (kg/m3)
       ³                         ³ (cm‎)    ³
Ring   ³Outer Ring Erly Late   % ³Incr Total³Ring E/Wd L/Wd Unif  Min  Max  Rng
 # Year³ Rad.      Wood Wood  LW ³          ³mean mean mean
ֱֱֱִִִִִִִִִִִִִִִִִִִִִִִִִִִִִִִִִִִִִִִִִִִִִִִִִִִִִִִִִִִִִִִִִִִִִִִִִִִִ

 2 1991   8.9  8.9  6.9  0.0   0   2.5    2.5 333  333    0    0  272  472  200
 3 1992  21.8 12.9 12.6  0.3   2  12.4   14.9 330  326  515  189  263  515  252
 4 1993  38.0 16.2 16.2  0.0   0  30.4   45.4 345  345    0    0  270  475  205
 5 1994  54.5 16.5 15.6  0.9   5  47.9   93.3 350  340  523  183  265  548  283
 6 1995  69.8 15.3 14.4  0.9   5  59.7  153.1 377  364  594  230  294  639  345
 7 1996  84.5 14.7 12.6  2.1  14  71.3  224.3 370  343  534  191  271  563  292
 8 1997 100.1 15.6 14.4  1.2   7  90.5  314.8 355  338  562  224  300  602  302
 9 1998 107.9  7.8  6.6  1.2  15  51.0  365.8 426  402  555  153  354  640  286
10 1999 113.3  5.4  5.1  0.3   5  37.5  403.3 426  415  606  191  349  606  257
11 2000 122.6  9.3  8.4  0.9   9  68.9  472.2 369  351  538  187  277  561  284
12 2001 129.2  6.6  5.4  1.2  18  52.2  524.4 387  352  544  192  299  616  317
13 2002 135.2  6.0  5.4  0.6  10  49.8  574.3 383  367  533  166  291  537  246
14 2003 140.6  5.4  4.5  0.9  16  46.8  621.0 414  375  607  232  321  634  313
15 2004 143.0  2.4  1.5  0.9  37  21.4  642.4 470  422  551  129  356  570  214
16 2005 149.0  6.0  5.1  0.9  15  55.0  697.5 412  385  563  178  332  613  281
17 2006 151.4  2.4  1.5  0.9  37  22.6  720.1 485  428  582  154  405  606  201
18 2007 155.0  3.6  3.0  0.6  16  34.7  754.8 444  419  571  152  380  586  206
19 2008 158.6  3.6  2.1  1.5  41  35.5  790.2 455  382  559  177  320  584  264
20 2009 163.4  4.8  4.2  0.6  12  48.6  838.8 424  406  552  146  320  572  252
21 2010 167.6  4.2  2.7  1.5  35  43.7  882.5 446  394  540  146  341  590  249
22 2011 175.4  7.8  6.6  1.2  15  84.1  966.5 418  389  580  191  327  606  279
23 2012 179.6  4.2  1.8  2.4  57  46.8 1013.4 518  460  562  102  430  632  202
24 2013 182.9  3.3  2.1  1.2  36  37.6 1050.9 470  424  551  127  366  572  206
25 2014 188.3  5.4  4.2  1.2  22  63.0 1113.9 458  427  566  139  350  603  253
26 2015 191.3  3.0  0.6  2.4  80  35.8 1149.7 553  424  586  162  360  627  267
27 2016 193.7  2.4  1.5  0.9  37  29.0 1178.7 455  403  543  140  343  577  234

Core Length:  191.7 mm
Core Density: 418 kg/m3
Cross-sectional Density:  415 kg/m3
Early/Latewood Threshold: 500 kg/m3
Attenuation Constant: 3.16

ִִִִִִִִִִִִִִִִִִִִִִִִִִִִִִִִִִִִִִִִִִִִִִִִִִִִִִִִִִִִִִִִִִִִִִִִִִִִִִִ
Core : 21
ֲֲֲִִִִִִִִִִִִִִִִִִִִִִִִִִִִִִִִִִִִִִִִִִִִִִִִִִִִִִִִִִִִִִִִִִִִִִִִִִִִ
       ³Widths (mm)              ³ Areas    ³ Densities (kg/m3)
       ³                         ³ (cm‎)    ³
Ring   ³Outer Ring Erly Late   % ³Incr Total³Ring E/Wd L/Wd Unif  Min  Max  Rng
 # Year³ Rad.      Wood Wood  LW ³          ³mean mean mean
ֱֱֱִִִִִִִִִִִִִִִִִִִִִִִִִִִִִִִִִִִִִִִִִִִִִִִִִִִִִִִִִִִִִִִִִִִִִִִִִִִִ

 1 1990   5.1  5.1  5.1  0.0   0   0.8    0.8 360  360    0    0  307  431  124
 2 1991  18.6 13.5 13.5  0.0   0  10.1   10.9 320  320    0    0  254  490  236
 3 1992  38.1 19.5 19.5  0.0   0  34.7   45.6 330  330    0    0  256  474  218
 4 1993  58.5 20.4 20.4  0.0   0  61.9  107.5 346  346    0    0  279  447  168
 5 1994  77.4 18.9 18.3  0.6   3  80.7  188.2 357  351  536  185  283  564  281
 6 1995  97.2 19.8 18.9  0.9   4 108.6  296.8 361  352  553  201  290  578  288
 7 1996 113.4 16.2 15.6  0.6   3 107.2  404.0 370  363  545  182  284  560  276
 8 1997 126.9 13.5 12.9  0.6   4 101.9  505.9 359  350  549  199  292  579  287
 9 1998 134.4  7.5  6.6  0.9  11  61.6  567.5 444  428  554  126  371  636  265
10 1999 140.7  6.3  5.1  1.2  19  54.4  621.9 450  429  539  110  351  607  256
11 2000 147.6  6.9  6.0  0.9  13  62.5  684.4 401  376  572  196  316  587  271
12 2001 152.4  4.8  4.2  0.6  12  45.2  729.7 408  393  507  114  339  511  172
13 2002 156.9  4.5  3.6  0.9  20  43.7  773.4 442  408  578  170  358  627  269
14 2003 161.4  4.5  3.0  1.5  33  45.0  818.4 466  422  554  132  390  669  279
15 2004 163.5  2.1  0.9  1.2  57  21.4  839.8 515  440  572  132  411  647  236
16 2005 168.0  4.5  3.6  0.9  20  46.9  886.7 455  426  572  146  377  652  275
17 2006 170.4  2.4  1.2  1.2  49  25.5  912.2 513  463  563  100  420  670  250
18 2007 172.5  2.1  1.5  0.6  28  22.6  934.8 440  408  519  111  358  523  165
19 2008 174.6  2.1  1.5  0.6  28  22.9  957.7 467  433  551  118  377  574  197
20 2009 176.7  2.1  1.5  0.6  28  23.2  980.9 466  429  559  130  367  610  243
21 2010 178.8  2.1  1.2  0.9  42  23.5 1004.3 482  437  543  106  365  553  188
22 2011 181.2  2.4  1.5  0.9  37  27.1 1031.5 461  405  556  151  350  590  240
23 2012 182.7  1.5  0.3  1.2  80  17.1 1048.6 525  425  550  125  425  589  164
24 2013 184.5  1.8  1.2  0.6  33  20.8 1069.4 480  437  568  131  366  600  234
25 2014 186.6  2.1  0.9  1.2  57  24.5 1093.9 513  447  564  117  422  596  174
26 2015 187.8  1.2  0.3  0.9  75  14.1 1108.0 535  381  586  205  381  640  259
27 2016 189.0  1.2  0.6  0.6  50  14.2 1122.2 477  395  560  165  381  618  237

Core Length:  189.0 mm
Core Density: 434 kg/m3
Cross-sectional Density:  412 kg/m3
Early/Latewood Threshold: 500 kg/m3
Attenuation Constant: 3.16

ִִִִִִִִִִִִִִִִִִִִִִִִִִִִִִִִִִִִִִִִִִִִִִִִִִִִִִִִִִִִִִִִִִִִִִִִִִִִִִִ
Core : 23
ֲֲֲִִִִִִִִִִִִִִִִִִִִִִִִִִִִִִִִִִִִִִִִִִִִִִִִִִִִִִִִִִִִִִִִִִִִִִִִִִִִ
       ³Widths (mm)              ³ Areas    ³ Densities (kg/m3)
       ³                         ³ (cm‎)    ³
Ring   ³Outer Ring Erly Late   % ³Incr Total³Ring E/Wd L/Wd Unif  Min  Max  Rng
 # Year³ Rad.      Wood Wood  LW ³          ³mean mean mean
ֱֱֱִִִִִִִִִִִִִִִִִִִִִִִִִִִִִִִִִִִִִִִִִִִִִִִִִִִִִִִִִִִִִִִִִִִִִִִִִִִִ

 1 1990   6.3  6.3  6.3  0.0   0   1.2    1.2 359  359    0    0  300  453  153
 2 1991  21.3 15.0 14.7  0.3   2  13.0   14.3 346  343  502  159  273  502  229
 3 1992  36.9 15.6 15.3  0.3   1  28.5   42.8 367  364  513  149  312  513  201
 4 1993  52.5 15.6 15.0  0.6   3  43.8   86.6 353  347  509  162  307  518  211
 5 1994  67.5 15.0 14.4  0.6   4  56.5  143.1 365  358  521  163  281  541  260
 6 1995  78.6 11.1 10.2  0.9   8  50.9  194.1 376  360  558  198  299  583  284
 7 1996  91.8 13.2 10.5  2.7  20  70.7  264.7 397  361  535  174  301  581  280
 8 1997 108.0 16.2 14.7  1.5   9 101.7  366.4 370  354  527  173  311  544  233
 9 1998 119.4 11.4 10.2  1.2  10  81.4  447.9 414  395  579  184  335  629  294
10 1999 127.8  8.4  6.9  1.5  17  65.2  513.1 445  417  572  155  350  626  276
11 2000 140.4 12.6 11.4  1.2   9 106.2  619.3 382  360  586  226  292  602  310
12 2001 147.0  6.6  6.3  0.3   4  59.6  678.9 382  376  526  150  294  526  232
13 2002 153.0  6.0  5.1  0.9  15  56.5  735.4 383  358  524  166  304  541  237
14 2003 158.4  5.4  4.2  1.2  22  52.8  788.2 437  398  572  174  349  612  263
15 2004 162.0  3.6  2.7  0.9  25  36.2  824.5 457  427  547  120  368  607  239
16 2005 167.7  5.7  4.8  0.9  15  59.0  883.5 415  385  570  185  324  582  258
17 2006 170.7  3.0  2.4  0.6  20  31.9  915.4 435  417  511   94  364  514  150
18 2007 175.2  4.5  4.5  0.0   0  48.9  964.3 374  374    0    0  301  463  162
19 2008 177.6  2.4  2.1  0.3  12  26.6  990.9 405  391  504  113  341  504  163
20 2009 181.2  3.6  3.0  0.6  16  40.6 1031.5 392  371  501  130  281  502  221
21 2010 185.1  3.9  3.6  0.3   7  44.9 1076.4 398  389  503  114  313  503  190
22 2011 192.9  7.8  7.2  0.6   7  92.6 1169.0 352  337  531  194  271  534  263
23 2012 198.3  5.4  4.8  0.6  11  66.4 1235.4 421  403  561  158  341  601  260
24 2013 202.2  3.9  3.6  0.3   7  49.1 1284.4 408  398  527  129  339  527  188
25 2014 208.8  6.6  5.7  0.9  13  85.2 1369.7 427  405  568  163  354  590  236
26 2015 212.1  3.3  1.8  1.5  45  43.6 1413.3 475  418  543  125  351  604  253
27 2016 215.4  3.3  2.7  0.6  18  44.3 1457.6 432  404  557  153  337  570  233

Core Length:  215.4 mm
Core Density: 398 kg/m3
Cross-sectional Density:  399 kg/m3
Early/Latewood Threshold: 500 kg/m3
Attenuation Constant: 3.16

ִִִִִִִִִִִִִִִִִִִִִִִִִִִִִִִִִִִִִִִִִִִִִִִִִִִִִִִִִִִִִִִִִִִִִִִִִִִִִִִ
Core : 25
ֲֲֲִִִִִִִִִִִִִִִִִִִִִִִִִִִִִִִִִִִִִִִִִִִִִִִִִִִִִִִִִִִִִִִִִִִִִִִִִִִִ
       ³Widths (mm)              ³ Areas    ³ Densities (kg/m3)
       ³                         ³ (cm‎)    ³
Ring   ³Outer Ring Erly Late   % ³Incr Total³Ring E/Wd L/Wd Unif  Min  Max  Rng
 # Year³ Rad.      Wood Wood  LW ³          ³mean mean mean
ֱֱֱִִִִִִִִִִִִִִִִִִִִִִִִִִִִִִִִִִִִִִִִִִִִִִִִִִִִִִִִִִִִִִִִִִִִִִִִִִִִ

 2 1991  15.5 15.5 13.5  0.0   0   7.5    7.5 304  304    0    0  269  415  146
 3 1992  33.5 18.0 18.0  0.0   0  27.7   35.3 313  313    0    0  275  473  198
 4 1993  50.9 17.4 17.4  0.0   0  46.1   81.4 324  324    0    0  285  454  169
 5 1994  67.4 16.5 16.5  0.0   0  61.3  142.7 330  330    0    0  278  460  182
 6 1995  82.1 14.7 14.7  0.0   0  69.0  211.8 339  339    0    0  276  489  213
 7 1996 100.4 18.3 17.7  0.6   3 104.9  316.7 335  329  521  192  259  539  280
 8 1997 120.8 20.4 20.1  0.3   1 141.8  458.4 311  308  508  200  258  508  250
 9 1998 134.0 13.2 12.0  1.2   9 105.7  564.1 365  350  522  172  312  541  229
10 1999 143.9  9.9  9.6  0.3   3  86.4  650.5 388  384  527  143  323  527  204
11 2000 157.4 13.5 13.5  0.0   0 127.8  778.3 314  314    0    0  264  471  207
12 2001 166.1  8.7  8.4  0.3   3  88.4  866.7 335  328  522  194  265  522  257
13 2002 174.5  8.4  8.4  0.0   0  89.9  956.6 342  342    0    0  268  477  209
14 2003 182.6  8.1  6.9  1.2  14  90.9 1047.5 367  340  525  185  276  558  282
15 2004 188.0  5.4  5.4  0.0   0  62.9 1110.4 392  392    0    0  334  488  154
16 2005 197.6  9.6  9.3  0.3   3 116.3 1226.7 339  333  528  195  260  528  268
17 2006 202.1  4.5  4.2  0.3   6  56.5 1283.2 374  364  514  150  297  514  217
18 2007 207.2  5.1  4.8  0.3   5  65.6 1348.7 347  333  560  227  283  560  277
19 2008 213.8  6.6  6.6  0.0   0  87.3 1436.0 361  361    0    0  280  497  217
20 2009 220.1  6.3  6.3  0.0   0  85.9 1521.9 338  338    0    0  269  430  161
21 2010 225.5  5.4  5.1  0.3   5  75.6 1597.5 349  340  503  163  269  503  234
22 2011 232.1  6.6  6.6  0.0   0  94.9 1692.4 302  302    0    0  249  460  211
23 2012 237.8  5.7  5.7  0.0   0  84.1 1776.5 345  345    0    0  258  469  211
24 2013 241.7  3.9  3.9  0.0   0  58.7 1835.3 343  343    0    0  294  449  155
25 2014 245.9  4.2  4.2  0.0   0  64.3 1899.6 342  342    0    0  278  474  196
26 2015 248.6  2.7  2.4  0.3  11  41.9 1941.6 396  383  502  119  328  502  174
27 2016 252.2  3.6  3.0  0.6  16  56.6 1998.2 411  366  636  270  288  676  388

Core Length:  250.2 mm
Core Density: 346 kg/m3
Cross-sectional Density:  344 kg/m3
Early/Latewood Threshold: 500 kg/m3
Attenuation Constant: 3.16

ִִִִִִִִִִִִִִִִִִִִִִִִִִִִִִִִִִִִִִִִִִִִִִִִִִִִִִִִִִִִִִִִִִִִִִִִִִִִִִִ
Core : 27
ֲֲֲִִִִִִִִִִִִִִִִִִִִִִִִִִִִִִִִִִִִִִִִִִִִִִִִִִִִִִִִִִִִִִִִִִִִִִִִִִִִ
       ³Widths (mm)              ³ Areas    ³ Densities (kg/m3)
       ³                         ³ (cm‎)    ³
Ring   ³Outer Ring Erly Late   % ³Incr Total³Ring E/Wd L/Wd Unif  Min  Max  Rng
 # Year³ Rad.      Wood Wood  LW ³          ³mean mean mean
ֱֱֱִִִִִִִִִִִִִִִִִִִִִִִִִִִִִִִִִִִִִִִִִִִִִִִִִִִִִִִִִִִִִִִִִִִִִִִִִִִִ

 2 1991  15.9 15.9 12.9  0.0   0   7.9    7.9 307  307    0    0  251  498  247
 3 1992  34.2 18.3 17.7  0.6   3  28.8   36.7 335  328  537  209  266  546  280
 4 1993  53.7 19.5 19.2  0.3   1  53.8   90.6 330  328  506  178  268  506  238
 5 1994  76.5 22.8 22.2  0.6   2  93.3  183.9 330  325  521  196  263  530  267
 6 1995  92.7 16.2 15.6  0.6   3  86.1  270.0 363  355  588  233  275  620  345
 7 1996 111.0 18.3 15.6  2.7  14 117.1  387.1 370  341  538  197  282  570  288
 8 1997 130.2 19.2 17.1  2.1  10 145.5  532.6 366  344  544  200  273  568  295
 9 1998 145.2 15.0 12.6  2.4  16 129.8  662.3 448  423  581  158  360  621  261
10 1999 156.0 10.8  9.3  1.5  13 102.2  764.5 451  434  558  124  349  620  271
11 2000 168.0 12.0 11.4  0.6   5 122.1  886.7 394  386  560  174  332  573  241
12 2001 174.9  6.9  6.0  0.9  13  74.3  961.0 385  357  570  213  305  592  287
13 2002 180.6  5.7  5.1  0.6  10  63.7 1024.7 416  399  560  161  330  567  237
14 2003 186.3  5.7  4.5  1.2  21  65.7 1090.4 437  399  581  182  351  619  268
15 2004 189.6  3.3  2.7  0.6  18  39.0 1129.3 465  441  574  133  382  595  213
16 2005 195.0  5.4  4.5  0.9  16  65.2 1194.6 426  404  537  133  362  564  202
17 2006 196.5  1.5  1.2  0.3  19  18.4 1213.0 434  404  557  153  358  557  199
18 2007 199.8  3.3  3.0  0.3   9  41.1 1254.1 424  413  533  120  365  533  168
19 2008 202.8  3.0  2.1  0.9  30  37.9 1292.1 428  387  525  138  342  558  216
20 2009 205.2  2.4  2.1  0.3  12  30.8 1322.8 399  384  505  121  342  505  163
21 2010 207.3  2.1  1.8  0.3  14  27.2 1350.0 432  420  501   81  377  501  124
22 2011 210.0  2.7  2.4  0.3  11  35.4 1385.4 405  392  512  120  322  512  190
23 2012 211.5  1.5  0.6  0.9  60  19.9 1405.3 487  427  527  100  419  541  122
24 2013 212.7  1.2  0.9  0.3  25  16.0 1421.3 462  444  515   71  431  515   84
25 2014 214.8  2.1  1.5  0.6  28  28.2 1449.5 447  417  521  104  366  534  168
26 2015 215.7  0.9  0.3  0.6  66  12.2 1461.7 513  377  581  204  377  607  230
27 2016 216.9  1.2  1.2  0.0   0  16.3 1478.0 449  449    0    0  395  498  103

Core Length:  213.9 mm
Core Density: 411 kg/m3
Cross-sectional Density:  401 kg/m3
Early/Latewood Threshold: 500 kg/m3
Attenuation Constant: 3.16

ִִִִִִִִִִִִִִִִִִִִִִִִִִִִִִִִִִִִִִִִִִִִִִִִִִִִִִִִִִִִִִִִִִִִִִִִִִִִִִִ
Core : 37
ֲֲֲִִִִִִִִִִִִִִִִִִִִִִִִִִִִִִִִִִִִִִִִִִִִִִִִִִִִִִִִִִִִִִִִִִִִִִִִִִִִ
       ³Widths (mm)              ³ Areas    ³ Densities (kg/m3)
       ³                         ³ (cm‎)    ³
Ring   ³Outer Ring Erly Late   % ³Incr Total³Ring E/Wd L/Wd Unif  Min  Max  Rng
 # Year³ Rad.      Wood Wood  LW ³          ³mean mean mean
ֱֱֱִִִִִִִִִִִִִִִִִִִִִִִִִִִִִִִִִִִִִִִִִִִִִִִִִִִִִִִִִִִִִִִִִִִִִִִִִִִִ

 4 1993   9.9  9.9  9.9  0.0   0   3.1    3.1 376  376    0    0  322  474  152
 5 1994  23.4 13.5 13.2  0.3   2  14.1   17.2 378  375  543  168  332  543  211
 6 1995  35.7 12.3 11.1  1.2   9  22.8   40.0 420  405  559  154  347  619  272
 7 1996  48.0 12.3 10.2  2.1  17  32.3   72.4 416  390  545  155  342  586  244
 8 1997  57.9  9.9  9.3  0.6   6  32.9  105.3 385  374  544  170  319  558  239
 9 1998  68.1 10.2  8.7  1.5  14  40.4  145.7 419  395  560  165  342  634  292
10 1999  75.6  7.5  6.0  1.5  20  33.9  179.6 426  400  529  129  332  565  233
11 2000  80.7  5.1  4.8  0.3   5  25.0  204.6 364  354  524  170  306  524  218
12 2001  84.6  3.9  3.3  0.6  15  20.3  224.8 373  342  543  201  306  549  243
13 2002  87.0  2.4  2.1  0.3  12  12.9  237.8 364  342  515  173  309  515  206
14 2003  90.0  3.0  2.4  0.6  20  16.7  254.5 392  356  538  182  317  548  231
15 2004  92.4  2.4  1.5  0.9  37  13.8  268.2 459  418  528  110  362  544  182
16 2005  96.0  3.6  3.0  0.6  16  21.3  289.5 395  371  514  143  326  516  190
17 2006  97.5  1.5  0.9  0.6  39   9.1  298.6 484  449  535   86  438  538  100
18 2007  99.0  1.5  1.5  0.0   0   9.3  307.9 432  432    0    0  382  490  108
19 2008 100.2  1.2  1.2  0.0   0   7.5  315.4 411  411    0    0  365  442   77
20 2009 101.4  1.2  0.9  0.3  25   7.6  323.0 396  358  513  155  312  513  201
21 2010 102.9  1.5  1.2  0.3  20   9.6  332.6 425  399  530  131  289  530  241
22 2011 104.7  1.8  1.8  0.0   0  11.7  344.4 387  387    0    0  316  447  131
23 2012 106.5  1.8  1.8  0.0   0  11.9  356.3 430  430    0    0  347  487  140
24 2013 107.7  1.2  0.9  0.3  25   8.1  364.4 447  418  532  114  355  532  177
25 2014 108.9  1.2  1.2  0.0   0   8.2  372.6 432  432    0    0  374  485  111
26 2015 110.4  1.5  0.6  0.9  60  10.3  382.9 507  398  579  181  343  591  248
27 2016 112.2  1.8  1.2  0.6  33  12.6  395.5 460  398  584  186  340  608  268

Core Length:  112.2 mm
Core Density: 415 kg/m3
Cross-sectional Density:  411 kg/m3
Early/Latewood Threshold: 500 kg/m3
Attenuation Constant: 3.16

ִִִִִִִִִִִִִִִִִִִִִִִִִִִִִִִִִִִִִִִִִִִִִִִִִִִִִִִִִִִִִִִִִִִִִִִִִִִִִִִ
Core : 48
ֲֲֲִִִִִִִִִִִִִִִִִִִִִִִִִִִִִִִִִִִִִִִִִִִִִִִִִִִִִִִִִִִִִִִִִִִִִִִִִִִִ
       ³Widths (mm)              ³ Areas    ³ Densities (kg/m3)
       ³                         ³ (cm‎)    ³
Ring   ³Outer Ring Erly Late   % ³Incr Total³Ring E/Wd L/Wd Unif  Min  Max  Rng
 # Year³ Rad.      Wood Wood  LW ³          ³mean mean mean
ֱֱֱִִִִִִִִִִִִִִִִִִִִִִִִִִִִִִִִִִִִִִִִִִִִִִִִִִִִִִִִִִִִִִִִִִִִִִִִִִִִ

 1 1989   3.3  3.3  3.3  0.0   0   0.3    0.3 423  423    0    0  379  456   77
 2 1990   8.4  5.1  5.1  0.0   0   1.9    2.2 407  407    0    0  328  483  155
 3 1991  21.9 13.5 12.9  0.6   4  12.9   15.1 357  350  515  165  287  524  237
 4 1992  39.3 17.4 16.2  1.2   6  33.5   48.5 367  354  554  200  297  592  295
 5 1993  57.6 18.3 16.2  2.1  11  55.7  104.2 397  378  540  162  323  565  242
 6 1994  71.7 14.1 13.2  0.9   6  57.3  161.5 409  399  554  155  345  560  215
 7 1995  86.4 14.7 13.5  1.2   8  73.0  234.5 383  368  562  194  291  610  319
 8 1996 100.2 13.8 12.0  1.8  13  80.9  315.4 397  370  574  204  322  618  296
 9 1997 113.7 13.5 12.0  1.5  11  90.7  406.1 390  372  536  164  327  587  260
10 1998 122.4  8.7  7.8  0.9  10  64.5  470.7 429  415  551  136  386  600  214
11 1999 127.5  5.1  3.9  1.2  23  40.0  510.7 469  447  543   96  374  568  194
12 2000 135.3  7.8  6.6  1.2  15  64.4  575.1 424  400  556  156  363  579  216
13 2001 142.8  7.5  6.3  1.2  16  65.5  640.6 411  382  566  184  338  627  289
14 2002 148.5  5.7  5.1  0.6  10  52.2  692.8 426  408  580  172  350  638  288
15 2003 155.4  6.9  5.7  1.2  17  65.9  758.7 425  391  586  195  352  639  287
16 2004 158.4  3.0  1.8  1.2  40  29.6  788.2 494  438  577  139  416  625  209
17 2005 163.5  5.1  4.2  0.9  17  51.6  839.8 447  418  582  164  376  628  252
18 2006 165.6  2.1  1.5  0.6  28  21.7  861.5 504  453  631  178  376  648  272
19 2007 168.9  3.3  2.7  0.6  18  34.7  896.2 460  438  557  119  383  561  178
20 2008 171.9  3.0  1.8  1.2  40  32.1  928.3 477  414  570  156  373  644  271
21 2009 175.5  3.6  2.4  1.2  33  39.3  967.6 465  403  589  186  350  630  280
22 2010 178.8  3.3  2.1  1.2  36  36.7 1004.3 487  433  581  148  366  671  305
23 2011 183.3  4.5  3.6  0.9  20  51.2 1055.5 429  398  554  156  340  610  270
24 2012 186.6  3.3  1.8  1.5  45  38.3 1093.9 503  441  578  137  408  623  215
25 2013 189.3  2.7  2.1  0.6  22  31.9 1125.8 478  438  616  178  396  657  261
26 2014 193.2  3.9  2.1  1.8  46  46.9 1172.6 507  453  572  119  421  631  210
27 2015 195.6  2.4  0.3  2.1  87  29.3 1202.0 546  407  566  159  407  628  221
28 2016 197.4  1.8  0.9  0.9  49  22.2 1224.2 515  457  573  116  433  585  152

Core Length:  197.4 mm
Core Density: 443 kg/m3
Cross-sectional Density:  435 kg/m3
Early/Latewood Threshold: 500 kg/m3
Attenuation Constant: 3.16

ִִִִִִִִִִִִִִִִִִִִִִִִִִִִִִִִִִִִִִִִִִִִִִִִִִִִִִִִִִִִִִִִִִִִִִִִִִִִִִִ
Core : 59
ֲֲֲִִִִִִִִִִִִִִִִִִִִִִִִִִִִִִִִִִִִִִִִִִִִִִִִִִִִִִִִִִִִִִִִִִִִִִִִִִִִ
       ³Widths (mm)              ³ Areas    ³ Densities (kg/m3)
       ³                         ³ (cm‎)    ³
Ring   ³Outer Ring Erly Late   % ³Incr Total³Ring E/Wd L/Wd Unif  Min  Max  Rng
 # Year³ Rad.      Wood Wood  LW ³          ³mean mean mean
ֱֱֱִִִִִִִִִִִִִִִִִִִִִִִִִִִִִִִִִִִִִִִִִִִִִִִִִִִִִִִִִִִִִִִִִִִִִִִִִִִִ

 4 1992  22.9 22.9 12.0  0.9   3  16.5   16.5 355  339  564  225  290  583  293
 5 1993  39.4 16.5 15.9  0.6   3  32.3   48.8 358  351  539  188  278  547  269
 6 1994  54.1 14.7 14.4  0.3   2  43.2   91.9 351  348  508  160  285  508  223
 7 1995  72.4 18.3 17.4  0.9   4  72.7  164.7 359  348  575  227  284  604  320
 8 1996  89.2 16.8 14.4  2.4  14  85.3  250.0 374  344  554  210  290  626  336
 9 1997 108.7 19.5 18.0  1.5   7 121.2  371.2 368  353  547  194  305  583  278
10 1998 127.3 18.6 16.2  2.4  12 137.9  509.1 389  364  560  196  318  596  278
11 1999 140.8 13.5 12.9  0.6   4 113.7  622.8 391  384  547  163  316  569  253
12 2000 154.0 13.2 12.6  0.6   4 122.3  745.1 358  349  546  197  275  550  275
13 2001 165.4 11.4 10.5  0.9   7 114.4  859.5 370  353  566  213  299  588  289
14 2002 176.5 11.1 10.2  0.9   8 119.2  978.7 363  345  565  220  301  596  295
15 2003 186.4  9.9  8.4  1.5  15 112.9 1091.5 386  353  571  218  302  606  304
16 2004 192.7  6.3  4.8  1.5  23  75.0 1166.6 452  424  541  117  370  589  219
17 2005 202.3  9.6  9.0  0.6   6 119.1 1285.7 351  337  559  222  292  597  305
18 2006 206.8  4.5  3.3  1.2  26  57.8 1343.5 432  383  566  183  339  606  267
19 2007 212.5  5.7  5.7  0.0   0  75.1 1418.6 382  382    0    0  320  487  167
20 2008 217.9  5.4  4.5  0.9  16  73.0 1491.6 399  371  541  170  309  544  235
21 2009 224.5  6.6  5.1  1.5  22  91.7 1583.4 397  354  541  187  301  588  287
22 2010 230.5  6.0  5.1  0.9  15  85.8 1669.1 407  380  562  182  332  566  234
23 2011 238.9  8.4  7.5  0.9  10 123.9 1793.0 373  351  556  205  271  578  307
24 2012 246.1  7.2  6.0  1.2  16 109.7 1902.7 432  411  537  126  337  580  243
25 2013 250.6  4.5  3.9  0.6  13  70.2 1972.9 414  391  563  172  324  602  278
26 2014 256.9  6.3  5.7  0.6   9 100.4 2073.4 388  370  551  181  310  557  247
27 2015 260.5  3.6  2.4  1.2  33  58.5 2131.9 447  404  533  129  358  549  191
28 2016 264.1  3.6  3.6  0.0   0  59.3 2191.2 393  393    0    0  312  488  176

Core Length:  254.4 mm
Core Density: 387 kg/m3
Cross-sectional Density:  386 kg/m3
Early/Latewood Threshold: 500 kg/m3
Attenuation Constant: 3.16

ִִִִִִִִִִִִִִִִִִִִִִִִִִִִִִִִִִִִִִִִִִִִִִִִִִִִִִִִִִִִִִִִִִִִִִִִִִִִִִִ
Core : 61
ֲֲֲִִִִִִִִִִִִִִִִִִִִִִִִִִִִִִִִִִִִִִִִִִִִִִִִִִִִִִִִִִִִִִִִִִִִִִִִִִִִ
       ³Widths (mm)              ³ Areas    ³ Densities (kg/m3)
       ³                         ³ (cm‎)    ³
Ring   ³Outer Ring Erly Late   % ³Incr Total³Ring E/Wd L/Wd Unif  Min  Max  Rng
 # Year³ Rad.      Wood Wood  LW ³          ³mean mean mean
ֱֱֱִִִִִִִִִִִִִִִִִִִִִִִִִִִִִִִִִִִִִִִִִִִִִִִִִִִִִִִִִִִִִִִִִִִִִִִִִִִִ

 1 1991  11.5 11.5 10.5  0.0   0   4.2    4.2 334  334    0    0  282  496  214
 2 1992  24.7 13.2 13.2  0.0   0  15.0   19.2 331  331    0    0  280  494  214
 3 1993  38.5 13.8 13.2  0.6   4  27.4   46.6 336  327  536  209  277  556  279
 4 1994  49.3 10.8  9.9  0.9   8  29.8   76.4 355  339  540  201  277  579  302
 5 1995  61.9 12.6 11.7  0.9   7  44.0  120.4 390  378  552  174  324  577  253
 6 1996  74.5 12.6 11.1  1.5  11  54.0  174.4 372  350  541  191  296  586  290
 7 1997  87.1 12.6 12.0  0.6   4  64.0  238.3 369  359  557  198  296  574  278
 8 1998  96.7  9.6  8.7  0.9   9  55.4  293.8 416  398  596  198  335  659  324
 9 1999 104.2  7.5  6.3  1.2  16  47.3  341.1 462  444  560  116  350  648  298
10 2000 113.2  9.0  7.5  1.5  16  61.5  402.6 393  362  549  187  315  621  306
11 2001 122.2  9.0  7.5  1.5  16  66.6  469.1 402  373  550  177  319  632  313
12 2002 131.5  9.3  8.4  0.9   9  74.1  543.3 397  379  561  182  328  603  275
13 2003 139.3  7.8  6.0  1.8  23  66.4  609.6 423  377  575  198  328  653  325
14 2004 144.7  5.4  3.9  1.5  27  48.2  657.8 489  456  573  117  420  625  205
15 2005 152.5  7.8  6.9  0.9  11  72.8  730.6 390  369  547  178  322  616  294
16 2006 156.7  4.2  2.1  2.1  49  40.8  771.4 505  435  575  140  404  677  273
17 2007 161.2  4.5  3.3  1.2  26  44.9  816.4 467  428  573  145  368  675  307
18 2008 165.4  4.2  2.7  1.5  35  43.1  859.5 445  385  554  169  319  602  283
19 2009 169.6  4.2  3.3  0.9  21  44.2  903.7 416  387  521  134  322  541  219
20 2010 172.9  3.3  2.7  0.6  18  35.5  939.2 445  424  542  118  332  577  245
21 2011 175.3  2.4  1.8  0.6  25  26.3  965.4 438  396  563  167  330  607  277
22 2012 177.1  1.8  0.9  0.9  49  19.9  985.3 494  400  588  188  373  622  249
23 2013 179.2  2.1  1.2  0.9  42  23.5 1008.8 480  398  588  190  309  644  335
24 2014 181.6  2.4  1.2  1.2  50  27.2 1036.1 502  415  589  174  363  627  264
25 2015 183.1  1.5  0.6  0.9  60  17.2 1053.2 540  386  643  257  338  716  378
26 2016 184.3  1.2  0.9  0.3  25  13.9 1067.1 454  405  604  199  331  604  273

Core Length:  183.3 mm
Core Density: 424 kg/m3
Cross-sectional Density:  420 kg/m3
Early/Latewood Threshold: 500 kg/m3
Attenuation Constant: 3.16

ִִִִִִִִִִִִִִִִִִִִִִִִִִִִִִִִִִִִִִִִִִִִִִִִִִִִִִִִִִִִִִִִִִִִִִִִִִִִִִִ
Core : 68
ֲֲֲִִִִִִִִִִִִִִִִִִִִִִִִִִִִִִִִִִִִִִִִִִִִִִִִִִִִִִִִִִִִִִִִִִִִִִִִִִִִ
       ³Widths (mm)              ³ Areas    ³ Densities (kg/m3)
       ³                         ³ (cm‎)    ³
Ring   ³Outer Ring Erly Late   % ³Incr Total³Ring E/Wd L/Wd Unif  Min  Max  Rng
 # Year³ Rad.      Wood Wood  LW ³          ³mean mean mean
ֱֱֱִִִִִִִִִִִִִִִִִִִִִִִִִִִִִִִִִִִִִִִִִִִִִִִִִִִִִִִִִִִִִִִִִִִִִִִִִִִִ

 1 1989   4.6  4.6  3.6  0.0   0   0.7    0.7 398  398    0    0  325  446  121
 2 1990  10.6  6.0  6.0  0.0   0   2.9    3.5 345  345    0    0  277  486  209
 3 1991  23.2 12.6 11.4  1.2   9  13.4   16.9 348  328  536  208  279  569  290
 4 1992  37.0 13.8 12.3  1.5  10  26.1   43.0 407  389  556  167  348  586  238
 5 1993  52.0 15.0 13.8  1.2   7  41.9   84.9 369  357  509  152  299  516  217
 6 1994  67.6 15.6 14.1  1.5   9  58.6  143.6 391  376  537  161  315  568  253
 7 1995  89.2 21.6 19.2  2.4  11 106.4  250.0 400  381  553  172  333  590  257
 8 1996 109.6 20.4 17.4  3.0  14 127.4  377.4 386  363  521  158  300  563  263
 9 1997 125.8 16.2 15.0  1.2   7 119.8  497.2 353  339  533  194  294  572  278
10 1998 142.9 17.1 15.0  2.1  12 144.3  641.5 378  352  564  212  314  594  280
11 1999 153.4 10.5  9.3  1.2  11  97.7  739.3 407  391  532  141  326  579  253
12 2000 164.8 11.4 11.1  0.3   2 114.0  853.2 351  346  553  207  302  553  251
13 2001 174.1  9.3  8.4  0.9   9  99.0  952.2 379  357  583  226  312  629  317
14 2002 182.8  8.7  7.8  0.9  10  97.5 1049.8 382  362  552  190  323  601  278
15 2003 192.1  9.3  7.5  1.8  19 109.5 1159.3 398  356  572  216  305  620  315
16 2004 197.8  5.7  3.3  2.4  42  69.8 1229.1 488  427  571  144  320  635  315
17 2005 208.0 10.2  9.0  1.2  11 130.0 1359.2 377  354  553  199  295  606  311
18 2006 213.4  5.4  3.9  1.5  27  71.5 1430.7 486  435  620  185  388  681  293
19 2007 219.1  5.7  4.8  0.9  15  77.4 1508.1 416  392  539  147  333  597  264
20 2008 224.2  5.1  3.3  1.8  35  71.0 1579.1 437  369  561  192  317  613  296
21 2009 229.9  5.7  4.5  1.2  21  81.3 1660.5 408  371  548  177  318  556  238
22 2010 237.7  7.8  5.7  2.1  26 114.6 1775.0 431  382  566  184  334  652  318
23 2011 245.8  8.1  6.9  1.2  14 123.0 1898.1 387  358  554  196  290  604  314
24 2012 253.6  7.8  4.8  3.0  38 122.4 2020.5 462  406  551  145  353  649  296
25 2013 258.7  5.1  3.9  1.2  23  82.1 2102.5 443  394  604  210  341  653  312
26 2014 265.9  7.2  5.4  1.8  24 118.7 2221.2 424  376  569  193  297  640  343
27 2015 270.4  4.5  2.1  2.4  53  75.8 2297.0 518  427  598  171  357  673  316
28 2016 274.6  4.2  2.4  1.8  42  71.9 2368.9 467  405  550  145  334  670  336

Core Length:  273.6 mm
Core Density: 408 kg/m3
Cross-sectional Density:  409 kg/m3
Early/Latewood Threshold: 500 kg/m3
Attenuation Constant: 3.16

