File : C:\DENSITOM\OTAGOC~1\OCST21.DAT
Cores :
2
3
12
15
17
23
24
26
28
30
42

ִִִִִִִִִִִִִִִִִִִִִִִִִִִִִִִִִִִִִִִִִִִִִִִִִִִִִִִִִִִִִִִִִִִִִִִִִִִִִִִ
Core : 2
ֲֲֲִִִִִִִִִִִִִִִִִִִִִִִִִִִִִִִִִִִִִִִִִִִִִִִִִִִִִִִִִִִִִִִִִִִִִִִִִִִִ
       ³Widths (mm)              ³ Areas    ³ Densities (kg/m3)
       ³                         ³ (cm‎)    ³
Ring   ³Outer Ring Erly Late   % ³Incr Total³Ring E/Wd L/Wd Unif  Min  Max  Rng
 # Year³ Rad.      Wood Wood  LW ³          ³mean mean mean
ֱֱֱִִִִִִִִִִִִִִִִִִִִִִִִִִִִִִִִִִִִִִִִִִִִִִִִִִִִִִִִִִִִִִִִִִִִִִִִִִִִ

 4 1992  12.9 12.9  9.9  0.0   0   5.2    5.2 371  371    0    0  286  479  193
 5 1993  28.8 15.9 15.9  0.0   0  20.8   26.1 344  344    0    0  280  441  161
 6 1994  47.1 18.3 17.4  0.9   4  43.6   69.7 346  337  516  179  287  522  235
 7 1995  60.9 13.8 12.9  0.9   6  46.8  116.5 395  387  513  126  333  519  186
 8 1996  78.0 17.1 15.9  1.2   7  74.6  191.1 375  364  529  165  278  543  265
 9 1997  97.8 19.8 17.7  2.1  10 109.4  300.5 385  367  533  166  316  558  242
10 1998 115.5 17.7 13.8  3.9  22 118.6  419.1 446  419  542  123  370  571  201
11 1999 128.7 13.2 12.0  1.2   9 101.3  520.4 431  419  545  126  353  574  221
12 2000 143.4 14.7 13.8  0.9   6 125.7  646.0 377  366  538  172  300  560  260
13 2001 151.2  7.8  6.9  0.9  11  72.2  718.2 393  372  554  182  325  591  266
14 2002 159.6  8.4  8.4  0.0   0  82.0  800.2 344  344    0    0  290  463  173
15 2003 166.5  6.9  5.7  1.2  17  70.7  870.9 402  370  556  186  318  614  296
16 2004 172.5  6.0  5.1  0.9  15  63.9  934.8 428  410  529  119  343  547  204
17 2005 182.1  9.6  8.4  1.2  12 106.9 1041.8 379  353  556  203  295  582  287
18 2006 187.2  5.1  3.0  2.1  41  59.2 1100.9 462  391  564  173  327  589  262
19 2007 192.6  5.4  4.8  0.6  11  64.4 1165.4 409  392  541  149  322  574  252
20 2008 198.0  5.4  3.9  1.5  27  66.3 1231.6 424  382  534  152  324  586  262
21 2009 204.9  6.9  6.0  0.9  13  87.3 1319.0 426  411  524  113  314  534  220
22 2010 211.5  6.6  5.4  1.2  18  86.3 1405.3 446  415  584  169  356  607  251
23 2011 222.0 10.5  8.7  1.8  17 143.0 1548.3 404  373  555  182  312  592  280
24 2012 229.2  7.2  5.7  1.5  20 102.1 1650.4 453  426  554  128  388  598  210
25 2013 236.1  6.9  5.4  1.5  21 100.9 1751.2 436  402  560  158  353  586  233
26 2014 243.9  7.8  6.9  0.9  11 117.6 1868.8 442  428  552  124  368  612  244
27 2015 248.7  4.8  3.0  1.8  37  74.3 1943.1 486  429  580  151  388  633  245
28 2016 254.4  5.7  4.8  0.9  15  90.1 2033.2 431  408  550  142  349  589  240

Core Length:  251.4 mm
Core Density: 409 kg/m3
Cross-sectional Density:  414 kg/m3
Early/Latewood Threshold: 500 kg/m3
Attenuation Constant: 3.16

ִִִִִִִִִִִִִִִִִִִִִִִִִִִִִִִִִִִִִִִִִִִִִִִִִִִִִִִִִִִִִִִִִִִִִִִִִִִִִִִ
Core : 3
ֲֲֲִִִִִִִִִִִִִִִִִִִִִִִִִִִִִִִִִִִִִִִִִִִִִִִִִִִִִִִִִִִִִִִִִִִִִִִִִִִִ
       ³Widths (mm)              ³ Areas    ³ Densities (kg/m3)
       ³                         ³ (cm‎)    ³
Ring   ³Outer Ring Erly Late   % ³Incr Total³Ring E/Wd L/Wd Unif  Min  Max  Rng
 # Year³ Rad.      Wood Wood  LW ³          ³mean mean mean
ֱֱֱִִִִִִִִִִִִִִִִִִִִִִִִִִִִִִִִִִִִִִִִִִִִִִִִִִִִִִִִִִִִִִִִִִִִִִִִִִִִ

 3 1991  11.9 11.9  9.9  0.0   0   4.4    4.4 317  317    0    0  256  426  170
 4 1992  28.1 16.2 16.2  0.0   0  20.4   24.8 299  299    0    0  244  461  217
 5 1993  44.0 15.9 15.9  0.0   0  36.0   60.8 288  288    0    0  224  421  197
 6 1994  62.0 18.0 17.7  0.3   1  59.9  120.8 312  308  530  222  250  530  280
 7 1995  75.2 13.2 13.2  0.0   0  56.9  177.7 334  334    0    0  277  473  196
 8 1996  88.4 13.2 13.2  0.0   0  67.8  245.5 303  303    0    0  228  443  215
 9 1997 101.6 13.2 13.2  0.0   0  78.8  324.3 294  294    0    0  245  445  200
10 1998 112.1 10.5 10.5  0.0   0  70.5  394.8 319  319    0    0  269  497  228
11 1999 120.2  8.1  8.1  0.0   0  59.1  453.9 340  340    0    0  285  459  174
12 2000 129.5  9.3  9.0  0.3   3  73.0  526.9 317  310  520  210  251  520  269
13 2001 135.8  6.3  6.0  0.3   4  52.5  579.4 337  327  540  213  255  540  285
14 2002 142.7  6.9  6.6  0.3   4  60.4  639.7 321  313  504  191  263  504  241
15 2003 149.0  6.3  5.7  0.6   9  57.7  697.5 369  349  563  214  282  588  306
16 2004 154.4  5.4  5.4  0.0   0  51.5  748.9 387  387    0    0  346  495  149
17 2005 161.9  7.5  6.9  0.6   8  74.5  823.5 344  326  547  221  267  549  282
18 2006 166.1  4.2  3.6  0.6  14  43.3  866.7 391  368  524  156  306  539  233
19 2007 171.5  5.4  5.1  0.3   5  57.3  924.0 358  347  538  191  278  538  260
20 2008 176.6  5.1  5.1  0.0   0  55.8  979.8 344  344    0    0  275  478  203
21 2009 181.4  4.8  4.8  0.0   0  54.0 1033.8 369  369    0    0  287  493  206
22 2010 185.3  3.9  3.6  0.3   7  44.9 1078.7 378  364  542  178  317  542  225
23 2011 190.7  5.4  5.1  0.3   5  63.8 1142.5 326  315  514  199  263  514  251
24 2012 195.2  4.5  4.5  0.0   0  54.6 1197.0 366  366    0    0  300  467  167
25 2013 199.1  3.9  3.6  0.3   7  48.3 1245.4 377  367  500  133  286  500  214
26 2014 203.0  3.9  3.9  0.0   0  49.3 1294.6 370  370    0    0  319  455  136
27 2015 204.8  1.8  1.8  0.0   0  23.1 1317.7 449  449    0    0  401  498   97
28 2016 207.2  2.4  2.4  0.0   0  31.1 1348.7 393  393    0    0  340  439   99

Core Length:  205.2 mm
Core Density: 346 kg/m3
Cross-sectional Density:  342 kg/m3
Early/Latewood Threshold: 500 kg/m3
Attenuation Constant: 3.16

ִִִִִִִִִִִִִִִִִִִִִִִִִִִִִִִִִִִִִִִִִִִִִִִִִִִִִִִִִִִִִִִִִִִִִִִִִִִִִִִ
Core : 12
ֲֲֲִִִִִִִִִִִִִִִִִִִִִִִִִִִִִִִִִִִִִִִִִִִִִִִִִִִִִִִִִִִִִִִִִִִִִִִִִִִִ
       ³Widths (mm)              ³ Areas    ³ Densities (kg/m3)
       ³                         ³ (cm‎)    ³
Ring   ³Outer Ring Erly Late   % ³Incr Total³Ring E/Wd L/Wd Unif  Min  Max  Rng
 # Year³ Rad.      Wood Wood  LW ³          ³mean mean mean
ֱֱֱִִִִִִִִִִִִִִִִִִִִִִִִִִִִִִִִִִִִִִִִִִִִִִִִִִִִִִִִִִִִִִִִִִִִִִִִִִִִ

 4 1993  19.6 19.6 15.6  0.0   0  12.1   12.1 341  341    0    0  277  498  221
 5 1994  39.4 19.8 19.2  0.6   3  36.7   48.8 353  347  550  203  281  568  287
 6 1995  54.7 15.3 15.0  0.3   1  45.2   94.0 401  399  507  108  309  507  198
 7 1996  68.8 14.1 14.1  0.0   0  54.7  148.7 335  335    0    0  261  493  232
 8 1997  86.2 17.4 16.5  0.9   5  84.7  233.4 340  330  521  191  280  538  258
 9 1998 101.2 15.0 13.8  1.2   8  88.3  321.7 396  385  523  138  312  552  240
10 1999 110.5  9.3  8.7  0.6   6  61.9  383.6 421  414  517  103  316  531  215
11 2000 119.8  9.3  9.0  0.3   3  67.3  450.9 372  366  540  174  323  540  217
12 2001 126.1  6.3  6.0  0.3   4  48.7  499.6 379  370  556  186  312  556  244
13 2002 131.5  5.4  4.8  0.6  11  43.7  543.3 373  355  514  159  310  518  208
14 2003 136.6  5.1  4.2  0.9  17  43.0  586.2 407  377  545  168  340  571  231
15 2004 141.1  4.5  4.5  0.0   0  39.3  625.5 420  420    0    0  327  491  164
16 2005 147.1  6.0  6.0  0.0   0  54.3  679.8 373  373    0    0  314  479  165
17 2006 151.0  3.9  2.7  1.2  30  36.5  716.3 450  406  547  141  371  568  197
18 2007 156.4  5.4  5.1  0.3   5  52.1  768.5 405  398  539  141  338  539  201
19 2008 160.6  4.2  3.6  0.6  14  41.8  810.3 421  399  554  155  319  584  265
20 2009 164.2  3.6  2.7  0.9  24  36.7  847.0 425  395  514  119  333  517  184
21 2010 167.5  3.3  2.7  0.6  18  34.4  881.4 439  417  539  122  374  564  190
22 2011 170.5  3.0  2.7  0.3  10  31.9  913.3 375  360  510  150  327  510  183
23 2012 172.3  1.8  1.8  0.0   0  19.4  932.7 414  414    0    0  350  454  104
24 2013 174.1  1.8  1.5  0.3  16  19.6  952.2 427  401  560  159  377  560  183

Core Length:  170.4 mm
Core Density: 393 kg/m3
Cross-sectional Density:  390 kg/m3
Early/Latewood Threshold: 500 kg/m3
Attenuation Constant: 3.16

ִִִִִִִִִִִִִִִִִִִִִִִִִִִִִִִִִִִִִִִִִִִִִִִִִִִִִִִִִִִִִִִִִִִִִִִִִִִִִִִ
Core : 15
ֲֲֲִִִִִִִִִִִִִִִִִִִִִִִִִִִִִִִִִִִִִִִִִִִִִִִִִִִִִִִִִִִִִִִִִִִִִִִִִִִִ
       ³Widths (mm)              ³ Areas    ³ Densities (kg/m3)
       ³                         ³ (cm‎)    ³
Ring   ³Outer Ring Erly Late   % ³Incr Total³Ring E/Wd L/Wd Unif  Min  Max  Rng
 # Year³ Rad.      Wood Wood  LW ³          ³mean mean mean
ֱֱֱִִִִִִִִִִִִִִִִִִִִִִִִִִִִִִִִִִִִִִִִִִִִִִִִִִִִִִִִִִִִִִִִִִִִִִִִִִִִ

 2 1991  11.3 11.3  9.3  0.0   0   4.0    4.0 333  333    0    0  268  470  202
 3 1992  29.0 17.7 17.4  0.3   1  22.4   26.4 304  301  510  209  233  510  277
 4 1993  48.2 19.2 19.2  0.0   0  46.6   73.0 309  309    0    0  252  496  244
 5 1994  70.4 22.2 21.3  0.9   4  82.7  155.7 355  348  543  195  288  572  284
 6 1995  86.3 15.9 14.7  1.2   7  78.3  234.0 392  378  553  175  336  604  268
 7 1996 103.4 17.1 16.2  0.9   5 101.9  335.9 374  364  557  193  292  584  292
 8 1997 118.1 14.7 13.5  1.2   8 102.3  438.2 369  355  529  174  293  554  261
 9 1998 129.8 11.7 11.4  0.3   2  91.1  529.3 382  378  537  159  335  537  202
10 1999 135.5  5.7  5.4  0.3   5  47.5  576.8 387  380  503  123  332  503  171
11 2000 142.4  6.9  6.9  0.0   0  60.2  637.0 329  329    0    0  271  486  215
12 2001 149.0  6.6  6.3  0.3   4  60.4  697.5 356  349  514  165  294  514  220
13 2002 156.5  7.5  6.6  0.9  12  72.0  769.4 377  352  558  206  278  584  306
14 2003 164.0  7.5  6.9  0.6   8  75.5  845.0 390  375  564  189  330  601  271
15 2004 170.9  6.9  6.3  0.6   8  72.6  917.6 388  375  526  151  323  531  208
16 2005 176.9  6.0  6.0  0.0   0  65.6  983.1 330  330    0    0  290  443  153
17 2006 182.3  5.4  4.5  0.9  16  60.9 1044.1 392  365  528  163  321  547  226
18 2007 188.6  6.3  6.0  0.3   4  73.4 1117.5 352  344  509  165  283  509  226
19 2008 194.0  5.4  5.4  0.0   0  64.9 1182.4 358  358    0    0  304  453  149
20 2009 197.9  3.9  3.9  0.0   0  48.0 1230.4 371  371    0    0  295  473  178
21 2010 201.2  3.3  3.3  0.0   0  41.4 1271.8 372  372    0    0  337  469  132
22 2011 207.2  6.0  6.0  0.0   0  77.0 1348.7 326  326    0    0  291  441  150
23 2012 211.1  3.9  3.9  0.0   0  51.3 1400.0 359  359    0    0  300  467  167
24 2013 214.7  3.6  3.6  0.0   0  48.2 1448.2 326  326    0    0  293  422  129
25 2014 218.9  4.2  4.2  0.0   0  57.2 1505.4 353  353    0    0  322  465  143
26 2015 221.6  2.7  2.7  0.0   0  37.4 1542.7 373  373    0    0  307  476  169
27 2016 224.0  2.4  2.4  0.0   0  33.6 1576.3 351  351    0    0  321  383   62

Core Length:  222.0 mm
Core Density: 358 kg/m3
Cross-sectional Density:  362 kg/m3
Early/Latewood Threshold: 500 kg/m3
Attenuation Constant: 3.16

ִִִִִִִִִִִִִִִִִִִִִִִִִִִִִִִִִִִִִִִִִִִִִִִִִִִִִִִִִִִִִִִִִִִִִִִִִִִִִִִ
Core : 17
ֲֲֲִִִִִִִִִִִִִִִִִִִִִִִִִִִִִִִִִִִִִִִִִִִִִִִִִִִִִִִִִִִִִִִִִִִִִִִִִִִִ
       ³Widths (mm)              ³ Areas    ³ Densities (kg/m3)
       ³                         ³ (cm‎)    ³
Ring   ³Outer Ring Erly Late   % ³Incr Total³Ring E/Wd L/Wd Unif  Min  Max  Rng
 # Year³ Rad.      Wood Wood  LW ³          ³mean mean mean
ֱֱֱִִִִִִִִִִִִִִִִִִִִִִִִִִִִִִִִִִִִִִִִִִִִִִִִִִִִִִִִִִִִִִִִִִִִִִִִִִִִ

 3 1992   9.0  9.0  6.0  0.0   0   2.5    2.5 379  379    0    0  335  445  110
 4 1993  24.9 15.9 15.9  0.0   0  16.9   19.5 382  382    0    0  293  455  162
 5 1994  43.5 18.6 18.3  0.3   1  40.0   59.4 380  378  502  124  314  502  188
 6 1995  55.2 11.7 11.1  0.6   5  36.3   95.7 399  393  504  111  347  507  160
 7 1996  66.9 11.7 11.7  0.0   0  44.9  140.6 374  374    0    0  327  449  122
 8 1997  78.3 11.4 11.4  0.0   0  52.0  192.6 345  345    0    0  300  490  190
 9 1998  87.0  8.7  8.4  0.3   3  45.2  237.8 378  371  585  214  330  585  255
10 1999  94.8  7.8  7.5  0.3   3  44.5  282.3 414  410  510  100  347  510  163
11 2000 102.3  7.5  7.5  0.0   0  46.4  328.8 358  358    0    0  289  480  191
12 2001 105.9  3.6  3.6  0.0   0  23.5  352.3 367  367    0    0  312  487  175
13 2002 110.1  4.2  3.9  0.3   7  28.5  380.8 368  356  522  166  307  522  215
14 2003 113.7  3.6  3.0  0.6  16  25.3  406.1 437  411  571  160  347  602  255
15 2004 117.9  4.2  3.6  0.6  14  30.6  436.7 464  450  550  100  393  576  183
16 2005 123.3  5.4  4.8  0.6  11  40.9  477.6 413  396  546  150  351  547  196
17 2006 125.7  2.4  1.5  0.9  37  18.8  496.4 451  393  547  154  336  566  230
18 2007 129.3  3.6  3.0  0.6  16  28.8  525.2 412  386  538  152  334  554  220
19 2008 133.2  3.9  2.7  1.2  30  32.2  557.4 447  411  529  118  362  561  199
20 2009 136.8  3.6  3.3  0.3   8  30.5  587.9 420  412  512  100  355  512  157
21 2010 138.9  2.1  1.8  0.3  14  18.2  606.1 427  410  528  118  364  528  164
22 2011 142.2  3.3  3.0  0.3   9  29.1  635.3 388  377  502  125  331  502  171
23 2012 144.6  2.4  2.1  0.3  12  21.6  656.9 439  425  542  117  370  542  172
24 2013 147.9  3.3  2.7  0.6  18  30.3  687.2 426  402  534  132  347  566  219
25 2014 150.6  2.7  2.7  0.0   0  25.3  712.5 418  418    0    0  388  484   96
26 2015 151.5  0.9  0.9  0.0   0   8.5  721.1 418  418    0    0  387  456   69
27 2016 153.0  1.5  1.5  0.0   0  14.3  735.4 409  409    0    0  348  445   97

Core Length:  150.0 mm
Core Density: 404 kg/m3
Cross-sectional Density:  400 kg/m3
Early/Latewood Threshold: 500 kg/m3
Attenuation Constant: 3.16

ִִִִִִִִִִִִִִִִִִִִִִִִִִִִִִִִִִִִִִִִִִִִִִִִִִִִִִִִִִִִִִִִִִִִִִִִִִִִִִִ
Core : 23
ֲֲֲִִִִִִִִִִִִִִִִִִִִִִִִִִִִִִִִִִִִִִִִִִִִִִִִִִִִִִִִִִִִִִִִִִִִִִִִִִִִ
       ³Widths (mm)              ³ Areas    ³ Densities (kg/m3)
       ³                         ³ (cm‎)    ³
Ring   ³Outer Ring Erly Late   % ³Incr Total³Ring E/Wd L/Wd Unif  Min  Max  Rng
 # Year³ Rad.      Wood Wood  LW ³          ³mean mean mean
ֱֱֱִִִִִִִִִִִִִִִִִִִִִִִִִִִִִִִִִִִִִִִִִִִִִִִִִִִִִִִִִִִִִִִִִִִִִִִִִִִִ

 1 1990   2.4  2.4  2.4  0.0   0   0.2    0.2 343  343    0    0  223  454  231
 2 1991   5.4  3.0  3.0  0.0   0   0.7    0.9 342  342    0    0  283  418  135
 3 1992  14.7  9.3  9.3  0.0   0   5.9    6.8 312  312    0    0  267  397  130
 4 1993  26.1 11.4 11.4  0.0   0  14.6   21.4 298  298    0    0  250  392  142
 5 1994  41.7 15.6 15.3  0.3   1  33.2   54.6 306  302  503  201  250  503  253
 6 1995  56.7 15.0 15.0  0.0   0  46.4  101.0 352  352    0    0  313  419  106
 7 1996  73.5 16.8 16.8  0.0   0  68.7  169.7 331  331    0    0  278  477  199
 8 1997  92.4 18.9 18.6  0.3   1  98.5  268.2 357  354  514  160  299  514  215
 9 1998 108.9 16.5 16.5  0.0   0 104.3  372.6 361  361    0    0  317  474  157
10 1999 119.4 10.5 10.5  0.0   0  75.3  447.9 351  351    0    0  300  420  120
11 2000 131.4 12.0 11.7  0.3   2  94.5  542.4 334  330  502  172  268  502  234
12 2001 138.6  7.2  7.2  0.0   0  61.1  603.5 347  347    0    0  307  475  168
13 2002 147.6  9.0  9.0  0.0   0  80.9  684.4 309  309    0    0  246  429  183
14 2003 152.7  5.1  4.8  0.3   5  48.1  732.5 378  369  523  154  305  523  218
15 2004 157.2  4.5  4.5  0.0   0  43.8  776.3 362  362    0    0  303  433  130
16 2005 165.0  7.8  7.5  0.3   3  79.0  855.3 324  316  512  196  269  512  243
17 2006 168.6  3.6  3.6  0.0   0  37.7  893.0 366  366    0    0  303  461  158
18 2007 172.5  3.9  3.9  0.0   0  41.8  934.8 310  310    0    0  264  362   98
19 2008 175.2  2.7  2.4  0.3  11  29.5  964.3 377  361  506  145  300  506  206
20 2009 180.0  4.8  4.8  0.0   0  53.6 1017.9 379  379    0    0  300  489  189
21 2010 182.1  2.1  1.8  0.3  14  23.9 1041.8 390  367  530  163  333  530  197
22 2011 187.5  5.4  5.4  0.0   0  62.7 1104.5 356  356    0    0  313  492  179
23 2012 191.7  4.2  3.9  0.3   7  50.0 1154.5 382  372  509  137  341  509  168
24 2013 196.8  5.1  4.8  0.3   5  62.2 1216.7 381  370  551  181  314  551  237
25 2014 201.9  5.1  5.1  0.0   0  63.9 1280.6 369  369    0    0  331  440  109
26 2015 204.6  2.7  2.7  0.0   0  34.5 1315.1 418  418    0    0  337  477  140
27 2016 207.9  3.3  3.0  0.3   9  42.8 1357.9 410  396  558  162  329  558  229

Core Length:  207.9 mm
Core Density: 353 kg/m3
Cross-sectional Density:  353 kg/m3
Early/Latewood Threshold: 500 kg/m3
Attenuation Constant: 3.16

ִִִִִִִִִִִִִִִִִִִִִִִִִִִִִִִִִִִִִִִִִִִִִִִִִִִִִִִִִִִִִִִִִִִִִִִִִִִִִִִ
Core : 24
ֲֲֲִִִִִִִִִִִִִִִִִִִִִִִִִִִִִִִִִִִִִִִִִִִִִִִִִִִִִִִִִִִִִִִִִִִִִִִִִִִִ
       ³Widths (mm)              ³ Areas    ³ Densities (kg/m3)
       ³                         ³ (cm‎)    ³
Ring   ³Outer Ring Erly Late   % ³Incr Total³Ring E/Wd L/Wd Unif  Min  Max  Rng
 # Year³ Rad.      Wood Wood  LW ³          ³mean mean mean
ֱֱֱִִִִִִִִִִִִִִִִִִִִִִִִִִִִִִִִִִִִִִִִִִִִִִִִִִִִִִִִִִִִִִִִִִִִִִִִִִִִ

 1 1990   2.5  2.5  1.5  0.0   0   0.2    0.2 402  402    0    0  324  458  134
 2 1991  16.9 14.4 14.4  0.0   0   8.8    9.0 316  316    0    0  252  449  197
 3 1992  32.5 15.6 15.6  0.0   0  24.2   33.2 318  318    0    0  261  450  189
 4 1993  51.4 18.9 18.9  0.0   0  49.8   83.0 355  355    0    0  259  456  197
 5 1994  71.5 20.1 18.9  1.2   5  77.6  160.6 342  329  539  210  262  555  293
 6 1995  86.5 15.0 14.1  0.9   6  74.5  235.1 407  399  537  138  338  554  216
 7 1996 103.6 17.1 16.5  0.6   3 102.1  337.2 384  379  539  160  295  549  254
 8 1997 122.5 18.9 18.0  0.9   4 134.2  471.4 360  353  506  153  305  507  202
 9 1998 136.0 13.5 13.5  0.0   0 109.6  581.1 345  345    0    0  300  449  149
10 1999 144.4  8.4  8.4  0.0   0  74.0  655.1 374  374    0    0  308  473  165
11 2000 154.6 10.2 10.2  0.0   0  95.8  750.9 337  337    0    0  285  461  176
12 2001 161.2  6.6  6.6  0.0   0  65.5  816.4 352  352    0    0  291  482  191
13 2002 168.1  6.9  6.9  0.0   0  71.4  887.7 325  325    0    0  272  455  183
14 2003 172.0  3.9  3.6  0.3   7  41.7  929.4 373  360  522  162  314  522  208
15 2004 175.3  3.3  3.3  0.0   0  36.0  965.4 376  376    0    0  314  453  139
16 2005 181.0  5.7  5.7  0.0   0  63.8 1029.2 338  338    0    0  287  462  175
17 2006 184.6  3.6  3.0  0.6  16  41.3 1070.6 415  395  518  123  333  532  199
18 2007 190.9  6.3  6.3  0.0   0  74.3 1144.9 364  364    0    0  306  466  160
19 2008 194.8  3.9  3.9  0.0   0  47.3 1192.1 353  353    0    0  306  488  182
20 2009 199.9  5.1  4.8  0.3   5  63.2 1255.4 380  371  535  164  308  535  227
21 2010 203.5  3.6  3.3  0.3   8  45.6 1301.0 419  406  561  155  309  561  252
22 2011 211.0  7.5  7.2  0.3   4  97.7 1398.7 345  338  514  176  291  514  223
23 2012 216.7  5.7  5.4  0.3   5  76.6 1475.3 384  377  509  132  315  509  194
24 2013 222.4  5.7  5.4  0.3   5  78.6 1553.9 369  358  562  204  313  562  249
25 2014 228.1  5.7  5.4  0.3   5  80.7 1634.6 371  362  530  168  305  530  225
26 2015 231.7  3.6  3.3  0.3   8  52.0 1686.6 416  409  502   93  313  502  189
27 2016 234.7  3.0  2.7  0.3  10  44.0 1730.5 393  377  537  160  311  537  226

Core Length:  233.7 mm
Core Density: 367 kg/m3
Cross-sectional Density:  365 kg/m3
Early/Latewood Threshold: 500 kg/m3
Attenuation Constant: 3.16

ִִִִִִִִִִִִִִִִִִִִִִִִִִִִִִִִִִִִִִִִִִִִִִִִִִִִִִִִִִִִִִִִִִִִִִִִִִִִִִִ
Core : 26
ֲֲֲִִִִִִִִִִִִִִִִִִִִִִִִִִִִִִִִִִִִִִִִִִִִִִִִִִִִִִִִִִִִִִִִִִִִִִִִִִִִ
       ³Widths (mm)              ³ Areas    ³ Densities (kg/m3)
       ³                         ³ (cm‎)    ³
Ring   ³Outer Ring Erly Late   % ³Incr Total³Ring E/Wd L/Wd Unif  Min  Max  Rng
 # Year³ Rad.      Wood Wood  LW ³          ³mean mean mean
ֱֱֱִִִִִִִִִִִִִִִִִִִִִִִִִִִִִִִִִִִִִִִִִִִִִִִִִִִִִִִִִִִִִִִִִִִִִִִִִִִִ

 1 1990   3.4  3.4  2.4  0.0   0   0.4    0.4 375  375    0    0  306  416  110
 2 1991  17.8 14.4 14.1  0.3   2   9.6   10.0 336  332  512  180  260  512  252
 3 1992  30.1 12.3 12.3  0.0   0  18.5   28.5 310  310    0    0  262  477  215
 4 1993  43.0 12.9 12.9  0.0   0  29.6   58.1 317  317    0    0  270  478  208
 5 1994  59.8 16.8 16.5  0.3   1  54.3  112.3 339  336  509  173  259  509  250
 6 1995  70.3 10.5 10.5  0.0   0  42.9  155.3 375  375    0    0  323  473  150
 7 1996  82.9 12.6 12.6  0.0   0  60.6  215.9 340  340    0    0  290  444  154
 8 1997  97.3 14.4 14.4  0.0   0  81.5  297.4 328  328    0    0  273  464  191
 9 1998 107.5 10.2  9.9  0.3   2  65.6  363.1 366  361  511  150  312  511  199
10 1999 112.6  5.1  5.1  0.0   0  35.3  398.3 378  378    0    0  334  457  123
11 2000 118.0  5.4  5.4  0.0   0  39.1  437.4 347  347    0    0  306  442  136
12 2001 121.9  3.9  3.9  0.0   0  29.4  466.8 387  387    0    0  317  496  179
13 2002 126.7  4.8  4.5  0.3   6  37.5  504.3 364  355  500  145  301  500  199
14 2003 130.3  3.6  3.0  0.6  16  29.1  533.4 420  397  537  140  350  563  213
15 2004 133.6  3.3  3.3  0.0   0  27.4  560.7 428  428    0    0  378  478  100
16 2005 139.0  5.4  4.8  0.6  11  46.2  607.0 384  366  525  159  326  540  214
17 2006 141.1  2.1  2.1  0.0   0  18.5  625.5 389  389    0    0  362  479  117
18 2007 146.8  5.7  5.4  0.3   5  51.6  677.0 363  354  527  173  292  527  235
19 2008 150.1  3.3  3.0  0.3   9  30.8  707.8 420  411  513  102  349  513  164
20 2009 152.5  2.4  2.4  0.0   0  22.8  730.6 393  393    0    0  346  444   98
21 2010 155.5  3.0  2.7  0.3  10  29.0  759.6 394  382  506  124  340  506  166
22 2011 160.3  4.8  4.2  0.6  12  47.6  807.3 388  367  537  170  315  555  240
23 2012 163.9  3.6  3.3  0.3   8  36.7  843.9 396  387  504  117  326  504  178
24 2013 166.6  2.7  2.4  0.3  11  28.0  872.0 391  371  556  185  333  556  223
25 2014 168.7  2.1  2.1  0.0   0  22.1  894.1 386  386    0    0  315  492  177
26 2015 170.2  1.5  1.5  0.0   0  16.0  910.1 407  407    0    0  355  494  139
27 2016 171.4  1.2  1.2  0.0   0  12.9  922.9 362  362    0    0  326  399   73

Core Length:  170.4 mm
Core Density: 373 kg/m3
Cross-sectional Density:  369 kg/m3
Early/Latewood Threshold: 500 kg/m3
Attenuation Constant: 3.16

ִִִִִִִִִִִִִִִִִִִִִִִִִִִִִִִִִִִִִִִִִִִִִִִִִִִִִִִִִִִִִִִִִִִִִִִִִִִִִִִ
Core : 28
ֲֲֲִִִִִִִִִִִִִִִִִִִִִִִִִִִִִִִִִִִִִִִִִִִִִִִִִִִִִִִִִִִִִִִִִִִִִִִִִִִִ
       ³Widths (mm)              ³ Areas    ³ Densities (kg/m3)
       ³                         ³ (cm‎)    ³
Ring   ³Outer Ring Erly Late   % ³Incr Total³Ring E/Wd L/Wd Unif  Min  Max  Rng
 # Year³ Rad.      Wood Wood  LW ³          ³mean mean mean
ֱֱֱִִִִִִִִִִִִִִִִִִִִִִִִִִִִִִִִִִִִִִִִִִִִִִִִִִִִִִִִִִִִִִִִִִִִִִִִִִִִ

 7 1996  13.5 13.5 13.5  0.0   0   5.7    5.7 312  312    0    0  217  476  259
 8 1997  25.5 12.0 12.0  0.0   0  14.7   20.4 309  309    0    0  264  474  210
 9 1998  34.5  9.0  7.8  1.2  13  17.0   37.4 379  357  522  165  308  545  237
10 1999  42.3  7.8  7.2  0.6   7  18.8   56.2 390  380  512  132  323  520  197
11 2000  51.0  8.7  8.7  0.0   0  25.5   81.7 354  354    0    0  303  474  171
12 2001  56.7  5.7  5.1  0.6  10  19.3  101.0 374  358  510  152  309  514  205
13 2002  62.4  5.7  5.7  0.0   0  21.3  122.3 351  351    0    0  293  494  201
14 2003  66.6  4.2  3.9  0.3   7  17.0  139.3 413  404  535  131  354  535  181
15 2004  71.7  5.1  4.8  0.3   5  22.2  161.5 420  414  525  111  322  525  203
16 2005  78.0  6.3  6.0  0.3   4  29.6  191.1 363  356  503  147  310  503  193
17 2006  81.6  3.6  2.4  1.2  33  18.1  209.2 440  392  537  145  332  554  222
18 2007  87.0  5.4  4.8  0.6  11  28.6  237.8 439  425  549  124  373  578  205
19 2008  92.1  5.1  4.2  0.9  17  28.7  266.5 446  428  528  100  358  543  185
20 2009  95.7  3.6  3.0  0.6  16  21.2  287.7 455  443  514   71  404  519  115
21 2010  99.9  4.2  3.3  0.9  21  25.8  313.5 456  436  529   93  383  554  171
22 2011 105.6  5.7  5.1  0.6  10  36.8  350.3 408  393  539  146  355  554  199
23 2012 111.0  5.4  5.1  0.3   5  36.7  387.1 421  416  508   92  360  508  148
24 2013 115.5  4.5  4.2  0.3   6  32.0  419.1 412  405  512  107  371  512  141
25 2014 119.4  3.9  3.9  0.0   0  28.8  447.9 402  402    0    0  367  460   93
26 2015 123.0  3.6  3.3  0.3   8  27.4  475.3 452  444  550  106  376  550  174
27 2016 126.6  3.6  3.3  0.3   8  28.2  503.5 438  429  535  106  390  535  145

Core Length:  126.6 mm
Core Density: 401 kg/m3
Cross-sectional Density:  408 kg/m3
Early/Latewood Threshold: 500 kg/m3
Attenuation Constant: 3.16

ִִִִִִִִִִִִִִִִִִִִִִִִִִִִִִִִִִִִִִִִִִִִִִִִִִִִִִִִִִִִִִִִִִִִִִִִִִִִִִִ
Core : 30
ֲֲֲִִִִִִִִִִִִִִִִִִִִִִִִִִִִִִִִִִִִִִִִִִִִִִִִִִִִִִִִִִִִִִִִִִִִִִִִִִִִ
       ³Widths (mm)              ³ Areas    ³ Densities (kg/m3)
       ³                         ³ (cm‎)    ³
Ring   ³Outer Ring Erly Late   % ³Incr Total³Ring E/Wd L/Wd Unif  Min  Max  Rng
 # Year³ Rad.      Wood Wood  LW ³          ³mean mean mean
ֱֱֱִִִִִִִִִִִִִִִִִִִִִִִִִִִִִִִִִִִִִִִִִִִִִִִִִִִִִִִִִִִִִִִִִִִִִִִִִִִִ

 1 1991   4.2  4.2  4.2  0.0   0   0.6    0.6 359  359    0    0  327  385   58
 2 1992  14.7 10.5 10.5  0.0   0   6.2    6.8 313  313    0    0  281  408  127
 3 1993  27.6 12.9 12.9  0.0   0  17.1   23.9 339  339    0    0  277  446  169
 4 1994  41.7 14.1 13.8  0.3   2  30.7   54.6 351  347  516  169  285  516  231
 5 1995  55.2 13.5 12.9  0.6   4  41.1   95.7 401  397  501  104  358  501  143
 6 1996  68.4 13.2 13.2  0.0   0  51.3  147.0 349  349    0    0  291  484  193
 7 1997  81.9 13.5 13.2  0.3   2  63.7  210.7 341  337  503  166  285  503  218
 8 1998  94.5 12.6 12.3  0.3   2  69.8  280.6 362  359  512  153  304  512  208
 9 1999 102.6  8.1  8.1  0.0   0  50.2  330.7 383  383    0    0  330  483  153
10 2000 114.0 11.4 11.1  0.3   2  77.6  408.3 348  344  510  166  281  510  229
11 2001 121.2  7.2  6.6  0.6   8  53.2  461.5 365  349  541  192  299  556  257
12 2002 127.5  6.3  6.3  0.0   0  49.2  510.7 335  335    0    0  277  475  198
13 2003 133.2  5.7  4.5  1.2  21  46.7  557.4 420  384  555  171  317  580  263
14 2004 138.3  5.1  5.1  0.0   0  43.5  600.9 391  391    0    0  293  450  157
15 2005 140.4  2.1  2.1  0.0   0  18.4  619.3 342  342    0    0  298  388   90
16 2006 141.3  0.9  0.9  0.0   0   8.0  627.2 364  364    0    0  318  405   87
17 2007 142.5  1.2  1.2  0.0   0  10.7  637.9 330  330    0    0  306  385   79
18 2008 144.3  1.8  1.8  0.0   0  16.2  654.2 329  329    0    0  282  400  118
19 2009 145.5  1.2  1.2  0.0   0  10.9  665.1 351  351    0    0  314  419  105
20 2010 146.4  0.9  0.9  0.0   0   8.3  673.3 348  348    0    0  310  398   88
21 2011 147.6  1.2  1.2  0.0   0  11.1  684.4 355  355    0    0  307  468  161
22 2012 148.8  1.2  1.2  0.0   0  11.2  695.6 383  383    0    0  314  444  130
23 2013 150.0  1.2  1.2  0.0   0  11.3  706.9 371  371    0    0  346  439   93
24 2014 151.5  1.5  1.5  0.0   0  14.2  721.1 380  380    0    0  326  423   97
25 2015 152.4  0.9  0.9  0.0   0   8.6  729.7 389  389    0    0  325  425  100
26 2016 153.9  1.5  1.5  0.0   0  14.4  744.1 391  391    0    0  325  437  112

Core Length:  153.9 mm
Core Density: 361 kg/m3
Cross-sectional Density:  363 kg/m3
Early/Latewood Threshold: 500 kg/m3
Attenuation Constant: 3.16

ִִִִִִִִִִִִִִִִִִִִִִִִִִִִִִִִִִִִִִִִִִִִִִִִִִִִִִִִִִִִִִִִִִִִִִִִִִִִִִִ
Core : 42
ֲֲֲִִִִִִִִִִִִִִִִִִִִִִִִִִִִִִִִִִִִִִִִִִִִִִִִִִִִִִִִִִִִִִִִִִִִִִִִִִִִ
       ³Widths (mm)              ³ Areas    ³ Densities (kg/m3)
       ³                         ³ (cm‎)    ³
Ring   ³Outer Ring Erly Late   % ³Incr Total³Ring E/Wd L/Wd Unif  Min  Max  Rng
 # Year³ Rad.      Wood Wood  LW ³          ³mean mean mean
ֱֱֱִִִִִִִִִִִִִִִִִִִִִִִִִִִִִִִִִִִִִִִִִִִִִִִִִִִִִִִִִִִִִִִִִִִִִִִִִִִִ

 4 1992  15.1 15.1 11.1  0.0   0   7.2    7.2 368  368    0    0  309  474  165
 5 1993  33.1 18.0 18.0  0.0   0  27.3   34.4 370  370    0    0  291  459  168
 6 1994  52.0 18.9 16.5  2.4  12  50.5   84.9 398  374  559  185  308  593  285
 7 1995  68.8 16.8  7.8  9.0  53  63.8  148.7 502  473  527   54  410  565  155
 8 1996  85.6 16.8 16.2  0.6   3  81.5  230.2 400  395  527  132  330  534  204
 9 1997 102.1 16.5 15.3  1.2   7  97.3  327.5 381  369  532  163  316  550  234
10 1998 116.5 14.4 12.6  1.8  12  98.9  426.4 433  417  545  128  372  560  188
11 1999 130.0 13.5 11.7  1.8  13 104.5  530.9 439  427  519   92  369  542  173
12 2000 144.4 14.4 13.8  0.6   4 124.1  655.1 381  375  525  150  309  533  224
13 2001 153.7  9.3  8.1  1.2  12  87.1  742.2 398  379  525  146  326  544  218
14 2002 166.6 12.9 12.6  0.3   2 129.8  872.0 369  365  506  141  305  506  201
15 2003 176.2  9.6  7.5  2.1  21 103.4  975.4 426  399  522  123  342  554  212
16 2004 188.8 12.6 12.6  0.0   0 144.5 1119.8 414  414    0    0  378  467   89
17 2005 203.5 14.7 14.1  0.6   4 181.2 1301.0 367  361  510  149  307  516  209
18 2006 210.4  6.9  6.3  0.6   8  89.7 1390.7 423  414  516  102  371  517  146
19 2007 219.1  8.7  7.8  0.9  10 117.4 1508.1 404  391  523  132  346  548  202
20 2008 226.3  7.2  6.6  0.6   8 100.7 1608.9 396  384  532  148  325  546  221
21 2009 231.7  5.4  5.1  0.3   5  77.7 1686.6 402  394  546  152  351  546  195
22 2010 235.6  3.9  3.6  0.3   7  57.3 1743.8 393  382  522  140  351  522  171
23 2011 241.0  5.4  5.4  0.0   0  80.9 1824.7 352  352    0    0  318  438  120
24 2012 244.3  3.3  3.3  0.0   0  50.3 1875.0 385  385    0    0  324  476  152
25 2013 247.0  2.7  2.7  0.0   0  41.7 1916.7 380  380    0    0  338  421   83

Core Length:  243.3 mm
Core Density: 399 kg/m3
Cross-sectional Density:  399 kg/m3
Early/Latewood Threshold: 500 kg/m3
Attenuation Constant: 3.16

