File : C:\DENSITOM\OTAGOC~1\OCST10.DAT
Cores :
3
4
5
14
16
18
26
30
38
43
47

ִִִִִִִִִִִִִִִִִִִִִִִִִִִִִִִִִִִִִִִִִִִִִִִִִִִִִִִִִִִִִִִִִִִִִִִִִִִִִִִ
Core : 3
ֲֲֲִִִִִִִִִִִִִִִִִִִִִִִִִִִִִִִִִִִִִִִִִִִִִִִִִִִִִִִִִִִִִִִִִִִִִִִִִִִִ
       ³Widths (mm)              ³ Areas    ³ Densities (kg/m3)
       ³                         ³ (cm‎)    ³
Ring   ³Outer Ring Erly Late   % ³Incr Total³Ring E/Wd L/Wd Unif  Min  Max  Rng
 # Year³ Rad.      Wood Wood  LW ³          ³mean mean mean
ֱֱֱִִִִִִִִִִִִִִִִִִִִִִִִִִִִִִִִִִִִִִִִִִִִִִִִִִִִִִִִִִִִִִִִִִִִִִִִִִִִ

 3 1991  15.4 15.4  8.4  0.0   0   7.5    7.5 318  318    0    0  272  437  165
 4 1992  31.9 16.5 16.5  0.0   0  24.5   32.0 311  311    0    0  259  484  225
 5 1993  49.3 17.4 17.4  0.0   0  44.4   76.4 329  329    0    0  267  468  201
 6 1994  65.2 15.9 15.9  0.0   0  57.2  133.6 321  321    0    0  236  406  170
 7 1995  73.6  8.4  8.1  0.3   3  36.6  170.2 354  346  568  222  280  568  288
 8 1996  88.9 15.3 14.7  0.6   3  78.1  248.3 339  331  544  213  274  566  292
 9 1997 105.1 16.2 15.0  1.2   7  98.7  347.0 352  337  540  203  299  567  268
10 1998 117.7 12.6 11.4  1.2   9  88.2  435.2 389  371  562  191  318  606  288
11 1999 126.1  8.4  7.8  0.6   7  64.3  499.6 414  406  519  113  345  524  179
12 2000 135.7  9.6  9.0  0.6   6  79.0  578.5 354  340  555  215  271  565  294
13 2001 143.5  7.8  6.9  0.9  11  68.4  646.9 383  361  553  192  313  576  263
14 2002 151.9  8.4  8.4  0.0   0  78.0  724.9 352  352    0    0  288  481  193
15 2003 158.5  6.6  6.0  0.6   9  64.4  789.2 400  381  592  211  309  630  321
16 2004 163.0  4.5  4.2  0.3   6  45.5  834.7 428  417  588  171  380  588  208
17 2005 174.7 11.7 11.1  0.6   5 124.1  958.8 341  330  531  201  274  540  266
18 2006 182.5  7.8  6.6  1.2  15  87.5 1046.3 400  377  526  149  319  557  238
19 2007 190.9  8.4  7.5  0.9  10  98.5 1144.9 379  358  556  198  290  594  304
20 2008 198.7  7.8  6.9  0.9  11  95.5 1240.4 380  360  536  176  305  599  294
21 2009 205.9  7.2  6.9  0.3   4  91.5 1331.9 367  360  527  167  302  527  225
22 2010 213.4  7.5  6.6  0.9  12  98.8 1430.7 388  367  543  176  298  587  289
23 2011 223.9 10.5 10.2  0.3   2 144.3 1574.9 326  321  500  179  270  500  230
24 2012 231.1  7.2  6.9  0.3   4 102.9 1677.8 389  382  552  170  323  552  229
25 2013 237.4  6.3  6.0  0.3   4  92.7 1770.6 374  365  549  184  303  549  246
26 2014 245.2  7.8  7.2  0.6   7 118.3 1888.8 347  333  511  178  293  517  224
27 2015 250.0  4.8  4.5  0.3   6  74.7 1963.5 416  406  579  173  351  579  228
28 2016 253.9  3.9  3.3  0.6  15  61.7 2025.2 423  393  588  195  345  627  282

Core Length:  246.9 mm
Core Density: 368 kg/m3
Cross-sectional Density:  369 kg/m3
Early/Latewood Threshold: 500 kg/m3
Attenuation Constant: 3.16

ִִִִִִִִִִִִִִִִִִִִִִִִִִִִִִִִִִִִִִִִִִִִִִִִִִִִִִִִִִִִִִִִִִִִִִִִִִִִִִִ
Core : 4
ֲֲֲִִִִִִִִִִִִִִִִִִִִִִִִִִִִִִִִִִִִִִִִִִִִִִִִִִִִִִִִִִִִִִִִִִִִִִִִִִִִ
       ³Widths (mm)              ³ Areas    ³ Densities (kg/m3)
       ³                         ³ (cm‎)    ³
Ring   ³Outer Ring Erly Late   % ³Incr Total³Ring E/Wd L/Wd Unif  Min  Max  Rng
 # Year³ Rad.      Wood Wood  LW ³          ³mean mean mean
ֱֱֱִִִִִִִִִִִִִִִִִִִִִִִִִִִִִִִִִִִִִִִִִִִִִִִִִִִִִִִִִִִִִִִִִִִִִִִִִִִִ

 3 1992  18.4 18.4 13.8  0.6   3  10.6   10.6 380  373  523  150  281  532  251
 4 1993  36.4 18.0 18.0  0.0   0  31.0   41.6 367  367    0    0  276  480  204
 5 1994  52.6 16.2 16.2  0.0   0  45.3   86.9 371  371    0    0  284  499  215
 6 1995  64.3 11.7 11.1  0.6   5  43.0  129.9 358  348  554  206  289  560  271
 7 1996  81.4 17.1 16.2  0.9   5  78.3  208.2 358  347  556  209  260  576  316
 8 1997 101.5 20.1 18.3  1.8   8 115.5  323.7 341  324  516  192  283  541  258
 9 1998 115.3 13.8 12.0  1.8  13  94.0  417.6 411  389  558  169  338  597  259
10 1999 124.9  9.6  8.1  1.5  15  72.4  490.1 452  436  539  103  376  591  215
11 2000 133.3  8.4  7.8  0.6   7  68.1  558.2 392  379  550  171  300  554  254
12 2001 140.2  6.9  6.0  0.9  13  59.3  617.5 405  380  569  189  304  593  289
13 2002 146.8  6.6  6.0  0.6   9  59.5  677.0 392  380  515  135  315  520  205
14 2003 154.0  7.2  6.3  0.9  12  68.0  745.1 395  371  562  191  306  603  297
15 2004 158.5  4.5  3.9  0.6  13  44.2  789.2 443  429  539  110  372  563  191
16 2005 169.6 11.1 10.5  0.6   5 114.4  903.7 355  346  512  166  277  524  247
17 2006 177.7  8.1  6.9  1.2  14  88.4  992.0 416  398  519  121  335  539  204
18 2007 187.3  9.6  9.0  0.6   6 110.1 1102.1 397  389  507  118  331  512  181
19 2008 197.8 10.5  9.0  1.5  14 127.0 1229.1 406  388  518  130  309  548  239
20 2009 208.0 10.2  9.9  0.3   2 130.0 1359.2 391  387  522  135  308  522  214
21 2010 217.0  9.0  6.9  2.1  23 120.2 1479.3 439  407  544  137  361  571  210
22 2011 230.5 13.5 12.9  0.6   4 189.8 1669.1 357  350  517  167  291  535  244
23 2012 239.2  8.7  8.1  0.6   6 128.4 1797.5 404  393  552  159  332  573  241
24 2013 246.4  7.2  5.4  1.8  25 109.8 1907.4 418  375  548  173  310  608  298
25 2014 256.9 10.5  9.6  0.9   8 166.0 2073.4 404  391  545  154  333  556  223
26 2015 262.9  6.0  5.4  0.6  10  98.0 2171.4 433  422  528  106  370  537  167
27 2016 268.9  6.0  5.1  0.9  15 100.2 2271.6 439  418  558  140  332  619  287

Core Length:  264.9 mm
Core Density: 396 kg/m3
Cross-sectional Density:  397 kg/m3
Early/Latewood Threshold: 500 kg/m3
Attenuation Constant: 3.16

ִִִִִִִִִִִִִִִִִִִִִִִִִִִִִִִִִִִִִִִִִִִִִִִִִִִִִִִִִִִִִִִִִִִִִִִִִִִִִִִ
Core : 5
ֲֲֲִִִִִִִִִִִִִִִִִִִִִִִִִִִִִִִִִִִִִִִִִִִִִִִִִִִִִִִִִִִִִִִִִִִִִִִִִִִִ
       ³Widths (mm)              ³ Areas    ³ Densities (kg/m3)
       ³                         ³ (cm‎)    ³
Ring   ³Outer Ring Erly Late   % ³Incr Total³Ring E/Wd L/Wd Unif  Min  Max  Rng
 # Year³ Rad.      Wood Wood  LW ³          ³mean mean mean
ֱֱֱִִִִִִִִִִִִִִִִִִִִִִִִִִִִִִִִִִִִִִִִִִִִִִִִִִִִִִִִִִִִִִִִִִִִִִִִִִִִ

 1 1990   5.7  5.7  5.7  0.0   0   1.0    1.0 372  372    0    0  278  426  148
 2 1991  18.9 13.2 13.2  0.0   0  10.2   11.2 315  315    0    0  271  425  154
 3 1992  33.3 14.4 14.4  0.0   0  23.6   34.8 305  305    0    0  236  467  231
 4 1993  49.5 16.2 16.2  0.0   0  42.1   77.0 315  315    0    0  265  390  125
 5 1994  66.6 17.1 17.1  0.0   0  62.4  139.3 311  311    0    0  249  480  231
 6 1995  76.5  9.9  9.3  0.6   6  44.5  183.9 350  337  542  205  264  568  304
 7 1996  91.5 15.0 14.7  0.3   2  79.2  263.0 331  328  500  172  266  500  234
 8 1997 104.4 12.9 12.6  0.3   2  79.4  342.4 323  318  506  188  276  506  230
 9 1998 114.9 10.5 10.2  0.3   2  72.3  414.8 374  368  579  211  300  579  279
10 1999 123.0  8.1  7.5  0.6   7  60.5  475.3 401  391  519  128  331  529  198
11 2000 131.1  8.1  7.8  0.3   3  64.7  540.0 348  341  518  177  290  518  228
12 2001 137.7  6.6  6.3  0.3   4  55.7  595.7 364  356  539  183  300  539  239
13 2002 143.7  6.0  5.4  0.6  10  53.0  648.7 362  346  509  163  300  517  217
14 2003 149.4  5.7  4.8  0.9  15  52.5  701.2 397  370  539  169  315  569  254
15 2004 153.9  4.5  4.2  0.3   6  42.9  744.1 416  408  515  107  313  515  202
16 2005 163.2  9.3  9.3  0.0   0  92.6  836.7 333  333    0    0  276  493  217
17 2006 173.1  9.9  9.9  0.0   0 104.6  941.3 360  360    0    0  294  495  201
18 2007 181.2  8.1  8.1  0.0   0  90.2 1031.5 357  357    0    0  285  475  190
19 2008 187.2  6.0  6.0  0.0   0  69.4 1100.9 357  357    0    0  303  448  145
20 2009 193.8  6.6  6.6  0.0   0  79.0 1179.9 361  361    0    0  307  482  175
21 2010 199.2  5.4  5.4  0.0   0  66.7 1246.6 371  371    0    0  314  498  184
22 2011 206.4  7.2  7.2  0.0   0  91.7 1338.3 316  316    0    0  274  478  204
23 2012 212.1  5.7  5.7  0.0   0  74.9 1413.3 352  352    0    0  294  481  187
24 2013 216.6  4.5  3.9  0.6  13  60.6 1473.9 358  333  519  186  298  533  235
25 2014 221.4  4.8  4.8  0.0   0  66.0 1539.9 359  359    0    0  305  499  194
26 2015 225.3  3.9  3.9  0.0   0  54.7 1594.7 400  400    0    0  315  468  153
27 2016 228.3  3.0  2.7  0.3  10  42.8 1637.4 384  371  501  130  293  501  208

Core Length:  228.3 mm
Core Density: 355 kg/m3
Cross-sectional Density:  354 kg/m3
Early/Latewood Threshold: 500 kg/m3
Attenuation Constant: 3.16

ִִִִִִִִִִִִִִִִִִִִִִִִִִִִִִִִִִִִִִִִִִִִִִִִִִִִִִִִִִִִִִִִִִִִִִִִִִִִִִִ
Core : 14
ֲֲֲִִִִִִִִִִִִִִִִִִִִִִִִִִִִִִִִִִִִִִִִִִִִִִִִִִִִִִִִִִִִִִִִִִִִִִִִִִִִ
       ³Widths (mm)              ³ Areas    ³ Densities (kg/m3)
       ³                         ³ (cm‎)    ³
Ring   ³Outer Ring Erly Late   % ³Incr Total³Ring E/Wd L/Wd Unif  Min  Max  Rng
 # Year³ Rad.      Wood Wood  LW ³          ³mean mean mean
ֱֱֱִִִִִִִִִִִִִִִִִִִִִִִִִִִִִִִִִִִִִִִִִִִִִִִִִִִִִִִִִִִִִִִִִִִִִִִִִִִִ

 2 1990  18.4 18.4 11.4  0.0   0  10.6   10.6 338  338    0    0  266  457  191
 3 1991  34.0 15.6 15.6  0.0   0  25.7   36.3 312  312    0    0  258  469  211
 4 1992  51.7 17.7 17.1  0.6   3  47.7   84.0 335  329  505  176  267  509  242
 5 1993  71.5 19.8 19.8  0.0   0  76.6  160.6 334  334    0    0  270  460  190
 6 1994  88.9 17.4 17.1  0.3   1  87.7  248.3 345  342  517  175  273  517  244
 7 1995 100.9 12.0 11.4  0.6   5  71.6  319.8 382  371  591  220  311  598  287
 8 1996 112.3 11.4  9.9  1.5  13  76.4  396.2 383  359  541  182  297  596  299
 9 1997 126.4 14.1 13.5  0.6   4 105.7  501.9 359  351  522  171  302  522  220
10 1998 138.7 12.3 11.7  0.6   4 102.4  604.4 382  373  549  176  327  550  223
11 1999 146.8  8.1  6.9  1.2  14  72.7  677.0 423  405  527  122  351  564  213
12 2000 154.9  8.1  7.8  0.3   3  76.8  753.8 357  351  538  187  299  538  239
13 2001 161.8  6.9  6.3  0.6   8  68.7  822.4 360  342  541  199  275  563  288
14 2002 169.3  7.5  7.2  0.3   4  78.0  900.5 367  361  523  162  300  523  223
15 2003 176.2  6.9  5.7  1.2  17  74.9  975.4 399  366  555  189  308  597  289
16 2004 182.5  6.3  5.7  0.6   9  71.0 1046.3 444  434  541  107  343  546  203
17 2005 195.4 12.9 12.3  0.6   4 153.1 1199.5 329  320  518  198  271  523  252
18 2006 205.6 10.2  9.0  1.2  11 128.5 1328.0 388  370  524  154  323  553  230
19 2007 214.6  9.0  8.4  0.6   6 118.8 1446.8 393  384  521  137  326  529  203
20 2008 221.8  7.2  6.6  0.6   8  98.7 1545.5 392  382  510  128  321  511  190
21 2009 228.7  6.9  6.6  0.3   4  97.7 1643.2 369  362  513  151  303  513  210
22 2010 235.3  6.6  6.0  0.6   9  96.2 1739.4 399  383  563  180  327  564  237
23 2011 242.8  7.5  6.9  0.6   8 112.6 1852.0 359  345  524  179  306  537  231
24 2012 249.4  6.6  6.0  0.6   9 102.1 1954.1 414  402  534  132  358  557  199
25 2013 255.1  5.7  5.4  0.3   5  90.3 2044.4 385  377  524  147  326  524  198
26 2014 260.8  5.7  5.4  0.3   5  92.4 2136.8 380  373  511  138  332  511  179
27 2015 265.6  4.8  4.5  0.3   6  79.4 2216.2 414  407  525  118  333  525  192
28 2016 268.9  3.3  3.3  0.0   0  55.4 2271.6 411  411    0    0  336  487  151

Core Length:  261.9 mm
Core Density: 376 kg/m3
Cross-sectional Density:  377 kg/m3
Early/Latewood Threshold: 500 kg/m3
Attenuation Constant: 3.16

ִִִִִִִִִִִִִִִִִִִִִִִִִִִִִִִִִִִִִִִִִִִִִִִִִִִִִִִִִִִִִִִִִִִִִִִִִִִִִִִ
Core : 16
ֲֲֲִִִִִִִִִִִִִִִִִִִִִִִִִִִִִִִִִִִִִִִִִִִִִִִִִִִִִִִִִִִִִִִִִִִִִִִִִִִִ
       ³Widths (mm)              ³ Areas    ³ Densities (kg/m3)
       ³                         ³ (cm‎)    ³
Ring   ³Outer Ring Erly Late   % ³Incr Total³Ring E/Wd L/Wd Unif  Min  Max  Rng
 # Year³ Rad.      Wood Wood  LW ³          ³mean mean mean
ֱֱֱִִִִִִִִִִִִִִִִִִִִִִִִִִִִִִִִִִִִִִִִִִִִִִִִִִִִִִִִִִִִִִִִִִִִִִִִִִִִ

 3 1992  24.3 24.3 18.3  0.0   0  18.6   18.6 324  324    0    0  234  469  235
 4 1993  42.6 18.3 18.3  0.0   0  38.5   57.0 274  274    0    0  223  447  224
 5 1994  59.4 16.8 16.2  0.6   3  53.8  110.8 299  291  511  220  239  523  284
 6 1995  77.1 17.7 17.7  0.0   0  75.9  186.7 309  309    0    0  259  461  202
 7 1996  95.1 18.0 18.0  0.0   0  97.4  284.1 326  326    0    0  266  456  190
 8 1997 114.6 19.5 18.9  0.6   3 128.5  412.6 356  351  505  154  267  506  239
 9 1998 135.6 21.0 21.0  0.0   0 165.1  577.7 317  317    0    0  257  470  213
10 1999 151.8 16.2 16.2  0.0   0 146.3  723.9 314  314    0    0  260  488  228
11 2000 165.0 13.2 12.6  0.6   4 131.4  855.3 344  334  547  213  283  551  268
12 2001 173.7  8.7  8.7  0.0   0  92.6  947.9 383  383    0    0  313  469  156
13 2002 183.0  9.3  9.3  0.0   0 104.2 1052.1 318  318    0    0  279  408  129
14 2003 188.4  5.4  5.4  0.0   0  63.0 1115.1 320  320    0    0  253  442  189
15 2004 195.6  7.2  7.2  0.0   0  86.9 1202.0 337  337    0    0  240  458  218
16 2005 206.7 11.1 10.8  0.3   2 140.3 1342.2 311  306  509  203  253  509  256
17 2006 216.0  9.3  8.1  1.2  12 123.5 1465.7 376  352  536  184  284  580  296
18 2007 225.3  9.3  8.7  0.6   6 128.9 1594.7 383  373  541  168  306  576  270
19 2008 234.0  8.7  8.4  0.3   3 125.5 1720.2 372  367  514  147  295  514  219
20 2009 240.9  6.9  6.9  0.0   0 102.9 1823.2 347  347    0    0  274  469  195
21 2010 246.6  5.7  5.4  0.3   5  87.3 1910.5 377  369  521  152  297  521  224
22 2011 256.8 10.2 10.2  0.0   0 161.3 2071.8 324  324    0    0  271  475  204
23 2012 263.7  6.9  6.6  0.3   4 112.8 2184.6 368  361  509  148  303  509  206
24 2013 270.6  6.9  6.9  0.0   0 115.8 2300.4 364  364    0    0  294  490  196
25 2014 278.4  7.8  7.8  0.0   0 134.5 2434.9 351  351    0    0  278  456  178
26 2015 285.0  6.6  6.6  0.0   0 116.8 2551.8 387  387    0    0  302  480  178
27 2016 289.2  4.2  4.2  0.0   0  75.8 2627.5 369  369    0    0  291  477  186

Core Length:  283.2 mm
Core Density: 342 kg/m3
Cross-sectional Density:  344 kg/m3
Early/Latewood Threshold: 500 kg/m3
Attenuation Constant: 3.16

ִִִִִִִִִִִִִִִִִִִִִִִִִִִִִִִִִִִִִִִִִִִִִִִִִִִִִִִִִִִִִִִִִִִִִִִִִִִִִִִ
Core : 18
ֲֲֲִִִִִִִִִִִִִִִִִִִִִִִִִִִִִִִִִִִִִִִִִִִִִִִִִִִִִִִִִִִִִִִִִִִִִִִִִִִִ
       ³Widths (mm)              ³ Areas    ³ Densities (kg/m3)
       ³                         ³ (cm‎)    ³
Ring   ³Outer Ring Erly Late   % ³Incr Total³Ring E/Wd L/Wd Unif  Min  Max  Rng
 # Year³ Rad.      Wood Wood  LW ³          ³mean mean mean
ֱֱֱִִִִִִִִִִִִִִִִִִִִִִִִִִִִִִִִִִִִִִִִִִִִִִִִִִִִִִִִִִִִִִִִִִִִִִִִִִִִ

 1 1989   3.3  3.3  3.3  0.0   0   0.3    0.3 415  415    0    0  276  466  190
 2 1990  13.5 10.2 10.2  0.0   0   5.4    5.7 308  308    0    0  224  396  172
 3 1991  30.3 16.8 16.8  0.0   0  23.1   28.8 306  306    0    0  233  422  189
 4 1992  42.6 12.3 12.0  0.3   2  28.2   57.0 383  380  513  133  285  513  228
 5 1993  63.9 21.3 21.3  0.0   0  71.3  128.3 341  341    0    0  273  450  177
 6 1994  80.7 16.8 16.5  0.3   1  76.3  204.6 351  348  542  194  275  542  267
 7 1995  92.4 11.7 11.1  0.6   5  63.6  268.2 387  378  552  174  319  558  239
 8 1996 106.2 13.8 13.5  0.3   2  86.1  354.3 350  346  522  176  274  522  248
 9 1997 122.7 16.5 16.5  0.0   0 118.7  473.0 317  317    0    0  245  497  252
10 1998 135.6 12.9 12.0  0.9   6 104.7  577.7 341  327  521  194  269  541  272
11 1999 144.9  9.3  9.0  0.3   3  82.0  659.6 358  353  506  153  285  506  221
12 2000 156.0 11.1 11.1  0.0   0 104.9  764.5 322  322    0    0  253  499  246
13 2001 165.3  9.3  8.7  0.6   6  93.9  858.4 317  303  510  207  256  514  258
14 2002 172.8  7.5  7.5  0.0   0  79.7  938.1 321  321    0    0  249  457  208
15 2003 179.4  6.6  5.7  0.9  13  73.0 1011.1 352  324  528  204  272  551  279
16 2004 183.9  4.5  4.2  0.3   6  51.4 1062.5 399  387  570  183  339  570  231
17 2005 193.8  9.9  9.6  0.3   3 117.5 1179.9 305  297  556  259  241  556  315
18 2006 202.8  9.0  8.4  0.6   6 112.1 1292.1 372  360  532  172  279  557  278
19 2007 212.7  9.9  9.3  0.6   6 129.2 1421.3 344  331  546  215  263  563  300
20 2008 222.6  9.9  9.3  0.6   6 135.4 1556.7 341  328  541  213  277  579  302
21 2009 232.5  9.9  9.6  0.3   3 141.5 1698.2 313  306  522  216  264  522  258
22 2010 239.4  6.9  6.3  0.6   8 102.3 1800.5 348  331  531  200  276  542  266
23 2011 250.5 11.1 10.8  0.3   2 170.8 1971.4 307  301  518  217  239  518  279
24 2012 258.0  7.5  7.2  0.3   4 119.8 2091.2 343  334  559  225  289  559  270
25 2013 263.7  5.7  5.1  0.6  10  93.4 2184.6 367  345  553  208  295  591  296
26 2014 272.7  9.0  8.7  0.3   3 151.7 2336.3 345  339  530  191  301  530  229
27 2015 278.1  5.4  5.1  0.3   5  93.4 2429.7 361  351  531  180  297  531  234
28 2016 282.0  3.9  3.9  0.0   0  68.6 2498.3 339  339    0    0  287  420  133

Core Length:  282.0 mm
Core Density: 344 kg/m3
Cross-sectional Density:  339 kg/m3
Early/Latewood Threshold: 500 kg/m3
Attenuation Constant: 3.16

ִִִִִִִִִִִִִִִִִִִִִִִִִִִִִִִִִִִִִִִִִִִִִִִִִִִִִִִִִִִִִִִִִִִִִִִִִִִִִִִ
Core : 26
ֲֲֲִִִִִִִִִִִִִִִִִִִִִִִִִִִִִִִִִִִִִִִִִִִִִִִִִִִִִִִִִִִִִִִִִִִִִִִִִִִִ
       ³Widths (mm)              ³ Areas    ³ Densities (kg/m3)
       ³                         ³ (cm‎)    ³
Ring   ³Outer Ring Erly Late   % ³Incr Total³Ring E/Wd L/Wd Unif  Min  Max  Rng
 # Year³ Rad.      Wood Wood  LW ³          ³mean mean mean
ֱֱֱִִִִִִִִִִִִִִִִִִִִִִִִִִִִִִִִִִִִִִִִִִִִִִִִִִִִִִִִִִִִִִִִִִִִִִִִִִִִ

 5 1993  24.1 24.1 14.1  0.0   0  18.2   18.2 310  310    0    0  257  441  184
 6 1994  40.0 15.9 15.9  0.0   0  32.0   50.3 331  331    0    0  262  439  177
 7 1995  53.8 13.8 12.9  0.9   6  40.7   90.9 353  339  553  214  260  583  323
 8 1996  71.8 18.0 18.0  0.0   0  71.0  162.0 334  334    0    0  269  488  219
 9 1997  91.9 20.1 20.1  0.0   0 103.4  265.3 316  316    0    0  275  485  210
10 1998 109.9 18.0 15.9  2.1  11 114.1  379.4 366  344  533  189  290  562  272
11 1999 122.8 12.9 12.0  0.9   6  94.3  473.7 398  386  560  174  296  569  273
12 2000 139.6 16.8 16.2  0.6   3 138.5  612.2 328  321  503  182  274  505  231
13 2001 152.5 12.9 12.3  0.6   4 118.4  730.6 346  338  515  177  267  517  250
14 2002 163.9 11.4 11.4  0.0   0 113.3  843.9 336  336    0    0  266  481  215
15 2003 174.7 10.8  9.0  1.8  16 114.9  958.8 376  340  558  218  294  605  311
16 2004 182.5  7.8  6.9  0.9  11  87.5 1046.3 434  419  543  124  323  551  228
17 2005 197.2 14.7 13.5  1.2   8 175.4 1221.7 353  338  519  181  271  523  252
18 2006 210.4 13.2 11.4  1.8  13 169.0 1390.7 399  379  523  144  304  559  255
19 2007 219.4  9.0  7.5  1.5  16 121.5 1512.2 397  369  538  169  332  571  239
20 2008 229.3  9.9  9.0  0.9   9 139.6 1651.8 379  362  552  190  283  573  290
21 2009 240.4 11.1 11.1  0.0   0 163.8 1815.6 359  359    0    0  287  468  181
22 2010 249.1  8.7  7.5  1.2  13 133.8 1949.4 388  364  534  170  313  554  241
23 2011 259.3 10.2  9.9  0.3   2 162.9 2112.3 343  337  534  197  278  534  256
24 2012 269.5 10.2  9.6  0.6   5 169.4 2281.7 373  365  508  143  312  508  196
25 2013 276.7  7.2  6.9  0.3   4 123.5 2405.3 364  358  503  145  296  503  207
26 2014 284.5  7.8  7.5  0.3   3 137.5 2542.8 367  361  516  155  300  516  216
27 2015 292.3  7.8  7.2  0.6   7 141.3 2684.2 395  383  540  157  321  557  236
28 2016 298.9  6.6  5.7  0.9  13 122.6 2806.7 383  356  555  199  304  583  279

Core Length:  288.9 mm
Core Density: 363 kg/m3
Cross-sectional Density:  367 kg/m3
Early/Latewood Threshold: 500 kg/m3
Attenuation Constant: 3.16

ִִִִִִִִִִִִִִִִִִִִִִִִִִִִִִִִִִִִִִִִִִִִִִִִִִִִִִִִִִִִִִִִִִִִִִִִִִִִִִִ
Core : 30
ֲֲֲִִִִִִִִִִִִִִִִִִִִִִִִִִִִִִִִִִִִִִִִִִִִִִִִִִִִִִִִִִִִִִִִִִִִִִִִִִִִ
       ³Widths (mm)              ³ Areas    ³ Densities (kg/m3)
       ³                         ³ (cm‎)    ³
Ring   ³Outer Ring Erly Late   % ³Incr Total³Ring E/Wd L/Wd Unif  Min  Max  Rng
 # Year³ Rad.      Wood Wood  LW ³          ³mean mean mean
ֱֱֱִִִִִִִִִִִִִִִִִִִִִִִִִִִִִִִִִִִִִִִִִִִִִִִִִִִִִִִִִִִִִִִִִִִִִִִִִִִִ

 2 1992  12.9 12.9 12.9  0.0   0   5.2    5.2 324  324    0    0  254  463  209
 3 1993  29.7 16.8 16.5  0.3   1  22.5   27.7 334  331  521  190  272  521  249
 4 1994  46.8 17.1 17.1  0.0   0  41.1   68.8 351  351    0    0  275  487  212
 5 1995  64.5 17.7 17.4  0.3   1  61.9  130.7 321  317  572  255  252  572  320
 6 1996  76.8 12.3 11.7  0.6   4  54.6  185.3 342  333  524  191  282  532  250
 7 1997  90.0 13.2 12.9  0.3   2  69.2  254.5 311  307  502  195  261  502  241
 8 1998 101.1 11.1 10.5  0.6   5  66.6  321.1 322  310  524  214  271  529  258
 9 1999 107.4  6.3  6.0  0.3   4  41.3  362.4 369  362  508  146  287  508  221
10 2000 114.9  7.5  7.2  0.3   4  52.4  414.8 331  324  511  187  276  511  235
11 2001 123.0  8.1  7.8  0.3   3  60.5  475.3 344  336  555  219  273  555  282
12 2002 129.9  6.9  6.3  0.6   8  54.8  530.1 358  344  510  166  279  521  242
13 2003 139.2  9.3  8.4  0.9   9  78.6  608.7 345  326  528  202  277  547  270
14 2004 144.9  5.7  5.1  0.6  10  50.9  659.6 424  412  529  117  338  540  202
15 2005 160.8 15.9 15.3  0.6   3 152.7  812.3 331  323  526  203  252  543  291
16 2006 174.3 13.5 11.7  1.8  13 142.1  954.4 385  364  522  158  317  549  232
17 2007 186.9 12.6 11.4  1.2   9 143.0 1097.4 390  373  555  182  326  590  264
18 2008 196.2  9.3  8.7  0.6   6 111.9 1209.3 360  349  522  173  309  530  221
19 2009 207.9 11.7 11.4  0.3   2 148.5 1357.9 350  345  548  203  291  548  257
20 2010 215.7  7.8  7.2  0.6   7 103.8 1461.7 370  353  581  228  298  587  289
21 2011 224.4  8.7  8.4  0.3   3 120.3 1582.0 357  351  521  170  288  521  233
22 2012 231.6  7.2  6.6  0.6   8 103.1 1685.1 391  375  563  188  315  588  273
23 2013 237.0  5.4  4.8  0.6  11  79.5 1764.6 363  336  573  237  291  601  310
24 2014 242.1  5.1  4.5  0.6  11  76.8 1841.4 377  358  522  164  301  527  226
25 2015 247.2  5.1  4.2  0.9  17  78.4 1919.8 404  375  542  167  308  564  256
26 2016 252.9  5.7  5.4  0.3   5  89.6 2009.3 351  338  585  247  291  585  294

Core Length:  252.9 mm
Core Density: 356 kg/m3
Cross-sectional Density:  359 kg/m3
Early/Latewood Threshold: 500 kg/m3
Attenuation Constant: 3.16

ִִִִִִִִִִִִִִִִִִִִִִִִִִִִִִִִִִִִִִִִִִִִִִִִִִִִִִִִִִִִִִִִִִִִִִִִִִִִִִִ
Core : 38
ֲֲֲִִִִִִִִִִִִִִִִִִִִִִִִִִִִִִִִִִִִִִִִִִִִִִִִִִִִִִִִִִִִִִִִִִִִִִִִִִִִ
       ³Widths (mm)              ³ Areas    ³ Densities (kg/m3)
       ³                         ³ (cm‎)    ³
Ring   ³Outer Ring Erly Late   % ³Incr Total³Ring E/Wd L/Wd Unif  Min  Max  Rng
 # Year³ Rad.      Wood Wood  LW ³          ³mean mean mean
ֱֱֱִִִִִִִִִִִִִִִִִִִִִִִִִִִִִִִִִִִִִִִִִִִִִִִִִִִִִִִִִִִִִִִִִִִִִִִִִִִִ

 1 1990   3.9  3.9  3.9  0.0   0   0.5    0.5 388  388    0    0  264  487  223
 2 1991  10.5  6.6  6.6  0.0   0   3.0    3.5 364  364    0    0  312  444  132
 3 1992  28.2 17.7 17.7  0.0   0  21.5   25.0 304  304    0    0  249  422  173
 4 1993  45.6 17.4 17.4  0.0   0  40.3   65.3 308  308    0    0  245  447  202
 5 1994  62.1 16.5 16.5  0.0   0  55.8  121.2 302  302    0    0  248  401  153
 6 1995  87.6 25.5 25.2  0.3   1 119.9  241.1 313  311  505  194  233  505  272
 7 1996 104.7 17.1 17.1  0.0   0 103.3  344.4 317  317    0    0  243  488  245
 8 1997 123.0 18.3 18.3  0.0   0 130.9  475.3 316  316    0    0  268  465  197
 9 1998 138.3 15.3 13.8  1.5   9 125.6  600.9 351  332  526  194  295  549  254
10 1999 147.9  9.6  9.0  0.6   6  86.3  687.2 388  377  549  172  290  565  275
11 2000 158.7 10.8 10.5  0.3   2 104.0  791.2 330  324  532  208  271  532  261
12 2001 167.4  8.7  8.1  0.6   6  89.1  880.4 344  327  563  236  276  576  300
13 2002 174.0  6.6  6.3  0.3   4  70.8  951.1 354  346  512  166  288  512  224
14 2003 181.5  7.5  5.7  1.8  24  83.8 1034.9 404  358  551  193  308  659  351
15 2004 187.2  5.7  5.7  0.0   0  66.0 1100.9 436  436    0    0  395  496  101
16 2005 201.6 14.4 14.4  0.0   0 175.9 1276.8 335  335    0    0  280  495  215
17 2006 212.7 11.1 11.1  0.0   0 144.5 1421.3 377  377    0    0  306  497  191
18 2007 222.6  9.9  9.3  0.6   6 135.4 1556.7 371  361  520  159  315  524  209
19 2008 231.0  8.4  8.1  0.3   3 119.7 1676.4 363  356  554  198  306  554  248
20 2009 238.8  7.8  7.5  0.3   3 115.1 1791.5 356  350  505  155  304  505  201
21 2010 245.1  6.3  6.0  0.3   4  95.8 1887.3 377  369  541  172  324  541  217
22 2011 252.0  6.9  6.3  0.6   8 107.8 1995.0 352  335  532  197  291  562  271
23 2012 260.4  8.4  8.1  0.3   3 135.2 2130.3 370  364  527  163  319  527  208
24 2013 265.8  5.4  4.8  0.6  11  89.3 2219.5 384  362  558  196  326  593  267
25 2014 273.0  7.2  6.9  0.3   4 121.9 2341.4 374  366  559  193  325  559  234
26 2015 280.2  7.2  6.9  0.3   4 125.1 2466.5 408  400  589  189  342  589  247
27 2016 285.9  5.7  5.1  0.6  10 101.4 2567.9 407  385  591  206  321  626  305

Core Length:  285.9 mm
Core Density: 359 kg/m3
Cross-sectional Density:  359 kg/m3
Early/Latewood Threshold: 500 kg/m3
Attenuation Constant: 3.16

ִִִִִִִִִִִִִִִִִִִִִִִִִִִִִִִִִִִִִִִִִִִִִִִִִִִִִִִִִִִִִִִִִִִִִִִִִִִִִִִ
Core : 43
ֲֲֲִִִִִִִִִִִִִִִִִִִִִִִִִִִִִִִִִִִִִִִִִִִִִִִִִִִִִִִִִִִִִִִִִִִִִִִִִִִִ
       ³Widths (mm)              ³ Areas    ³ Densities (kg/m3)
       ³                         ³ (cm‎)    ³
Ring   ³Outer Ring Erly Late   % ³Incr Total³Ring E/Wd L/Wd Unif  Min  Max  Rng
 # Year³ Rad.      Wood Wood  LW ³          ³mean mean mean
ֱֱֱִִִִִִִִִִִִִִִִִִִִִִִִִִִִִִִִִִִִִִִִִִִִִִִִִִִִִִִִִִִִִִִִִִִִִִִִִִִִ

 5 1994  15.4 15.4 13.8  0.6   3   7.5    7.5 363  354  581  227  296  591  295
 6 1995  26.5 11.1 10.5  0.6   5  14.6   22.1 341  328  566  238  281  597  316
 7 1996  40.6 14.1 12.6  1.5  10  29.7   51.8 347  324  536  212  264  598  334
 8 1997  61.0 20.4 20.4  0.0   0  65.1  116.9 324  324    0    0  259  498  239
 9 1998  77.2 16.2 14.4  1.8  11  70.3  187.2 361  331  600  269  298  652  354
10 1999  90.4 13.2 12.0  1.2   9  69.5  256.7 395  375  592  217  312  604  292
11 2000 106.0 15.6 14.7  0.9   5  96.3  353.0 330  317  542  225  264  586  322
12 2001 118.9 12.9 11.7  1.2   9  91.1  444.1 340  319  544  225  260  591  331
13 2002 131.8 12.9 12.9  0.0   0 101.6  545.7 331  331    0    0  274  496  222
14 2003 145.0 13.2 12.0  1.2   9 114.8  660.5 359  338  567  229  269  591  322
15 2004 155.8 10.8  9.6  1.2  11 102.1  762.6 401  383  552  169  334  568  234
16 2005 177.1 21.3 20.1  1.2   5 222.8  985.3 335  323  535  212  259  558  299
17 2006 199.9 22.8 21.3  1.5   6 270.0 1255.4 379  366  556  190  301  574  273
18 2007 221.2 21.3 19.5  1.8   8 281.8 1537.2 376  359  558  199  278  614  336
19 2008 242.2 21.0 19.5  1.5   7 305.7 1842.9 375  359  571  212  288  610  322
20 2009 262.0 19.8 18.9  0.9   4 313.6 2156.5 337  329  515  186  289  522  233
21 2010 277.6 15.6 14.4  1.2   7 264.5 2421.0 348  332  543  211  286  583  297
22 2011 297.4 19.8 18.9  0.9   4 357.7 2778.6 333  323  537  214  278  579  301
23 2012 313.3 15.9 15.3  0.6   3 305.1 3083.7 339  331  549  218  255  552  297
24 2013 325.6 12.3 12.0  0.3   2 246.9 3330.6 333  329  510  181  286  510  224
25 2014 336.7 11.1 11.1  0.0   0 231.0 3561.5 324  324    0    0  253  480  227
26 2015 344.5  7.8  7.2  0.6   7 166.9 3728.4 340  324  531  207  272  541  269
27 2016 350.2  5.7  5.4  0.3   5 124.4 3852.9 332  320  554  234  277  554  277

Core Length:  349.2 mm
Core Density: 349 kg/m3
Cross-sectional Density:  348 kg/m3
Early/Latewood Threshold: 500 kg/m3
Attenuation Constant: 3.16

ִִִִִִִִִִִִִִִִִִִִִִִִִִִִִִִִִִִִִִִִִִִִִִִִִִִִִִִִִִִִִִִִִִִִִִִִִִִִִִִ
Core : 47
ֲֲֲִִִִִִִִִִִִִִִִִִִִִִִִִִִִִִִִִִִִִִִִִִִִִִִִִִִִִִִִִִִִִִִִִִִִִִִִִִִִ
       ³Widths (mm)              ³ Areas    ³ Densities (kg/m3)
       ³                         ³ (cm‎)    ³
Ring   ³Outer Ring Erly Late   % ³Incr Total³Ring E/Wd L/Wd Unif  Min  Max  Rng
 # Year³ Rad.      Wood Wood  LW ³          ³mean mean mean
ֱֱֱִִִִִִִִִִִִִִִִִִִִִִִִִִִִִִִִִִִִִִִִִִִִִִִִִִִִִִִִִִִִִִִִִִִִִִִִִִִִ

 8 1997  27.9 27.9 14.7  1.2   4  24.5   24.5 397  385  544  159  321  569  248
 9 1998  42.6 14.7 13.5  1.2   8  32.6   57.0 386  369  575  206  331  625  294
10 1999  49.8  7.2  6.0  1.2  16  20.9   77.9 422  398  543  145  353  560  207
11 2000  61.5 11.7 11.1  0.6   5  40.9  118.8 353  344  530  186  293  557  264
12 2001  70.2  8.7  7.8  0.9  10  36.0  154.8 362  338  575  237  286  652  366
13 2002  77.4  7.2  6.6  0.6   8  33.4  188.2 378  364  523  159  323  536  213
14 2003  86.4  9.0  7.8  1.2  13  46.3  234.5 388  360  566  206  306  636  330
15 2004  93.6  7.2  5.1  2.1  29  40.7  275.2 451  412  547  135  351  597  246
16 2005 103.2  9.6  9.3  0.3   3  59.4  334.6 315  309  524  215  268  524  256
17 2006 114.9 11.7 10.5  1.2  10  80.2  414.8 384  365  549  184  305  578  273
18 2007 126.3 11.4 10.5  0.9   7  86.4  501.1 380  363  575  212  291  615  324
19 2008 135.6  9.3  9.0  0.3   3  76.5  577.7 356  350  522  172  295  522  227
20 2009 142.8  7.2  6.9  0.3   4  63.0  640.6 367  359  563  204  277  563  286
21 2010 150.0  7.2  6.6  0.6   8  66.2  706.9 361  344  552  208  303  565  262
22 2011 159.0  9.0  8.7  0.3   3  87.4  794.2 323  315  564  249  265  564  299
23 2012 167.4  8.4  7.8  0.6   7  86.1  880.4 351  336  548  212  275  575  300
24 2013 174.3  6.9  6.0  0.9  13  74.1  954.4 383  355  572  217  294  589  295
25 2014 182.7  8.4  8.1  0.3   3  94.2 1048.6 361  355  541  186  303  541  238
26 2015 189.0  6.3  5.4  0.9  14  73.6 1122.2 406  380  563  183  303  573  270
27 2016 193.8  4.8  4.2  0.6  12  57.7 1179.9 399  371  589  218  290  658  368

Core Length:  181.8 mm
Core Density: 376 kg/m3
Cross-sectional Density:  371 kg/m3
Early/Latewood Threshold: 500 kg/m3
Attenuation Constant: 3.16

