File : C:\DENSITOM\OTAGOC~1\OCST26.DAT
Cores :
2
5
7
11
16
20
24
32
34
45
47
49

ִִִִִִִִִִִִִִִִִִִִִִִִִִִִִִִִִִִִִִִִִִִִִִִִִִִִִִִִִִִִִִִִִִִִִִִִִִִִִִִ
Core : 2
ֲֲֲִִִִִִִִִִִִִִִִִִִִִִִִִִִִִִִִִִִִִִִִִִִִִִִִִִִִִִִִִִִִִִִִִִִִִִִִִִִִ
       ³Widths (mm)              ³ Areas    ³ Densities (kg/m3)
       ³                         ³ (cm‎)    ³
Ring   ³Outer Ring Erly Late   % ³Incr Total³Ring E/Wd L/Wd Unif  Min  Max  Rng
 # Year³ Rad.      Wood Wood  LW ³          ³mean mean mean
ֱֱֱִִִִִִִִִִִִִִִִִִִִִִִִִִִִִִִִִִִִִִִִִִִִִִִִִִִִִִִִִִִִִִִִִִִִִִִִִִִִ

 1 1990  15.3 15.3 15.3  0.0   0   7.4    7.4 334  334    0    0  235  477  242
 2 1991  31.2 15.9 15.9  0.0   0  23.2   30.6 327  327    0    0  237  452  215
 3 1992  48.3 17.1 15.0  2.1  12  42.7   73.3 396  380  516  136  287  555  268
 4 1993  70.5 22.2 21.6  0.6   2  82.9  156.1 387  383  519  136  292  522  230
 5 1994  83.1 12.6 12.3  0.3   2  60.8  216.9 342  338  501  163  292  501  209
 6 1995  94.2 11.1 10.5  0.6   5  61.8  278.8 364  354  535  181  271  540  269
 7 1996 109.5 15.3 12.6  2.7  17  97.9  376.7 376  342  536  194  267  577  310
 8 1997 129.3 19.8 15.6  4.2  21 148.5  525.2 407  374  528  154  254  573  319
 9 1998 141.0 11.7 10.2  1.5  12  99.4  624.6 437  425  520   95  303  535  232
10 1999 148.5  7.5  7.5  0.0   0  68.2  692.8 418  418    0    0  315  492  177
11 2000 156.9  8.4  8.4  0.0   0  80.6  773.4 326  326    0    0  275  480  205
12 2001 161.7  4.8  4.5  0.3   6  48.0  821.4 368  356  551  195  292  551  259
13 2002 166.8  5.1  5.1  0.0   0  52.6  874.1 319  319    0    0  258  439  181
14 2003 171.6  4.8  4.5  0.3   6  51.0  925.1 366  357  510  153  305  510  205
15 2004 174.6  3.0  3.0  0.0   0  32.6  957.7 377  377    0    0  309  469  160
16 2005 183.3  8.7  8.4  0.3   3  97.8 1055.5 332  325  512  187  274  512  238
17 2006 192.9  9.6  9.3  0.3   3 113.5 1169.0 382  378  523  145  279  523  244
18 2007 202.8  9.9  9.0  0.9   9 123.1 1292.1 375  360  520  160  300  530  230
19 2008 210.3  7.5  6.6  0.9  12  97.3 1389.4 382  361  539  178  289  567  278
20 2009 216.9  6.6  6.6  0.0   0  88.6 1478.0 358  358    0    0  286  483  197
21 2010 221.7  4.8  3.9  0.9  18  66.1 1544.1 398  366  534  168  317  545  228
22 2011 228.6  6.9  6.9  0.0   0  97.6 1641.7 316  316    0    0  254  485  231
23 2012 232.5  3.9  3.9  0.0   0  56.5 1698.2 373  373    0    0  311  463  152
24 2013 236.1  3.6  3.0  0.6  16  53.0 1751.2 377  351  506  155  293  512  219
25 2014 240.9  4.8  4.8  0.0   0  71.9 1823.2 375  375    0    0  303  449  146
26 2015 243.9  3.0  2.7  0.3  10  45.7 1868.8 394  381  510  129  305  510  205
27 2016 246.9  3.0  3.0  0.0   0  46.3 1915.1 349  349    0    0  281  485  204

Core Length:  247.2 mm
Core Density: 368 kg/m3
Cross-sectional Density:  372 kg/m3
Early/Latewood Threshold: 500 kg/m3
Attenuation Constant: 3.16

ִִִִִִִִִִִִִִִִִִִִִִִִִִִִִִִִִִִִִִִִִִִִִִִִִִִִִִִִִִִִִִִִִִִִִִִִִִִִִִִ
Core : 5
ֲֲֲִִִִִִִִִִִִִִִִִִִִִִִִִִִִִִִִִִִִִִִִִִִִִִִִִִִִִִִִִִִִִִִִִִִִִִִִִִִִ
       ³Widths (mm)              ³ Areas    ³ Densities (kg/m3)
       ³                         ³ (cm‎)    ³
Ring   ³Outer Ring Erly Late   % ³Incr Total³Ring E/Wd L/Wd Unif  Min  Max  Rng
 # Year³ Rad.      Wood Wood  LW ³          ³mean mean mean
ֱֱֱִִִִִִִִִִִִִִִִִִִִִִִִִִִִִִִִִִִִִִִִִִִִִִִִִִִִִִִִִִִִִִִִִִִִִִִִִִִִ

 3 1991  18.2 18.2 12.9  0.3   1  10.4   10.4 352  349  502  153  269  502  233
 4 1992  32.9 14.7 12.3  2.4  16  23.6   34.0 387  358  533  175  291  566  275
 5 1993  50.0 17.1 15.3  1.8  10  44.5   78.5 419  406  527  121  342  544  202
 6 1994  64.4 14.4 12.9  1.5  10  51.8  130.3 420  406  534  128  340  576  236
 7 1995  80.9 16.5 14.7  1.8  10  75.3  205.6 412  393  564  171  323  619  296
 8 1996  95.3 14.4 11.1  3.3  22  79.7  285.3 391  338  568  230  287  615  328
 9 1997 113.3 18.0 15.6  2.4  13 118.0  403.3 395  370  554  184  302  575  273
10 1998 126.8 13.5 10.2  3.3  24 101.8  505.1 476  438  593  155  343  654  311
11 1999 135.5  8.7  5.7  3.0  34  71.7  576.8 480  450  539   89  336  599  263
12 2000 144.8  9.3  8.4  0.9   9  81.9  658.7 395  374  594  220  315  647  332
13 2001 152.0  7.2  5.7  1.5  20  67.1  725.8 423  381  582  201  331  653  322
14 2002 160.4  8.4  7.2  1.2  14  82.4  808.3 395  372  537  165  321  609  288
15 2003 167.6  7.2  5.1  2.1  29  74.2  882.5 455  390  615  225  334  676  342
16 2004 174.5  6.9  3.0  3.9  56  74.2  956.6 501  426  558  132  365  655  290
17 2005 188.9 14.4 12.9  1.5  10 164.4 1121.0 390  368  577  209  306  608  302
18 2006 201.2 12.3  8.1  4.2  34 150.7 1271.8 454  409  543  134  360  603  243
19 2007 211.4 10.2  8.1  2.1  20 132.2 1404.0 445  416  556  140  373  620  247
20 2008 221.9 10.5  8.4  2.1  20 142.9 1546.9 430  399  555  156  322  626  304
21 2009 231.2  9.3  8.4  0.9   9 132.4 1679.3 406  392  534  142  291  552  261
22 2010 238.7  7.5  5.7  1.8  24 110.7 1790.0 450  411  574  163  345  621  276
23 2011 249.8 11.1  9.6  1.5  13 170.3 1960.4 399  375  551  176  318  608  290
24 2012 258.2  8.4  4.2  4.2  49 134.1 2094.4 483  420  546  126  354  634  280
25 2013 265.1  6.9  5.1  1.8  26 113.4 2207.8 459  414  585  171  332  647  315
26 2014 274.7  9.6  7.5  2.1  21 162.8 2370.6 442  413  544  131  354  613  259
27 2015 281.6  6.9  4.2  2.7  39 120.6 2491.2 492  432  584  152  384  664  280
28 2016 287.3  5.7  4.2  1.5  26 101.9 2593.1 424  387  528  141  324  579  255

Core Length:  282.6 mm
Core Density: 429 kg/m3
Cross-sectional Density:  433 kg/m3
Early/Latewood Threshold: 500 kg/m3
Attenuation Constant: 3.16

ִִִִִִִִִִִִִִִִִִִִִִִִִִִִִִִִִִִִִִִִִִִִִִִִִִִִִִִִִִִִִִִִִִִִִִִִִִִִִִִ
Core : 7
ֲֲֲִִִִִִִִִִִִִִִִִִִִִִִִִִִִִִִִִִִִִִִִִִִִִִִִִִִִִִִִִִִִִִִִִִִִִִִִִִִִ
       ³Widths (mm)              ³ Areas    ³ Densities (kg/m3)
       ³                         ³ (cm‎)    ³
Ring   ³Outer Ring Erly Late   % ³Incr Total³Ring E/Wd L/Wd Unif  Min  Max  Rng
 # Year³ Rad.      Wood Wood  LW ³          ³mean mean mean
ֱֱֱִִִִִִִִִִִִִִִִִִִִִִִִִִִִִִִִִִִִִִִִִִִִִִִִִִִִִִִִִִִִִִִִִִִִִִִִִִִִ

 3 1991  15.9 15.9  9.6  0.3   1   7.9    7.9 365  361  500  139  303  500  197
 4 1992  29.1 13.2 12.6  0.6   4  18.7   26.6 374  366  529  163  296  531  235
 5 1993  49.8 20.7 20.1  0.6   2  51.3   77.9 381  377  517  140  286  525  239
 6 1994  61.2 11.4 10.2  1.2  10  39.8  117.7 404  387  556  169  325  587  262
 7 1995  77.1 15.9 14.4  1.5   9  69.1  186.7 401  383  575  192  312  613  301
 8 1996  94.2 17.1 15.6  1.5   8  92.0  278.8 382  367  535  168  296  564  268
 9 1997 111.9 17.7 15.3  2.4  13 114.6  393.4 384  357  554  197  302  594  292
10 1998 127.2 15.3 11.7  3.6  23 114.9  508.3 457  420  578  158  363  612  249
11 1999 138.6 11.4  6.9  4.5  39  95.2  603.5 483  447  537   90  384  609  225
12 2000 149.7 11.1  9.6  1.5  13 100.5  704.0 399  371  574  203  324  608  284
13 2001 159.6  9.9  9.0  0.9   9  96.2  800.2 387  369  566  197  313  604  291
14 2002 169.5  9.9  8.4  1.5  15 102.4  902.6 382  349  564  215  276  580  304
15 2003 180.3 10.8  8.7  2.1  19 118.7 1021.3 414  370  595  225  309  649  340
16 2004 187.2  6.9  5.1  1.8  26  79.7 1100.9 458  427  546  119  319  636  317
17 2005 198.6 11.4 10.2  1.2  10 138.2 1239.1 367  347  542  195  283  593  310
18 2006 208.8 10.2  6.6  3.6  35 130.5 1369.7 434  373  545  172  329  584  255
19 2007 218.7  9.9  8.1  1.8  18 133.0 1502.6 412  379  561  182  323  603  280
20 2008 227.4  8.7  6.0  2.7  31 121.9 1624.5 443  388  564  176  333  636  303
21 2009 236.1  8.7  7.5  1.2  13 126.7 1751.2 401  380  532  152  306  586  280
22 2010 243.6  7.5  6.3  1.2  16 113.0 1864.3 395  364  559  195  322  593  271
23 2011 251.4  7.8  6.9  0.9  11 121.3 1985.5 373  351  535  184  295  568  273
24 2012 258.6  7.2  6.3  0.9  12 115.4 2100.9 399  374  573  199  308  600  292
25 2013 264.9  6.3  4.8  1.5  23 103.6 2204.5 408  361  560  199  322  603  281
26 2014 273.0  8.1  7.2  0.9  11 136.9 2341.4 401  379  572  193  318  620  302
27 2015 279.3  6.3  4.2  2.1  33 109.3 2450.7 446  387  564  177  332  660  328
28 2016 284.1  4.8  4.2  0.6  12  85.0 2535.7 424  394  627  233  334  669  335

Core Length:  278.1 mm
Core Density: 406 kg/m3
Cross-sectional Density:  409 kg/m3
Early/Latewood Threshold: 500 kg/m3
Attenuation Constant: 3.16

ִִִִִִִִִִִִִִִִִִִִִִִִִִִִִִִִִִִִִִִִִִִִִִִִִִִִִִִִִִִִִִִִִִִִִִִִִִִִִִִ
Core : 11
ֲֲֲִִִִִִִִִִִִִִִִִִִִִִִִִִִִִִִִִִִִִִִִִִִִִִִִִִִִִִִִִִִִִִִִִִִִִִִִִִִִ
       ³Widths (mm)              ³ Areas    ³ Densities (kg/m3)
       ³                         ³ (cm‎)    ³
Ring   ³Outer Ring Erly Late   % ³Incr Total³Ring E/Wd L/Wd Unif  Min  Max  Rng
 # Year³ Rad.      Wood Wood  LW ³          ³mean mean mean
ֱֱֱִִִִִִִִִִִִִִִִִִִִִִִִִִִִִִִִִִִִִִִִִִִִִִִִִִִִִִִִִִִִִִִִִִִִִִִִִִִִ

 1 1989   2.4  2.4  2.4  0.0   0   0.2    0.2 330  330    0    0  244  402  158
 2 1990  13.2 10.8 10.8  0.0   0   5.3    5.5 369  369    0    0  308  467  159
 3 1991  28.8 15.6 15.6  0.0   0  20.6   26.1 323  323    0    0  253  474  221
 4 1992  44.1 15.3 12.6  2.7  17  35.0   61.1 384  357  513  156  296  528  232
 5 1993  60.3 16.2 13.5  2.7  16  53.1  114.2 405  383  518  135  327  537  210
 6 1994  75.3 15.0 13.8  1.2   8  63.9  178.1 425  416  535  119  334  552  218
 7 1995  83.7  8.4  6.9  1.5  17  42.0  220.1 417  389  549  160  341  593  252
 8 1996  95.4 11.7  9.9  1.8  15  65.8  285.9 395  367  553  186  303  597  294
 9 1997 111.9 16.5 15.0  1.5   9 107.5  393.4 379  364  531  167  300  566  266
10 1998 123.0 11.1  8.7  2.4  21  81.9  475.3 447  418  550  132  359  604  245
11 1999 130.5  7.5  5.1  2.4  32  59.7  535.0 482  449  552  103  382  603  221
12 2000 142.5 12.0 10.8  1.2  10 102.9  637.9 402  388  525  137  297  542  245
13 2001 150.3  7.8  6.6  1.2  15  71.7  709.7 405  377  559  182  323  586  263
14 2002 159.0  8.7  8.1  0.6   6  84.5  794.2 383  369  570  201  304  575  271
15 2003 166.8  7.8  5.4  2.4  30  79.8  874.1 445  387  575  188  347  634  287
16 2004 171.6  4.8  3.0  1.8  37  51.0  925.1 475  421  564  143  369  615  246
17 2005 186.3 14.7 12.6  2.1  14 165.3 1090.4 391  365  545  180  306  566  260
18 2006 205.5 19.2 13.5  5.7  29 236.3 1326.7 446  411  528  117  330  593  263
19 2007 222.3 16.8 13.2  3.6  21 225.8 1552.5 463  431  577  146  371  638  267
20 2008 237.3 15.0 11.7  3.3  22 216.6 1769.1 448  411  579  168  342  666  324
21 2009 251.4 14.1 12.3  1.8  12 216.5 1985.5 429  413  540  127  348  576  228
22 2010 261.6 10.2  6.9  3.3  32 164.4 2149.9 445  399  542  143  341  585  244
23 2011 273.3 11.7 11.1  0.6   5 196.6 2346.5 383  374  539  165  306  559  253
24 2012 280.5  7.2  5.1  2.1  29 125.3 2471.8 448  408  546  138  355  603  248
25 2013 285.3  4.8  3.9  0.9  18  85.3 2557.1 433  397  589  192  328  641  313
26 2014 291.6  6.3  4.2  2.1  33 114.2 2671.3 464  417  557  140  361  644  283
27 2015 296.4  4.8  2.4  2.4  49  88.7 2760.0 495  422  567  145  368  650  282
28 2016 300.9  4.5  2.7  1.8  40  84.4 2844.4 455  392  549  157  348  617  269

Core Length:  300.9 mm
Core Density: 420 kg/m3
Cross-sectional Density:  430 kg/m3
Early/Latewood Threshold: 500 kg/m3
Attenuation Constant: 3.16

ִִִִִִִִִִִִִִִִִִִִִִִִִִִִִִִִִִִִִִִִִִִִִִִִִִִִִִִִִִִִִִִִִִִִִִִִִִִִִִִ
Core : 16
ֲֲֲִִִִִִִִִִִִִִִִִִִִִִִִִִִִִִִִִִִִִִִִִִִִִִִִִִִִִִִִִִִִִִִִִִִִִִִִִִִִ
       ³Widths (mm)              ³ Areas    ³ Densities (kg/m3)
       ³                         ³ (cm‎)    ³
Ring   ³Outer Ring Erly Late   % ³Incr Total³Ring E/Wd L/Wd Unif  Min  Max  Rng
 # Year³ Rad.      Wood Wood  LW ³          ³mean mean mean
ֱֱֱִִִִִִִִִִִִִִִִִִִִִִִִִִִִִִִִִִִִִִִִִִִִִִִִִִִִִִִִִִִִִִִִִִִִִִִִִִִִ

 1 1990   9.4  9.4  8.4  0.0   0   2.8    2.8 358  358    0    0  256  447  191
 2 1991  22.0 12.6 12.6  0.0   0  12.4   15.2 359  359    0    0  283  452  169
 3 1992  35.5 13.5 13.2  0.3   2  24.4   39.6 370  367  506  139  288  506  218
 4 1993  52.3 16.8 16.8  0.0   0  46.3   85.9 381  381    0    0  290  483  193
 5 1994  69.4 17.1 15.9  1.2   7  65.4  151.3 410  401  525  124  327  547  220
 6 1995  85.9 16.5 13.8  2.7  16  80.5  231.8 426  402  551  149  333  621  288
 7 1996 100.0 14.1 11.1  3.0  21  82.3  314.2 408  368  554  186  311  624  313
 8 1997 113.2 13.2 11.1  2.1  15  88.4  402.6 397  367  551  184  307  583  276
 9 1998 123.7 10.5  8.1  2.4  22  78.1  480.7 461  429  568  139  362  633  271
10 1999 133.6  9.9  7.8  2.1  21  80.0  560.7 444  414  554  140  351  588  237
11 2000 142.9  9.3  7.5  1.8  19  80.8  641.5 412  380  547  167  330  600  270
12 2001 149.5  6.6  5.7  0.9  13  60.6  702.2 418  399  538  139  326  566  240
13 2002 156.7  7.2  6.0  1.2  16  69.3  771.4 400  366  570  204  306  586  280
14 2003 163.0  6.3  4.5  1.8  28  63.3  834.7 450  400  574  174  371  635  264
15 2004 167.8  4.8  3.6  1.2  24  49.9  884.6 440  409  531  122  322  555  233
16 2005 179.5 11.7 10.2  1.5  12 127.7 1012.2 393  368  562  194  308  587  279
17 2006 190.0 10.5  7.2  3.3  31 121.9 1134.1 467  415  580  165  368  610  242
18 2007 199.6  9.6  8.7  0.9   9 117.5 1251.6 416  402  550  148  333  591  258
19 2008 208.0  8.4  6.0  2.4  28 107.6 1359.2 437  392  552  160  328  637  309
20 2009 215.5  7.5  6.0  1.5  20  99.8 1459.0 423  395  537  142  309  596  287
21 2010 220.9  5.4  4.2  1.2  22  74.0 1533.0 443  410  558  148  362  617  255
22 2011 229.3  8.4  7.2  1.2  14 118.8 1651.8 401  378  543  165  319  575  256
23 2012 236.5  7.2  5.4  1.8  24 105.4 1757.2 458  427  553  126  371  597  226
24 2013 241.9  5.4  4.5  0.9  16  81.2 1838.3 431  396  605  209  331  661  330
25 2014 249.1  7.2  6.3  0.9  12 111.1 1949.4 436  417  570  153  355  592  237
26 2015 255.4  6.3  4.5  1.8  28  99.9 2049.2 459  420  557  137  337  613  276
27 2016 261.1  5.7  4.2  1.5  26  92.5 2141.7 435  390  562  172  319  655  336

Core Length:  260.1 mm
Core Density: 419 kg/m3
Cross-sectional Density:  426 kg/m3
Early/Latewood Threshold: 500 kg/m3
Attenuation Constant: 3.16

ִִִִִִִִִִִִִִִִִִִִִִִִִִִִִִִִִִִִִִִִִִִִִִִִִִִִִִִִִִִִִִִִִִִִִִִִִִִִִִִ
Core : 20
ֲֲֲִִִִִִִִִִִִִִִִִִִִִִִִִִִִִִִִִִִִִִִִִִִִִִִִִִִִִִִִִִִִִִִִִִִִִִִִִִִִ
       ³Widths (mm)              ³ Areas    ³ Densities (kg/m3)
       ³                         ³ (cm‎)    ³
Ring   ³Outer Ring Erly Late   % ³Incr Total³Ring E/Wd L/Wd Unif  Min  Max  Rng
 # Year³ Rad.      Wood Wood  LW ³          ³mean mean mean
ֱֱֱִִִִִִִִִִִִִִִִִִִִִִִִִִִִִִִִִִִִִִִִִִִִִִִִִִִִִִִִִִִִִִִִִִִִִִִִִִִִ

 3 1991  12.4 12.4  5.4  0.0   0   4.8    4.8 321  321    0    0  249  429  180
 4 1992  31.6 19.2 19.2  0.0   0  26.5   31.4 378  378    0    0  285  478  193
 5 1993  47.5 15.9 15.9  0.0   0  39.5   70.9 360  360    0    0  283  475  192
 6 1994  60.7 13.2 12.9  0.3   2  44.9  115.8 389  386  505  119  302  505  203
 7 1995  75.7 15.0 13.5  1.5   9  64.3  180.0 422  409  535  126  336  548  212
 8 1996  91.9 16.2 15.6  0.6   3  85.3  265.3 370  364  523  159  289  534  245
 9 1997 110.5 18.6 17.7  0.9   4 118.3  383.6 378  370  544  174  298  549  251
10 1998 126.7 16.2 13.8  2.4  14 120.7  504.3 430  413  523  110  315  552  237
11 1999 138.7 12.0 11.7  0.3   2 100.1  604.4 413  410  508   98  280  508  228
12 2000 149.8 11.1 10.8  0.3   2 100.6  705.0 359  355  534  179  295  534  239
13 2001 158.5  8.7  8.4  0.3   3  84.3  789.2 389  385  519  134  310  519  209
14 2002 167.8  9.3  8.7  0.6   6  95.3  884.6 355  345  510  165  290  519  229
15 2003 176.5  8.7  7.2  1.5  17  94.1  978.7 386  358  523  165  300  569  269
16 2004 183.7  7.2  6.0  1.2  16  81.5 1060.2 408  386  520  134  307  545  238
17 2005 196.6 12.9 12.6  0.3   2 154.1 1214.3 340  336  507  171  264  507  243
18 2006 209.2 12.6 12.3  0.3   2 160.6 1374.9 374  371  507  136  304  507  203
19 2007 221.8 12.6 12.0  0.6   4 170.6 1545.5 380  373  525  152  324  530  206
20 2008 233.8 12.0 11.1  0.9   7 171.8 1717.3 397  387  520  133  296  540  244
21 2009 243.7  9.9  9.6  0.3   3 148.5 1865.8 384  380  521  141  310  521  211
22 2010 251.8  8.1  7.2  0.9  11 126.1 1991.9 409  393  538  145  319  550  231
23 2011 259.9  8.1  7.5  0.6   7 130.2 2122.1 391  380  529  149  319  546  227
24 2012 266.8  6.9  5.7  1.2  17 114.2 2236.3 429  405  545  140  340  570  230
25 2013 272.5  5.7  4.5  1.2  21  96.6 2332.8 432  402  542  140  345  586  241
26 2014 277.6  5.1  4.5  0.6  11  88.1 2421.0 429  415  537  122  344  553  209
27 2015 282.1  4.5  3.6  0.9  20  79.1 2500.1 431  404  541  137  338  587  249
28 2016 286.3  4.2  3.6  0.6  14  75.0 2575.1 436  414  569  155  364  593  229

Core Length:  279.3 mm
Core Density: 391 kg/m3
Cross-sectional Density:  393 kg/m3
Early/Latewood Threshold: 500 kg/m3
Attenuation Constant: 3.16

ִִִִִִִִִִִִִִִִִִִִִִִִִִִִִִִִִִִִִִִִִִִִִִִִִִִִִִִִִִִִִִִִִִִִִִִִִִִִִִִ
Core : 24
ֲֲֲִִִִִִִִִִִִִִִִִִִִִִִִִִִִִִִִִִִִִִִִִִִִִִִִִִִִִִִִִִִִִִִִִִִִִִִִִִִִ
       ³Widths (mm)              ³ Areas    ³ Densities (kg/m3)
       ³                         ³ (cm‎)    ³
Ring   ³Outer Ring Erly Late   % ³Incr Total³Ring E/Wd L/Wd Unif  Min  Max  Rng
 # Year³ Rad.      Wood Wood  LW ³          ³mean mean mean
ֱֱֱִִִִִִִִִִִִִִִִִִִִִִִִִִִִִִִִִִִִִִִִִִִִִִִִִִִִִִִִִִִִִִִִִִִִִִִִִִִִ

 1 1989   6.0  6.0  6.0  0.0   0   1.1    1.1 357  357    0    0  315  405   90
 2 1990  12.9  6.9  6.9  0.0   0   4.1    5.2 312  312    0    0  265  369  104
 3 1991  20.1  7.2  7.2  0.0   0   7.5   12.7 331  331    0    0  275  456  181
 4 1992  37.2 17.1 17.1  0.0   0  30.8   43.5 337  337    0    0  271  496  225
 5 1993  54.9 17.7 17.7  0.0   0  51.2   94.7 378  378    0    0  314  494  180
 6 1994  75.9 21.0 20.1  0.9   4  86.3  181.0 379  373  517  144  294  533  239
 7 1995  92.7 16.8 14.4  2.4  14  89.0  270.0 421  399  551  152  312  629  317
 8 1996 111.6 18.9 14.7  4.2  22 121.3  391.3 437  403  556  153  349  588  239
 9 1997 129.9 18.3 15.9  2.4  13 138.8  530.1 422  400  568  168  331  626  295
10 1998 143.4 13.5  8.4  5.1  37 115.9  646.0 486  452  541   89  395  604  209
11 1999 151.8  8.4  6.0  2.4  28  77.9  723.9 480  462  527   65  385  580  195
12 2000 162.9 11.1  8.4  2.7  24 109.7  833.7 438  395  571  176  321  651  330
13 2001 170.4  7.5  5.4  2.1  28  78.5  912.2 449  409  550  141  344  617  273
14 2002 180.9 10.5  7.2  3.3  31 115.9 1028.1 450  398  565  167  330  627  297
15 2003 189.0  8.1  5.4  2.7  33  94.1 1122.2 475  430  566  136  382  633  251
16 2004 194.1  5.1  2.4  2.7  52  61.4 1183.6 507  433  573  140  359  643  284
17 2005 208.2 14.1 11.7  2.4  17 178.2 1361.8 408  379  554  175  309  603  294
18 2006 219.3 11.1  7.2  3.9  35 149.1 1510.9 452  395  559  164  330  619  289
19 2007 230.1 10.8  8.7  2.1  19 152.5 1663.3 450  421  569  148  352  633  281
20 2008 240.0  9.9  7.2  2.7  27 146.2 1809.6 441  399  554  155  326  629  303
21 2009 247.8  7.8  6.6  1.2  15 119.5 1929.1 427  406  540  134  330  568  238
22 2010 254.7  6.9  5.4  1.5  21 108.9 2038.0 433  401  549  148  350  604  254
23 2011 264.9 10.2  9.0  1.2  11 166.5 2204.5 403  381  567  186  308  583  275
24 2012 273.9  9.0  6.9  2.1  23 152.3 2356.9 476  445  578  133  348  666  318
25 2013 279.0  5.1  4.2  0.9  17  88.6 2445.4 448  423  562  139  360  605  245
26 2014 285.6  6.6  5.4  1.2  18 117.1 2562.5 443  414  573  159  333  598  265
27 2015 290.1  4.5  3.3  1.2  26  81.4 2643.9 484  449  580  131  391  651  260
28 2016 295.2  5.1  3.9  1.2  23  93.8 2737.7 449  411  571  160  339  661  322

Core Length:  295.5 mm
Core Density: 427 kg/m3
Cross-sectional Density:  440 kg/m3
Early/Latewood Threshold: 500 kg/m3
Attenuation Constant: 3.16

ִִִִִִִִִִִִִִִִִִִִִִִִִִִִִִִִִִִִִִִִִִִִִִִִִִִִִִִִִִִִִִִִִִִִִִִִִִִִִִִ
Core : 32
ֲֲֲִִִִִִִִִִִִִִִִִִִִִִִִִִִִִִִִִִִִִִִִִִִִִִִִִִִִִִִִִִִִִִִִִִִִִִִִִִִִ
       ³Widths (mm)              ³ Areas    ³ Densities (kg/m3)
       ³                         ³ (cm‎)    ³
Ring   ³Outer Ring Erly Late   % ³Incr Total³Ring E/Wd L/Wd Unif  Min  Max  Rng
 # Year³ Rad.      Wood Wood  LW ³          ³mean mean mean
ֱֱֱִִִִִִִִִִִִִִִִִִִִִִִִִִִִִִִִִִִִִִִִִִִִִִִִִִִִִִִִִִִִִִִִִִִִִִִִִִִִ

 3 1991  16.4 16.4 11.1  0.3   1   8.4    8.4 389  385  518  133  328  518  190
 4 1992  29.0 12.6 11.7  0.9   7  18.0   26.4 397  387  526  139  335  555  220
 5 1993  44.0 15.0 14.4  0.6   4  34.4   60.8 374  368  510  142  304  517  213
 6 1994  60.2 16.2 15.3  0.9   5  53.0  113.9 376  366  545  179  306  566  260
 7 1995  74.3 14.1 11.1  3.0  21  59.6  173.4 424  393  538  145  332  618  286
 8 1996  90.8 16.5 13.2  3.3  20  85.6  259.0 436  403  566  163  358  605  247
 9 1997 105.8 15.0 13.5  1.5  10  92.6  351.7 410  393  565  172  338  608  270
10 1998 120.2 14.4 10.8  3.6  24 102.2  453.9 457  419  573  154  375  646  271
11 1999 131.0 10.8  6.9  3.9  36  85.2  539.1 484  447  549  102  369  627  258
12 2000 143.0 12.0 10.2  1.8  15 103.3  642.4 403  378  544  166  324  598  274
13 2001 152.3  9.3  6.9  2.4  25  86.3  728.7 434  390  561  171  347  650  303
14 2002 165.5 13.2 11.4  1.8  13 131.8  860.5 408  387  538  151  324  567  243
15 2003 172.7  7.2  4.5  2.7  37  76.5  937.0 475  400  601  201  360  681  321
16 2004 178.4  5.7  3.3  2.4  42  62.9  999.9 492  436  569  133  401  656  255
17 2005 191.3 12.9 11.1  1.8  13 149.8 1149.7 426  402  572  170  368  603  235
18 2006 201.8 10.5  6.6  3.9  37 129.7 1279.4 483  422  586  164  370  644  274
19 2007 211.7  9.9  7.8  2.1  21 128.6 1408.0 459  425  586  161  363  658  295
20 2008 222.8 11.1  7.2  3.9  35 151.5 1559.5 480  420  591  171  378  711  333
21 2009 234.8 12.0  8.7  3.3  27 172.5 1732.0 472  433  573  140  371  628  257
22 2010 244.4  9.6  4.5  5.1  53 144.5 1876.5 513  446  573  127  404  637  233
23 2011 258.2 13.8 11.4  2.4  17 217.9 2094.4 424  397  549  152  352  582  230
24 2012 266.0  7.8  4.8  3.0  38 128.5 2222.9 494  448  567  119  419  647  228
25 2013 272.0  6.0  3.0  3.0  50 101.4 2324.3 503  429  577  148  390  687  297
26 2014 278.9  6.9  3.9  3.0  43 119.4 2443.7 497  458  547   89  404  584  180
27 2015 283.4  4.5  0.6  3.9  86  79.5 2523.2 554  440  572  132  400  664  264
28 2016 288.5  5.1  2.7  2.4  47  91.6 2614.8 507  460  561  101  401  600  199

Core Length:  283.8 mm
Core Density: 452 kg/m3
Cross-sectional Density:  459 kg/m3
Early/Latewood Threshold: 500 kg/m3
Attenuation Constant: 3.16

ִִִִִִִִִִִִִִִִִִִִִִִִִִִִִִִִִִִִִִִִִִִִִִִִִִִִִִִִִִִִִִִִִִִִִִִִִִִִִִִ
Core : 34
ֲֲֲִִִִִִִִִִִִִִִִִִִִִִִִִִִִִִִִִִִִִִִִִִִִִִִִִִִִִִִִִִִִִִִִִִִִִִִִִִִִ
       ³Widths (mm)              ³ Areas    ³ Densities (kg/m3)
       ³                         ³ (cm‎)    ³
Ring   ³Outer Ring Erly Late   % ³Incr Total³Ring E/Wd L/Wd Unif  Min  Max  Rng
 # Year³ Rad.      Wood Wood  LW ³          ³mean mean mean
ֱֱֱִִִִִִִִִִִִִִִִִִִִִִִִִִִִִִִִִִִִִִִִִִִִִִִִִִִִִִִִִִִִִִִִִִִִִִִִִִִִ

 3 1991  10.1 10.1  5.1  0.0   0   3.2    3.2 404  404    0    0  304  487  183
 4 1992  21.8 11.7 11.1  0.6   5  11.7   14.9 433  429  521   92  376  542  166
 5 1993  35.9 14.1 14.1  0.0   0  25.6   40.5 391  391    0    0  344  442   98
 6 1994  47.9 12.0 10.8  1.2  10  31.6   72.1 419  408  520  112  352  552  200
 7 1995  62.9 15.0 12.0  3.0  20  52.2  124.3 428  405  521  116  331  555  224
 8 1996  78.8 15.9 12.6  3.3  20  70.8  195.1 409  377  532  155  309  574  265
 9 1997  97.7 18.9 16.8  2.1  11 104.8  299.9 399  383  528  145  336  564  228
10 1998 111.8 14.1 11.4  2.7  19  92.8  392.7 454  434  541  107  362  598  236
11 1999 120.5  8.7  6.9  1.8  20  63.5  456.2 462  442  541   99  400  572  172
12 2000 131.9 11.4  9.9  1.5  13  90.4  546.6 413  388  575  187  312  631  319
13 2001 140.6  8.7  7.2  1.5  17  74.5  621.0 429  403  550  147  338  596  258
14 2002 149.9  9.3  7.8  1.5  16  84.9  705.9 403  377  540  163  334  574  240
15 2003 158.3  8.4  5.4  3.0  35  81.3  787.2 472  413  579  166  367  647  280
16 2004 164.9  6.6  3.9  2.7  40  67.0  854.3 482  438  545  107  384  638  254
17 2005 178.7 13.8 12.9  0.9   6 149.0 1003.2 365  354  530  176  310  561  251
18 2006 190.4 11.7  8.7  3.0  25 135.7 1138.9 427  387  542  155  330  601  271
19 2007 203.9 13.5 10.8  2.7  20 167.2 1306.1 444  417  552  135  364  633  269
20 2008 215.0 11.1  9.3  1.8  16 146.1 1452.2 437  413  560  147  340  645  305
21 2009 224.9  9.9  8.7  1.2  12 136.8 1589.0 416  402  524  122  328  563  235
22 2010 232.4  7.5  5.7  1.8  24 107.7 1696.8 447  411  561  150  334  604  270
23 2011 242.0  9.6  8.7  0.9   9 143.1 1839.8 391  377  527  150  320  540  220
24 2012 250.4  8.4  7.2  1.2  14 129.9 1969.8 445  426  560  134  356  613  257
25 2013 256.4  6.0  5.1  0.9  14  95.5 2065.3 422  396  571  175  311  586  275
26 2014 263.6  7.2  6.6  0.6   8 117.6 2182.9 390  376  542  166  281  559  278
27 2015 269.9  6.3  3.6  2.7  42 105.6 2288.5 484  424  564  140  365  655  290
28 2016 276.8  6.9  5.4  1.5  21 118.5 2407.0 444  405  581  176  324  654  330

Core Length:  271.8 mm
Core Density: 427 kg/m3
Cross-sectional Density:  426 kg/m3
Early/Latewood Threshold: 500 kg/m3
Attenuation Constant: 3.16

ִִִִִִִִִִִִִִִִִִִִִִִִִִִִִִִִִִִִִִִִִִִִִִִִִִִִִִִִִִִִִִִִִִִִִִִִִִִִִִִ
Core : 45
ֲֲֲִִִִִִִִִִִִִִִִִִִִִִִִִִִִִִִִִִִִִִִִִִִִִִִִִִִִִִִִִִִִִִִִִִִִִִִִִִִִ
       ³Widths (mm)              ³ Areas    ³ Densities (kg/m3)
       ³                         ³ (cm‎)    ³
Ring   ³Outer Ring Erly Late   % ³Incr Total³Ring E/Wd L/Wd Unif  Min  Max  Rng
 # Year³ Rad.      Wood Wood  LW ³          ³mean mean mean
ֱֱֱִִִִִִִִִִִִִִִִִִִִִִִִִִִִִִִִִִִִִִִִִִִִִִִִִִִִִִִִִִִִִִִִִִִִִִִִִִִִ

 4 1992  28.0 28.0 16.2  1.8   6  24.6   24.6 409  394  545  151  319  570  251
 5 1993  48.7 20.7 19.2  1.5   7  49.9   74.5 417  410  514  104  354  530  176
 6 1994  69.7 21.0 19.8  1.2   5  78.1  152.6 410  403  532  129  321  545  224
 7 1995  88.0 18.3 11.4  6.9  37  90.7  243.3 454  403  540  137  352  637  285
 8 1996 104.5 16.5 12.9  3.6  21  99.8  343.1 439  403  569  166  366  628  262
 9 1997 121.0 16.5 14.1  2.4  14 116.9  460.0 409  378  591  213  334  644  310
10 1998 131.5 10.5  8.1  2.4  22  83.3  543.3 466  434  571  137  345  673  328
11 1999 139.9  8.4  6.0  2.4  28  71.6  614.9 483  451  565  114  405  656  251
12 2000 151.9 12.0  9.9  2.1  17 110.0  724.9 411  379  561  182  306  612  306
13 2001 159.4  7.5  6.3  1.2  16  73.3  798.2 418  392  557  165  341  588  247
14 2002 168.1  8.7  6.6  2.1  24  89.5  887.7 418  374  558  184  305  592  287
15 2003 175.3  7.2  5.4  1.8  25  77.7  965.4 471  424  611  187  382  653  271
16 2004 182.2  6.9  4.2  2.7  39  77.5 1042.9 481  421  574  153  350  625  275
17 2005 200.5 18.3 14.7  3.6  19 220.0 1262.9 408  369  570  201  317  638  321
18 2006 217.3 16.8 10.2  6.6  39 220.5 1483.4 476  423  558  135  323  628  305
19 2007 232.9 15.6 12.6  3.0  19 220.6 1704.1 437  404  574  170  349  655  306
20 2008 247.9 15.0 12.0  3.0  20 226.6 1930.6 448  421  557  136  375  633  258
21 2009 260.5 12.6 10.8  1.8  14 201.2 2131.9 423  405  535  130  343  569  226
22 2010 269.2  8.7  7.2  1.5  17 144.8 2276.7 439  411  572  161  364  614  250
23 2011 283.0 13.8 12.6  1.2   8 239.4 2516.1 394  382  521  139  318  565  247
24 2012 292.6  9.6  6.9  2.7  28 173.6 2689.7 460  425  548  123  384  623  239
25 2013 300.4  7.8  5.7  2.1  26 145.3 2835.0 453  401  594  193  351  657  306
26 2014 310.6 10.2  8.7  1.5  14 195.8 3030.8 437  420  535  115  362  557  195
27 2015 317.8  7.2  4.8  2.4  33 142.1 3172.9 475  423  579  156  335  642  307
28 2016 325.6  7.8  5.7  2.1  26 157.7 3330.6 455  420  549  129  347  671  324

Core Length:  316.8 mm
Core Density: 439 kg/m3
Cross-sectional Density:  439 kg/m3
Early/Latewood Threshold: 500 kg/m3
Attenuation Constant: 3.16

ִִִִִִִִִִִִִִִִִִִִִִִִִִִִִִִִִִִִִִִִִִִִִִִִִִִִִִִִִִִִִִִִִִִִִִִִִִִִִִִ
Core : 47
ֲֲֲִִִִִִִִִִִִִִִִִִִִִִִִִִִִִִִִִִִִִִִִִִִִִִִִִִִִִִִִִִִִִִִִִִִִִִִִִִִִ
       ³Widths (mm)              ³ Areas    ³ Densities (kg/m3)
       ³                         ³ (cm‎)    ³
Ring   ³Outer Ring Erly Late   % ³Incr Total³Ring E/Wd L/Wd Unif  Min  Max  Rng
 # Year³ Rad.      Wood Wood  LW ³          ³mean mean mean
ֱֱֱִִִִִִִִִִִִִִִִִִִִִִִִִִִִִִִִִִִִִִִִִִִִִִִִִִִִִִִִִִִִִִִִִִִִִִִִִִִִ

 3 1991  16.0 16.0 12.0  0.0   0   8.0    8.0 295  295    0    0  247  452  205
 4 1992  31.0 15.0 14.7  0.3   1  22.1   30.2 330  326  523  197  273  523  250
 5 1993  46.6 15.6 15.6  0.0   0  38.0   68.2 346  346    0    0  286  488  202
 6 1994  57.4 10.8 10.8  0.0   0  35.3  103.5 359  359    0    0  291  486  195
 7 1995  71.5 14.1 12.9  1.2   8  57.1  160.6 401  387  551  164  313  568  255
 8 1996  87.1 15.6 13.8  1.8  11  77.7  238.3 384  364  535  171  318  562  244
 9 1997 103.9 16.8 15.3  1.5   8 100.8  339.1 385  372  519  147  324  546  222
10 1998 115.0 11.1  9.3  1.8  16  76.3  415.5 434  406  578  172  343  658  315
11 1999 121.9  6.9  5.1  1.8  26  51.4  466.8 483  455  563  108  360  635  275
12 2000 133.9 12.0 10.5  1.5  12  96.4  563.3 391  370  538  168  292  598  306
13 2001 142.0  8.1  6.3  1.8  22  70.2  633.5 392  350  539  189  295  583  288
14 2002 150.7  8.7  7.2  1.5  17  80.0  713.5 396  370  523  153  304  532  228
15 2003 159.1  8.4  5.4  3.0  35  81.8  795.2 461  394  581  187  334  650  316
16 2004 164.5  5.4  3.6  1.8  33  54.9  850.1 487  462  536   74  424  626  202
17 2005 178.9 14.4 11.7  2.7  18 155.4 1005.5 406  371  560  189  309  601  292
18 2006 196.6 17.7 15.9  1.8  10 208.8 1214.3 431  420  537  117  298  575  277
19 2007 210.7 14.1 11.7  2.4  17 180.4 1394.7 430  403  560  157  341  608  267
20 2008 225.1 14.4 11.1  3.3  22 197.2 1591.8 441  411  543  132  356  611  255
21 2009 236.8 11.7 10.2  1.5  12 169.8 1761.6 441  425  549  124  363  585  222
22 2010 244.9  8.1  6.3  1.8  22 122.6 1884.2 448  421  541  120  357  566  209
23 2011 256.3 11.4 10.8  0.6   5 179.5 2063.7 389  381  545  164  333  562  229
24 2012 263.2  6.9  5.7  1.2  17 112.6 2176.3 454  427  583  156  373  646  273
25 2013 269.2  6.0  4.8  1.2  20 100.4 2276.7 449  422  560  138  354  649  295
26 2014 279.7 10.5  9.9  0.6   5 181.1 2457.7 415  407  548  141  344  568  224
27 2015 283.3  3.6  2.1  1.5  41  63.7 2521.4 498  446  571  125  365  633  268
28 2016 288.4  5.1  4.5  0.6  11  91.6 2613.0 440  420  590  170  352  651  299

Core Length:  284.7 mm
Core Density: 414 kg/m3
Cross-sectional Density:  423 kg/m3
Early/Latewood Threshold: 500 kg/m3
Attenuation Constant: 3.16

ִִִִִִִִִִִִִִִִִִִִִִִִִִִִִִִִִִִִִִִִִִִִִִִִִִִִִִִִִִִִִִִִִִִִִִִִִִִִִִִ
Core : 49
ֲֲֲִִִִִִִִִִִִִִִִִִִִִִִִִִִִִִִִִִִִִִִִִִִִִִִִִִִִִִִִִִִִִִִִִִִִִִִִִִִִ
       ³Widths (mm)              ³ Areas    ³ Densities (kg/m3)
       ³                         ³ (cm‎)    ³
Ring   ³Outer Ring Erly Late   % ³Incr Total³Ring E/Wd L/Wd Unif  Min  Max  Rng
 # Year³ Rad.      Wood Wood  LW ³          ³mean mean mean
ֱֱֱִִִִִִִִִִִִִִִִִִִִִִִִִִִִִִִִִִִִִִִִִִִִִִִִִִִִִִִִִִִִִִִִִִִִִִִִִִִִ

 1 1990   4.5  4.5  3.9  0.6  13   0.6    0.6 439  428  507   79  279  515  236
 2 1991  20.1 15.6 15.6  0.0   0  12.1   12.7 370  370    0    0  319  468  149
 3 1992  36.0 15.9 15.3  0.6   3  28.0   40.7 391  386  535  149  323  538  215
 4 1993  52.8 16.8 16.8  0.0   0  46.9   87.6 399  399    0    0  336  478  142
 5 1994  69.3 16.5 16.2  0.3   1  63.3  150.9 394  392  525  133  325  525  200
 6 1995  87.6 18.3 16.8  1.5   8  90.2  241.1 368  354  520  166  278  547  269
 7 1996 100.5 12.9 11.1  1.8  13  76.2  317.3 397  374  536  162  306  544  238
 8 1997 116.4 15.9 14.4  1.5   9 108.3  425.7 369  353  526  173  292  557  265
 9 1998 127.2 10.8  9.0  1.8  16  82.7  508.3 455  432  572  140  362  640  278
10 1999 134.4  7.2  5.4  1.8  24  59.2  567.5 469  446  538   92  389  569  180
11 2000 144.6 10.2  9.0  1.2  11  89.4  656.9 382  362  536  174  306  585  279
12 2001 151.2  6.6  5.1  1.5  22  61.3  718.2 425  382  571  189  313  598  285
13 2002 159.0  7.8  6.6  1.2  15  76.0  794.2 393  368  528  160  299  540  241
14 2003 166.2  7.2  4.8  2.4  33  73.6  867.8 456  394  580  186  350  657  307
15 2004 171.6  5.4  3.0  2.4  44  57.3  925.1 494  450  549   99  388  585  197
16 2005 185.4 13.8 12.3  1.5  10 154.8 1079.9 384  364  547  183  308  583  275
17 2006 196.2 10.8  6.3  4.5  41 129.5 1209.3 477  428  545  117  377  588  211
18 2007 205.8  9.6  7.2  2.4  25 121.2 1330.6 453  412  577  165  354  619  265
19 2008 214.2  8.4  6.0  2.4  28 110.8 1441.4 447  410  539  129  320  578  258
20 2009 223.5  9.3  7.5  1.8  19 127.9 1569.3 417  392  520  128  294  555  261
21 2010 230.1  6.6  5.7  0.9  13  94.1 1663.3 441  424  548  124  343  574  231
22 2011 240.3 10.2  9.3  0.9   8 150.7 1814.1 383  368  536  168  290  565  275
23 2012 247.2  6.9  5.4  1.5  21 105.7 1919.8 456  432  542  110  382  596  214
24 2013 252.0  4.8  3.9  0.9  18  75.3 1995.0 425  396  553  157  342  613  271
25 2014 258.9  6.9  6.0  0.9  13 110.7 2105.8 411  392  540  148  307  554  247
26 2015 264.0  5.1  2.7  2.4  47  83.8 2189.6 507  451  569  118  352  629  277
27 2016 268.8  4.8  3.9  0.9  18  80.3 2269.9 427  400  546  146  333  616  283

Core Length:  269.1 mm
Core Density: 423 kg/m3
Cross-sectional Density:  423 kg/m3
Early/Latewood Threshold: 500 kg/m3
Attenuation Constant: 3.16

