File : C:\DENSITOM\OTAGOC~1\OCST32.DAT
Cores :
7
9
11
15
29
31
40
43
51
59
62
71

ִִִִִִִִִִִִִִִִִִִִִִִִִִִִִִִִִִִִִִִִִִִִִִִִִִִִִִִִִִִִִִִִִִִִִִִִִִִִִִִ
Core : 7
ֲֲֲִִִִִִִִִִִִִִִִִִִִִִִִִִִִִִִִִִִִִִִִִִִִִִִִִִִִִִִִִִִִִִִִִִִִִִִִִִִִ
       ³Widths (mm)              ³ Areas    ³ Densities (kg/m3)
       ³                         ³ (cm‎)    ³
Ring   ³Outer Ring Erly Late   % ³Incr Total³Ring E/Wd L/Wd Unif  Min  Max  Rng
 # Year³ Rad.      Wood Wood  LW ³          ³mean mean mean
ֱֱֱִִִִִִִִִִִִִִִִִִִִִִִִִִִִִִִִִִִִִִִִִִִִִִִִִִִִִִִִִִִִִִִִִִִִִִִִִִִִ

 2 1991  14.5 14.5 13.5  0.0   0   6.6    6.6 334  334    0    0  272  480  208
 3 1992  32.8 18.3 17.1  1.2   6  27.2   33.8 372  362  517  155  283  528  245
 4 1993  50.8 18.0 16.5  1.5   8  47.3   81.1 377  365  510  145  291  518  227
 5 1994  67.0 16.2 15.6  0.6   3  60.0  141.0 394  389  520  131  303  532  229
 6 1995  88.0 21.0 19.5  1.5   7 102.3  243.3 357  340  571  231  275  606  331
 7 1996 102.1 14.1 11.4  2.7  19  84.2  327.5 387  347  558  211  284  618  334
 8 1997 119.5 17.4 15.9  1.5   8 121.1  448.6 393  377  563  186  297  602  305
 9 1998 131.5 12.0 10.2  1.8  15  94.6  543.3 434  411  561  150  342  608  266
10 1999 138.7  7.2  6.3  0.9  12  61.1  604.4 439  427  522   95  368  564  196
11 2000 145.6  6.9  6.0  0.9  13  61.6  666.0 409  386  556  170  337  579  242
12 2001 151.3  5.7  4.5  1.2  21  53.2  719.2 421  388  546  158  339  569  230
13 2002 157.3  6.0  5.7  0.3   5  58.2  777.3 404  398  517  119  336  517  181
14 2003 162.7  5.4  4.2  1.2  22  54.3  831.6 436  398  570  172  367  616  249
15 2004 165.7  3.0  2.1  0.9  30  31.0  862.6 478  434  582  148  399  625  226
16 2005 170.5  4.8  3.6  1.2  25  50.7  913.3 444  413  537  124  371  563  192
17 2006 172.9  2.4  1.5  0.9  37  25.9  939.2 491  440  578  138  408  640  232
18 2007 175.9  3.0  2.4  0.6  20  32.9  972.0 454  432  541  109  384  559  175
19 2008 178.9  3.0  2.1  0.9  30  33.4 1005.5 460  420  553  133  359  556  197
20 2009 181.6  2.7  2.1  0.6  22  30.6 1036.1 451  423  551  128  369  569  200
21 2010 184.0  2.4  1.5  0.9  37  27.6 1063.6 463  413  545  132  346  617  271
22 2011 186.7  2.7  2.1  0.6  22  31.4 1095.1 437  410  531  121  342  553  211
23 2012 188.5  1.8  1.5  0.3  16  21.2 1116.3 463  446  546  100  396  546  150
24 2013 190.3  1.8  1.2  0.6  33  21.4 1137.7 455  413  539  126  385  559  174
25 2014 192.1  1.8  1.2  0.6  33  21.6 1159.3 487  445  571  126  402  588  186
26 2015 193.3  1.2  0.6  0.6  50  14.5 1173.9 498  446  550  104  444  598  154
27 2016 194.5  1.2  0.6  0.6  49  14.6 1188.5 515  441  589  148  418  604  186

Core Length:  193.5 mm
Core Density: 432 kg/m3
Cross-sectional Density:  419 kg/m3
Early/Latewood Threshold: 500 kg/m3
Attenuation Constant: 3.16

ִִִִִִִִִִִִִִִִִִִִִִִִִִִִִִִִִִִִִִִִִִִִִִִִִִִִִִִִִִִִִִִִִִִִִִִִִִִִִִִ
Core : 9
ֲֲֲִִִִִִִִִִִִִִִִִִִִִִִִִִִִִִִִִִִִִִִִִִִִִִִִִִִִִִִִִִִִִִִִִִִִִִִִִִִִ
       ³Widths (mm)              ³ Areas    ³ Densities (kg/m3)
       ³                         ³ (cm‎)    ³
Ring   ³Outer Ring Erly Late   % ³Incr Total³Ring E/Wd L/Wd Unif  Min  Max  Rng
 # Year³ Rad.      Wood Wood  LW ³          ³mean mean mean
ֱֱֱִִִִִִִִִִִִִִִִִִִִִִִִִִִִִִִִִִִִִִִִִִִִִִִִִִִִִִִִִִִִִִִִִִִִִִִִִִִִ

 2 1991  15.4 15.4 11.4  0.0   0   7.5    7.5 316  316    0    0  256  461  205
 3 1992  29.8 14.4 14.4  0.0   0  20.4   27.9 328  328    0    0  284  485  201
 4 1993  43.3 13.5 12.9  0.6   4  31.0   58.9 352  345  505  160  293  508  215
 5 1994  55.6 12.3 12.0  0.3   2  38.2   97.1 376  373  516  143  297  516  219
 6 1995  76.9 21.3 20.7  0.6   2  88.7  185.8 331  326  513  187  257  516  259
 7 1996  91.9 15.0 14.4  0.6   4  79.5  265.3 352  344  559  215  277  567  290
 8 1997 102.4 10.5 10.2  0.3   2  64.1  329.4 348  342  543  201  303  543  240
 9 1998 108.7  6.3  5.7  0.6   9  41.8  371.2 389  373  534  161  345  564  219
10 1999 112.9  4.2  3.6  0.6  14  29.2  400.4 435  416  550  134  358  589  231
11 2000 119.5  6.6  6.0  0.6   9  48.2  448.6 372  353  556  203  292  569  277
12 2001 123.7  4.2  3.6  0.6  14  32.1  480.7 358  330  526  196  285  530  245
13 2002 127.0  3.3  3.0  0.3   9  26.0  506.7 366  351  521  170  299  521  222
14 2003 130.3  3.3  2.7  0.6  18  26.7  533.4 398  360  569  209  299  580  281
15 2004 132.4  2.1  1.5  0.6  28  17.3  550.7 447  407  550  143  337  595  258
16 2005 136.3  3.9  3.6  0.3   7  32.9  583.6 374  357  581  224  312  581  269
17 2006 138.1  1.8  1.8  0.0   0  15.5  599.2 397  397    0    0  342  464  122
18 2007 139.9  1.8  1.5  0.3  16  15.7  614.9 377  351  503  152  327  503  176
19 2008 142.3  2.4  1.8  0.6  25  21.3  636.2 414  365  561  196  316  572  256
20 2009 144.4  2.1  1.5  0.6  28  18.9  655.1 415  359  554  195  310  580  270
21 2010 146.5  2.1  1.8  0.3  14  19.2  674.3 423  402  545  143  334  545  211
22 2011 149.2  2.7  2.7  0.0   0  25.1  699.3 359  359    0    0  281  446  165
23 2012 151.0  1.8  1.2  0.6  33  17.0  716.3 434  388  526  138  356  532  176
24 2013 152.2  1.2  0.9  0.3  24  11.4  727.7 459  422  571  149  374  571  197
25 2014 154.3  2.1  1.8  0.3  14  20.2  748.0 449  422  612  190  374  612  238
26 2015 156.4  2.1  0.9  1.2  57  20.5  768.5 500  427  555  128  344  610  266
27 2016 158.2  1.8  1.5  0.3  16  17.8  786.3 428  399  574  175  348  574  226

Core Length:  154.2 mm
Core Density: 392 kg/m3
Cross-sectional Density:  378 kg/m3
Early/Latewood Threshold: 500 kg/m3
Attenuation Constant: 3.16

ִִִִִִִִִִִִִִִִִִִִִִִִִִִִִִִִִִִִִִִִִִִִִִִִִִִִִִִִִִִִִִִִִִִִִִִִִִִִִִִ
Core : 11
ֲֲֲִִִִִִִִִִִִִִִִִִִִִִִִִִִִִִִִִִִִִִִִִִִִִִִִִִִִִִִִִִִִִִִִִִִִִִִִִִִִ
       ³Widths (mm)              ³ Areas    ³ Densities (kg/m3)
       ³                         ³ (cm‎)    ³
Ring   ³Outer Ring Erly Late   % ³Incr Total³Ring E/Wd L/Wd Unif  Min  Max  Rng
 # Year³ Rad.      Wood Wood  LW ³          ³mean mean mean
ֱֱֱִִִִִִִִִִִִִִִִִִִִִִִִִִִִִִִִִִִִִִִִִִִִִִִִִִִִִִִִִִִִִִִִִִִִִִִִִִִִ

 1 1990  10.9 10.9  9.9  0.0   0   3.7    3.7 333  333    0    0  292  415  123
 2 1991  19.6  8.7  8.7  0.0   0   8.3   12.1 343  343    0    0  259  488  229
 3 1992  34.3 14.7 14.1  0.6   4  24.9   37.0 326  318  513  195  255  524  269
 4 1993  49.3 15.0 13.8  1.2   8  39.4   76.4 347  333  517  184  247  526  279
 5 1994  64.9 15.6 14.4  1.2   7  56.0  132.3 388  376  531  155  282  551  269
 6 1995  84.7 19.8 18.6  1.2   6  93.1  225.4 334  320  545  225  259  563  304
 7 1996  95.8 11.1  8.7  2.4  21  62.9  288.3 381  339  532  193  270  591  321
 8 1997 107.5 11.7 11.1  0.6   5  74.7  363.1 359  349  553  204  298  569  271
 9 1998 114.7  7.2  6.0  1.2  16  50.3  413.3 414  389  542  153  343  599  256
10 1999 120.7  6.0  5.4  0.6  10  44.4  457.7 423  411  527  116  345  545  200
11 2000 126.4  5.7  5.1  0.6  10  44.2  501.9 402  379  595  216  318  618  300
12 2001 130.6  4.2  3.0  1.2  28  33.9  535.8 418  359  565  206  312  620  308
13 2002 134.5  3.9  3.3  0.6  15  32.5  568.3 403  375  562  187  325  591  266
14 2003 138.1  3.6  2.7  0.9  24  30.8  599.2 419  369  568  199  319  626  307
15 2004 140.5  2.4  1.5  0.9  37  21.0  620.2 466  418  545  127  392  588  196
16 2005 144.7  4.2  3.6  0.6  14  37.6  657.8 419  391  588  197  328  631  303
17 2006 146.5  1.8  1.5  0.3  16  16.5  674.3 467  439  608  169  418  608  190
18 2007 149.2  2.7  2.1  0.6  22  25.1  699.3 447  416  555  139  351  562  211
19 2008 151.6  2.4  1.5  0.9  37  22.7  722.0 436  369  546  177  337  597  260
20 2009 154.0  2.4  1.8  0.6  25  23.0  745.1 419  374  554  180  323  572  249
21 2010 156.4  2.4  2.1  0.3  12  23.4  768.5 426  409  548  139  339  548  209
22 2011 160.0  3.6  3.3  0.3   8  35.8  804.2 401  390  521  131  304  521  217
23 2012 162.4  2.4  1.8  0.6  24  24.3  828.6 453  413  575  162  366  646  280
24 2013 164.2  1.8  1.2  0.6  33  18.5  847.0 442  382  561  179  361  606  245
25 2014 166.3  2.1  1.8  0.3  14  21.8  868.8 458  437  582  145  389  582  193
26 2015 168.1  1.8  1.2  0.6  33  18.9  887.7 483  428  594  166  374  599  225
27 2016 169.9  1.8  1.2  0.6  33  19.1  906.9 445  395  546  151  362  558  196

Core Length:  168.9 mm
Core Density: 409 kg/m3
Cross-sectional Density:  399 kg/m3
Early/Latewood Threshold: 500 kg/m3
Attenuation Constant: 3.16

ִִִִִִִִִִִִִִִִִִִִִִִִִִִִִִִִִִִִִִִִִִִִִִִִִִִִִִִִִִִִִִִִִִִִִִִִִִִִִִִ
Core : 15
ֲֲֲִִִִִִִִִִִִִִִִִִִִִִִִִִִִִִִִִִִִִִִִִִִִִִִִִִִִִִִִִִִִִִִִִִִִִִִִִִִִ
       ³Widths (mm)              ³ Areas    ³ Densities (kg/m3)
       ³                         ³ (cm‎)    ³
Ring   ³Outer Ring Erly Late   % ³Incr Total³Ring E/Wd L/Wd Unif  Min  Max  Rng
 # Year³ Rad.      Wood Wood  LW ³          ³mean mean mean
ֱֱֱִִִִִִִִִִִִִִִִִִִִִִִִִִִִִִִִִִִִִִִִִִִִִִִִִִִִִִִִִִִִִִִִִִִִִִִִִִִִ

 3 1991  16.8 16.8 13.8  0.0   0   8.9    8.9 298  298    0    0  250  436  186
 4 1992  32.4 15.6 15.3  0.3   1  24.1   33.0 328  325  508  183  268  508  240
 5 1993  45.3 12.9 12.6  0.3   2  31.5   64.5 347  343  511  168  262  511  249
 6 1994  60.0 14.7 14.7  0.0   0  48.6  113.1 371  371    0    0  280  496  216
 7 1995  77.7 17.7 16.5  1.2   6  76.6  189.7 364  352  539  187  284  554  270
 8 1996  91.5 13.8 12.0  1.8  13  73.4  263.0 377  352  541  189  271  590  319
 9 1997 107.1 15.6 13.8  1.8  11  97.3  360.4 382  361  548  187  310  574  264
10 1998 118.2 11.1  9.6  1.5  13  78.6  438.9 428  403  589  186  350  644  294
11 1999 125.7  7.5  6.3  1.2  16  57.5  496.4 431  413  527  114  356  569  213
12 2000 133.5  7.8  7.5  0.3   3  63.5  559.9 387  381  559  178  322  559  237
13 2001 138.9  5.4  4.5  0.9  16  46.2  606.1 396  364  558  194  304  598  294
14 2002 144.9  6.0  5.1  0.9  15  53.5  659.6 403  380  534  154  328  550  222
15 2003 149.4  4.5  3.6  0.9  20  41.6  701.2 422  393  542  149  357  594  237
16 2004 151.2  1.8  1.5  0.3  16  17.0  718.2 466  444  574  130  403  574  171
17 2005 155.4  4.2  3.6  0.6  14  40.5  758.7 403  375  573  198  331  584  253
18 2006 156.9  1.5  1.2  0.3  20  14.7  773.4 418  392  522  130  360  522  162
19 2007 159.3  2.4  2.1  0.3  12  23.8  797.2 406  391  512  121  346  512  166
20 2008 161.4  2.1  1.8  0.3  14  21.2  818.4 423  408  516  108  331  516  185
21 2009 164.1  2.7  2.4  0.3  11  27.6  846.0 411  400  500  100  323  500  177
22 2010 165.9  1.8  1.8  0.0   0  18.7  864.7 427  427    0    0  377  461   84
23 2011 168.0  2.1  1.8  0.3  14  22.0  886.7 407  389  515  126  333  515  182
24 2012 170.1  2.1  1.5  0.6  28  22.3  909.0 456  428  527   99  382  549  167
25 2013 171.6  1.5  1.5  0.0   0  16.1  925.1 444  444    0    0  411  487   76
26 2014 174.0  2.4  1.8  0.6  25  26.1  951.1 465  443  532   89  392  553  161
27 2015 174.9  0.9  0.3  0.6  66   9.9  961.0 487  435  514   79  435  527   92
28 2016 176.4  1.5  1.2  0.3  20  16.6  977.6 422  402  504  102  372  504  132

Core Length:  173.4 mm
Core Density: 406 kg/m3
Cross-sectional Density:  400 kg/m3
Early/Latewood Threshold: 500 kg/m3
Attenuation Constant: 3.16

ִִִִִִִִִִִִִִִִִִִִִִִִִִִִִִִִִִִִִִִִִִִִִִִִִִִִִִִִִִִִִִִִִִִִִִִִִִִִִִִ
Core : 29
ֲֲֲִִִִִִִִִִִִִִִִִִִִִִִִִִִִִִִִִִִִִִִִִִִִִִִִִִִִִִִִִִִִִִִִִִִִִִִִִִִִ
       ³Widths (mm)              ³ Areas    ³ Densities (kg/m3)
       ³                         ³ (cm‎)    ³
Ring   ³Outer Ring Erly Late   % ³Incr Total³Ring E/Wd L/Wd Unif  Min  Max  Rng
 # Year³ Rad.      Wood Wood  LW ³          ³mean mean mean
ֱֱֱִִִִִִִִִִִִִִִִִִִִִִִִִִִִִִִִִִִִִִִִִִִִִִִִִִִִִִִִִִִִִִִִִִִִִִִִִִִִ

 1 1990   4.8  4.8  4.8  0.0   0   0.7    0.7 375  375    0    0  315  436  121
 2 1991  18.9 14.1 14.1  0.0   0  10.5   11.2 317  317    0    0  264  447  183
 3 1992  33.9 15.0 14.7  0.3   2  24.9   36.1 344  340  548  208  280  548  268
 4 1993  46.8 12.9 12.3  0.6   4  32.7   68.8 345  336  538  202  285  545  260
 5 1994  57.0 10.2  9.6  0.6   5  33.3  102.1 392  383  524  141  313  532  219
 6 1995  74.7 17.7 17.7  0.0   0  73.2  175.3 341  341    0    0  266  480  214
 7 1996  85.5 10.8  9.9  0.9   8  54.4  229.7 386  371  552  181  286  590  304
 8 1997  98.1 12.6 12.0  0.6   4  72.7  302.3 352  342  549  207  310  550  240
 9 1998 106.5  8.4  7.8  0.6   7  54.0  356.3 403  390  574  184  351  584  233
10 1999 110.4  3.9  3.6  0.3   7  26.6  382.9 418  411  501   90  357  501  144
11 2000 117.6  7.2  6.9  0.3   4  51.6  434.5 365  358  530  172  301  530  229
12 2001 121.2  3.6  3.0  0.6  16  27.0  461.5 380  351  526  175  293  539  246
13 2002 125.7  4.5  3.9  0.6  13  34.9  496.4 378  353  538  185  293  570  277
14 2003 129.0  3.3  2.4  0.9  27  26.4  522.8 422  366  571  205  334  603  269
15 2004 131.7  2.7  2.1  0.6  22  22.1  544.9 446  423  526  103  372  543  171
16 2005 135.6  3.9  3.3  0.6  15  32.8  577.7 401  370  574  204  320  596  276
17 2006 137.7  2.1  1.5  0.6  28  18.0  595.7 469  430  569  139  393  598  205
18 2007 140.1  2.4  2.1  0.3  12  20.9  616.6 426  408  554  146  362  554  192
19 2008 142.8  2.7  1.5  1.2  44  24.0  640.6 427  362  509  147  334  523  189
20 2009 145.8  3.0  2.1  0.9  30  27.2  667.8 460  411  575  164  335  590  255
21 2010 148.2  2.4  1.5  0.9  37  22.2  690.0 463  423  529  106  338  566  228
22 2011 151.8  3.6  3.3  0.3   8  33.9  723.9 417  395  653  258  307  653  346
23 2012 154.8  3.0  1.8  1.2  40  28.9  752.8 465  423  528  105  376  573  197
24 2013 156.6  1.8  1.2  0.6  33  17.6  770.4 469  418  571  153  372  603  231
25 2014 159.3  2.7  2.1  0.6  22  26.8  797.2 447  409  578  169  361  624  263
26 2015 160.8  1.5  0.9  0.6  40  15.1  812.3 512  445  614  169  381  617  236
27 2016 162.3  1.5  1.2  0.3  20  15.2  827.5 401  359  570  211  290  570  280

Core Length:  162.3 mm
Core Density: 408 kg/m3
Cross-sectional Density:  397 kg/m3
Early/Latewood Threshold: 500 kg/m3
Attenuation Constant: 3.16

ִִִִִִִִִִִִִִִִִִִִִִִִִִִִִִִִִִִִִִִִִִִִִִִִִִִִִִִִִִִִִִִִִִִִִִִִִִִִִִִ
Core : 31
ֲֲֲִִִִִִִִִִִִִִִִִִִִִִִִִִִִִִִִִִִִִִִִִִִִִִִִִִִִִִִִִִִִִִִִִִִִִִִִִִִִ
       ³Widths (mm)              ³ Areas    ³ Densities (kg/m3)
       ³                         ³ (cm‎)    ³
Ring   ³Outer Ring Erly Late   % ³Incr Total³Ring E/Wd L/Wd Unif  Min  Max  Rng
 # Year³ Rad.      Wood Wood  LW ³          ³mean mean mean
ֱֱֱִִִִִִִִִִִִִִִִִִִִִִִִִִִִִִִִִִִִִִִִִִִִִִִִִִִִִִִִִִִִִִִִִִִִִִִִִִִִ

 1 1990  10.2 10.2 10.2  0.0   0   3.3    3.3 321  321    0    0  261  415  154
 2 1991  22.8 12.6 12.6  0.0   0  13.1   16.3 311  311    0    0  254  478  224
 3 1992  36.3 13.5 13.5  0.0   0  25.1   41.4 328  328    0    0  272  489  217
 4 1993  50.4 14.1 14.1  0.0   0  38.4   79.8 335  335    0    0  261  469  208
 5 1994  63.3 12.9 12.6  0.3   2  46.1  125.9 359  355  537  182  265  537  272
 6 1995  83.4 20.1 20.1  0.0   0  92.6  218.5 353  353    0    0  302  496  194
 7 1996  99.9 16.5 15.6  0.9   5  95.0  313.5 351  341  533  192  260  558  298
 8 1997 113.7 13.8 13.5  0.3   2  92.6  406.1 363  359  512  153  312  512  200
 9 1998 120.9  7.2  6.6  0.6   8  53.1  459.2 383  370  532  162  329  547  218
10 1999 124.8  3.9  3.6  0.3   7  30.1  489.3 406  394  543  149  336  543  207
11 2000 131.1  6.3  6.0  0.3   4  50.6  540.0 356  348  515  167  284  515  231
12 2001 136.5  5.4  4.8  0.6  11  45.4  585.3 358  336  530  194  271  538  267
13 2002 140.7  4.2  3.9  0.3   7  36.6  621.9 349  336  512  176  270  512  242
14 2003 145.2  4.5  3.6  0.9  20  40.4  662.3 371  328  542  214  280  577  297
15 2004 148.2  3.0  2.7  0.3  10  27.7  690.0 416  404  522  118  336  522  186
16 2005 153.0  4.8  3.9  0.9  18  45.4  735.4 399  365  549  184  315  579  264
17 2006 155.4  2.4  1.8  0.6  24  23.3  758.7 443  402  566  164  358  571  213
18 2007 158.7  3.3  3.0  0.3   9  32.6  791.2 407  394  540  146  330  540  210
19 2008 161.7  3.0  1.5  1.5  50  30.2  821.4 445  362  529  167  320  568  248
20 2009 165.0  3.3  2.7  0.6  18  33.9  855.3 412  379  560  181  303  599  296
21 2010 168.0  3.0  2.4  0.6  20  31.4  886.7 417  388  531  143  312  536  224
22 2011 172.2  4.2  3.9  0.3   7  44.9  931.6 368  354  541  187  283  541  258
23 2012 175.8  3.6  2.4  1.2  33  39.4  970.9 447  401  538  137  347  606  259
24 2013 178.5  2.7  2.1  0.6  22  30.1 1001.0 405  369  534  165  319  539  220
25 2014 182.4  3.9  3.6  0.3   7  44.2 1045.2 426  413  575  162  342  575  233
26 2015 184.5  2.1  1.2  0.9  42  24.2 1069.4 473  419  545  126  389  556  167
27 2016 187.2  2.7  2.1  0.6  22  31.5 1100.9 412  381  522  141  318  529  211

Core Length:  187.2 mm
Core Density: 385 kg/m3
Cross-sectional Density:  381 kg/m3
Early/Latewood Threshold: 500 kg/m3
Attenuation Constant: 3.16

ִִִִִִִִִִִִִִִִִִִִִִִִִִִִִִִִִִִִִִִִִִִִִִִִִִִִִִִִִִִִִִִִִִִִִִִִִִִִִִִ
Core : 40
ֲֲֲִִִִִִִִִִִִִִִִִִִִִִִִִִִִִִִִִִִִִִִִִִִִִִִִִִִִִִִִִִִִִִִִִִִִִִִִִִִִ
       ³Widths (mm)              ³ Areas    ³ Densities (kg/m3)
       ³                         ³ (cm‎)    ³
Ring   ³Outer Ring Erly Late   % ³Incr Total³Ring E/Wd L/Wd Unif  Min  Max  Rng
 # Year³ Rad.      Wood Wood  LW ³          ³mean mean mean
ֱֱֱִִִִִִִִִִִִִִִִִִִִִִִִִִִִִִִִִִִִִִִִִִִִִִִִִִִִִִִִִִִִִִִִִִִִִִִִִִִִ

 3 1991  12.9 12.9 12.9  0.0   0   5.2    5.2 301  301    0    0  257  429  172
 4 1992  29.4 16.5 16.5  0.0   0  21.9   27.2 324  324    0    0  265  485  220
 5 1993  46.2 16.8 16.2  0.6   3  39.9   67.1 336  329  509  180  281  515  234
 6 1994  61.2 15.0 14.1  0.9   6  50.6  117.7 392  382  555  173  306  563  257
 7 1995  81.9 20.7 19.5  1.2   5  93.1  210.7 349  338  533  195  265  543  278
 8 1996  97.5 15.6 12.6  3.0  19  87.9  298.6 377  339  537  198  274  611  337
 9 1997 112.5 15.0 13.5  1.5  10  99.0  397.6 371  352  549  197  297  572  275
10 1998 121.5  9.0  7.5  1.5  16  66.2  463.8 441  415  575  160  376  651  275
11 1999 126.0  4.5  3.9  0.6  13  35.0  498.8 437  424  517   93  370  529  159
12 2000 131.4  5.4  4.2  1.2  22  43.7  542.4 420  382  551  169  339  605  266
13 2001 136.5  5.1  3.6  1.5  29  42.9  585.3 436  380  568  188  344  609  265
14 2002 141.6  5.1  4.2  0.9  17  44.6  629.9 412  380  561  181  332  599  267
15 2003 145.8  4.2  3.0  1.2  28  37.9  667.8 443  392  573  181  362  625  263
16 2004 148.8  3.0  1.5  1.5  50  27.8  695.6 513  442  585  143  424  648  224
17 2005 154.2  5.4  4.5  0.9  16  51.4  747.0 437  399  623  224  327  667  340
18 2006 156.9  2.7  1.2  1.5  55  26.4  773.4 522  458  573  115  437  620  183
19 2007 159.6  2.7  2.4  0.3  11  26.8  800.2 431  412  591  179  357  591  234
20 2008 162.6  3.0  2.1  0.9  30  30.4  830.6 456  420  540  120  348  565  217
21 2009 166.2  3.6  2.4  1.2  33  37.2  867.8 453  410  537  127  355  558  203
22 2010 168.9  2.7  1.5  1.2  44  28.4  896.2 487  438  548  110  393  635  242
23 2011 173.1  4.2  3.9  0.3   7  45.1  941.3 423  409  611  202  335  611  276
24 2012 177.0  3.9  1.8  2.1  53  42.9  984.2 515  446  575  129  413  642  229
25 2013 179.7  2.7  1.8  0.9  33  30.3 1014.5 466  428  541  113  396  560  164
26 2014 182.1  2.4  1.5  0.9  37  27.3 1041.8 498  448  583  135  404  617  213
27 2015 183.9  1.8  0.6  1.2  66  20.7 1062.5 524  430  572  142  386  650  264
28 2016 185.7  1.8  1.2  0.6  33  20.9 1083.4 461  433  517   84  381  519  138

Core Length:  185.7 mm
Core Density: 431 kg/m3
Cross-sectional Density:  421 kg/m3
Early/Latewood Threshold: 500 kg/m3
Attenuation Constant: 3.16

ִִִִִִִִִִִִִִִִִִִִִִִִִִִִִִִִִִִִִִִִִִִִִִִִִִִִִִִִִִִִִִִִִִִִִִִִִִִִִִִ
Core : 43
ֲֲֲִִִִִִִִִִִִִִִִִִִִִִִִִִִִִִִִִִִִִִִִִִִִִִִִִִִִִִִִִִִִִִִִִִִִִִִִִִִִ
       ³Widths (mm)              ³ Areas    ³ Densities (kg/m3)
       ³                         ³ (cm‎)    ³
Ring   ³Outer Ring Erly Late   % ³Incr Total³Ring E/Wd L/Wd Unif  Min  Max  Rng
 # Year³ Rad.      Wood Wood  LW ³          ³mean mean mean
ֱֱֱִִִִִִִִִִִִִִִִִִִִִִִִִִִִִִִִִִִִִִִִִִִִִִִִִִִִִִִִִִִִִִִִִִִִִִִִִִִִ

 1 1989   2.7  2.7  2.7  0.0   0   0.2    0.2 339  339    0    0  230  431  201
 2 1990   9.3  6.6  6.6  0.0   0   2.5    2.7 335  335    0    0  291  411  120
 3 1991  24.0 14.7 14.7  0.0   0  15.4   18.1 310  310    0    0  252  470  218
 4 1992  37.8 13.8 13.5  0.3   2  26.8   44.9 335  331  507  176  268  507  239
 5 1993  52.8 15.0 15.0  0.0   0  42.7   87.6 345  345    0    0  266  490  224
 6 1994  63.0 10.2 10.2  0.0   0  37.1  124.7 352  352    0    0  271  464  193
 7 1995  76.8 13.8 12.9  0.9   6  60.6  185.3 341  323  601  278  253  641  388
 8 1996  89.7 12.9 11.1  1.8  13  67.5  252.8 340  309  536  227  246  570  324
 9 1997 104.7 15.0 14.7  0.3   2  91.6  344.4 343  339  550  211  248  550  302
10 1998 113.7  9.0  8.1  0.9  10  61.8  406.1 383  366  532  166  306  583  277
11 1999 120.0  6.3  4.8  1.5  23  46.3  452.4 444  410  554  144  336  639  303
12 2000 129.3  9.3  9.0  0.3   3  72.8  525.2 367  361  558  197  289  558  269
13 2001 136.8  7.5  7.2  0.3   4  62.7  587.9 376  366  628  262  282  628  346
14 2002 145.8  9.0  8.1  0.9  10  79.9  667.8 378  360  536  176  309  592  283
15 2003 151.8  6.0  4.5  1.5  25  56.1  723.9 416  368  558  190  313  628  315
16 2004 156.9  5.1  4.2  0.9  17  49.5  773.4 434  408  554  146  360  614  254
17 2005 164.1  7.2  6.3  0.9  12  72.6  846.0 379  357  535  178  294  578  284
18 2006 168.6  4.5  3.6  0.9  20  47.0  893.0 426  396  547  151  315  584  269
19 2007 172.5  3.9  3.6  0.3   7  41.8  934.8 399  384  577  193  331  577  246
20 2008 177.0  4.5  3.3  1.2  26  49.4  984.2 399  346  544  198  313  576  263
21 2009 180.6  3.6  2.7  0.9  24  40.4 1024.7 396  353  525  172  310  547  237
22 2010 183.3  2.7  2.4  0.3  11  30.9 1055.5 430  414  558  144  334  558  224
23 2011 186.6  3.3  3.3  0.0   0  38.3 1093.9 376  376    0    0  309  469  160
24 2012 189.3  2.7  1.8  0.9  33  31.9 1125.8 456  377  616  239  351  630  279
25 2013 192.0  2.7  1.8  0.9  33  32.3 1158.1 455  397  572  175  331  630  299
26 2014 196.2  4.2  3.3  0.9  21  51.2 1209.3 456  428  560  132  361  631  270
27 2015 199.5  3.3  2.4  0.9  27  41.0 1250.4 444  410  533  123  362  548  186
28 2016 203.1  3.6  3.3  0.3   8  45.5 1295.9 404  388  585  197  332  585  253

Core Length:  203.4 mm
Core Density: 387 kg/m3
Cross-sectional Density:  388 kg/m3
Early/Latewood Threshold: 500 kg/m3
Attenuation Constant: 3.16

ִִִִִִִִִִִִִִִִִִִִִִִִִִִִִִִִִִִִִִִִִִִִִִִִִִִִִִִִִִִִִִִִִִִִִִִִִִִִִִִ
Core : 51
ֲֲֲִִִִִִִִִִִִִִִִִִִִִִִִִִִִִִִִִִִִִִִִִִִִִִִִִִִִִִִִִִִִִִִִִִִִִִִִִִִִ
       ³Widths (mm)              ³ Areas    ³ Densities (kg/m3)
       ³                         ³ (cm‎)    ³
Ring   ³Outer Ring Erly Late   % ³Incr Total³Ring E/Wd L/Wd Unif  Min  Max  Rng
 # Year³ Rad.      Wood Wood  LW ³          ³mean mean mean
ֱֱֱִִִִִִִִִִִִִִִִִִִִִִִִִִִִִִִִִִִִִִִִִִִִִִִִִִִִִִִִִִִִִִִִִִִִִִִִִִִִ

 3 1991  17.1 17.1 14.1  0.0   0   9.2    9.2 315  315    0    0  262  441  179
 4 1992  33.6 16.5 16.5  0.0   0  26.3   35.5 320  320    0    0  262  472  210
 5 1993  50.4 16.8 16.8  0.0   0  44.3   79.8 340  340    0    0  268  497  229
 6 1994  63.6 13.2 12.6  0.6   4  47.3  127.1 373  367  504  137  271  505  234
 7 1995  81.9 18.3 16.2  2.1  11  83.6  210.7 365  343  533  190  272  576  304
 8 1996  99.0 17.1 13.5  3.6  21  97.2  307.9 401  361  548  187  289  601  312
 9 1997 114.0 15.0 13.8  1.2   7 100.4  408.3 389  375  551  176  314  598  284
10 1998 125.1 11.1  9.6  1.5  13  83.4  491.7 431  409  572  163  355  632  277
11 1999 134.4  9.3  7.8  1.5  16  75.8  567.5 459  441  554  113  359  585  226
12 2000 144.0  9.6  8.7  0.9   9  84.0  651.4 375  359  530  171  305  555  250
13 2001 151.5  7.5  6.0  1.5  20  69.6  721.1 397  356  564  208  283  617  334
14 2002 160.2  8.7  8.7  0.0   0  85.2  806.3 371  371    0    0  286  493  207
15 2003 168.0  7.8  5.4  2.4  30  80.4  886.7 434  373  570  197  302  635  333
16 2004 173.7  5.7  4.2  1.5  26  61.2  947.9 477  446  561  115  404  604  200
17 2005 182.4  8.7  6.9  1.8  20  97.3 1045.2 418  380  564  184  306  657  351
18 2006 186.9  4.5  2.7  1.8  40  52.2 1097.4 485  443  547  104  402  621  219
19 2007 191.4  4.5  3.9  0.6  13  53.5 1150.9 439  414  607  193  344  644  300
20 2008 195.9  4.5  3.0  1.5  33  54.8 1205.6 451  395  562  167  335  609  274
21 2009 201.0  5.1  3.9  1.2  23  63.6 1269.2 429  399  526  127  323  541  218
22 2010 205.2  4.2  3.3  0.9  21  53.6 1322.8 467  435  585  150  343  614  271
23 2011 210.6  5.4  4.8  0.6  11  70.5 1393.4 439  418  602  184  327  613  286
24 2012 214.8  4.2  2.1  2.1  50  56.1 1449.5 498  432  564  132  374  620  246
25 2013 219.3  4.5  3.0  1.5  33  61.4 1510.9 481  439  564  125  375  632  257
26 2014 224.7  5.4  4.2  1.2  22  75.3 1586.2 461  432  566  134  380  615  235
27 2015 227.7  3.0  0.9  2.1  70  42.6 1628.8 527  438  566  128  369  658  289
28 2016 231.3  3.6  1.8  1.8  50  51.9 1680.7 478  406  551  145  385  674  289

Core Length:  228.6 mm
Core Density: 423 kg/m3
Cross-sectional Density:  425 kg/m3
Early/Latewood Threshold: 500 kg/m3
Attenuation Constant: 3.16

ִִִִִִִִִִִִִִִִִִִִִִִִִִִִִִִִִִִִִִִִִִִִִִִִִִִִִִִִִִִִִִִִִִִִִִִִִִִִִִִ
Core : 59
ֲֲֲִִִִִִִִִִִִִִִִִִִִִִִִִִִִִִִִִִִִִִִִִִִִִִִִִִִִִִִִִִִִִִִִִִִִִִִִִִִִ
       ³Widths (mm)              ³ Areas    ³ Densities (kg/m3)
       ³                         ³ (cm‎)    ³
Ring   ³Outer Ring Erly Late   % ³Incr Total³Ring E/Wd L/Wd Unif  Min  Max  Rng
 # Year³ Rad.      Wood Wood  LW ³          ³mean mean mean
ֱֱֱִִִִִִִִִִִִִִִִִִִִִִִִִִִִִִִִִִִִִִִִִִִִִִִִִִִִִִִִִִִִִִִִִִִִִִִִִִִִ

 3 1991  15.0 15.0 10.8  1.2   8   7.1    7.1 389  372  551  179  284  580  296
 4 1992  28.2 13.2 12.3  0.9   6  17.9   25.0 369  357  535  178  292  560  268
 5 1993  40.5 12.3 10.8  1.5  12  26.5   51.5 377  347  595  248  273  633  360
 6 1994  51.3 10.8  9.3  1.5  13  31.1   82.7 437  416  569  153  329  609  280
 7 1995  69.0 17.7 16.5  1.2   6  66.9  149.6 361  345  587  242  280  635  355
 8 1996  81.9 12.9 10.2  2.7  20  61.2  210.7 394  353  552  199  294  642  348
 9 1997  92.1 10.2  8.1  2.1  20  55.8  266.5 429  387  589  202  340  666  326
10 1998 101.4  9.3  6.9  2.4  25  56.5  323.0 471  426  602  176  370  706  336
11 1999 108.9  7.5  4.2  3.3  44  49.6  372.6 498  452  557  105  385  649  264
12 2000 117.9  9.0  7.2  1.8  20  64.1  436.7 443  403  602  199  326  685  359
13 2001 123.3  5.4  3.3  2.1  38  40.9  477.6 478  418  572  154  370  636  266
14 2002 129.3  6.0  4.8  1.2  20  47.6  525.2 451  417  586  169  379  653  274
15 2003 132.6  3.3  2.4  0.9  27  27.2  552.4 503  454  632  178  426  723  297
16 2004 136.2  3.6  0.9  2.7  74  30.4  582.8 563  446  602  156  435  733  298
17 2005 142.5  6.3  4.2  2.1  33  55.2  637.9 493  457  566  109  413  733  320
18 2006 145.8  3.3  0.9  2.4  72  29.9  667.8 572  472  610  138  447  705  258
19 2007 148.8  3.0  2.1  0.9  30  27.8  695.6 503  453  618  165  420  654  234
20 2008 151.8  3.0  1.5  1.5  50  28.3  723.9 539  465  613  148  437  684  247
21 2009 155.7  3.9  1.2  2.7  69  37.7  761.6 531  469  558   89  449  680  231
22 2010 158.4  2.7  0.3  2.4  88  26.6  788.2 546  434  560  126  434  672  238
23 2011 161.7  3.3  1.5  1.8  54  33.2  821.4 544  455  618  163  429  733  304
24 2012 165.0  3.3  1.2  2.1  63  33.9  855.3 572  484  622  138  470  690  220
25 2013 167.4  2.4  0.9  1.5  62  25.1  880.4 541  482  576   94  467  659  192
26 2014 169.8  2.4  0.3  2.1  87  25.4  905.8 579  498  590   92  498  700  202
27 2015 171.9  2.1  0.3  1.8  85  22.5  928.3 585  442  609  167  442  725  283
28 2016 174.0  2.1  0.6  1.5  71  22.8  951.1 576  487  611  124  479  658  179

Core Length:  171.0 mm
Core Density: 490 kg/m3
Cross-sectional Density:  480 kg/m3
Early/Latewood Threshold: 500 kg/m3
Attenuation Constant: 3.16

ִִִִִִִִִִִִִִִִִִִִִִִִִִִִִִִִִִִִִִִִִִִִִִִִִִִִִִִִִִִִִִִִִִִִִִִִִִִִִִִ
Core : 62
ֲֲֲִִִִִִִִִִִִִִִִִִִִִִִִִִִִִִִִִִִִִִִִִִִִִִִִִִִִִִִִִִִִִִִִִִִִִִִִִִִִ
       ³Widths (mm)              ³ Areas    ³ Densities (kg/m3)
       ³                         ³ (cm‎)    ³
Ring   ³Outer Ring Erly Late   % ³Incr Total³Ring E/Wd L/Wd Unif  Min  Max  Rng
 # Year³ Rad.      Wood Wood  LW ³          ³mean mean mean
ֱֱֱִִִִִִִִִִִִִִִִִִִִִִִִִִִִִִִִִִִִִִִִִִִִִִִִִִִִִִִִִִִִִִִִִִִִִִִִִִִִ

 1 1989   2.4  2.4  2.1  0.3  12   0.2    0.2 381  364  500  136  190  500  310
 2 1990   9.0  6.6  6.6  0.0   0   2.4    2.5 365  365    0    0  297  441  144
 3 1991  22.5 13.5 13.2  0.3   2  13.4   15.9 332  328  505  177  246  505  259
 4 1992  40.2 17.7 17.7  0.0   0  34.9   50.8 338  338    0    0  282  471  189
 5 1993  57.9 17.7 17.7  0.0   0  54.5  105.3 351  351    0    0  274  482  208
 6 1994  73.8 15.9 15.6  0.3   1  65.8  171.1 371  368  520  152  289  520  231
 7 1995  97.2 23.4 21.0  2.4  10 125.7  296.8 367  350  518  168  281  541  260
 8 1996 117.3 20.1 19.2  0.9   4 135.4  432.3 378  371  526  155  295  540  245
 9 1997 135.0 17.7 16.8  0.9   5 140.3  572.6 346  336  519  183  279  545  266
10 1998 148.2 13.2 11.4  1.8  13 117.4  690.0 392  366  553  187  320  606  286
11 1999 158.1  9.9  9.0  0.9   9  95.3  785.3 409  393  567  174  350  569  219
12 2000 169.5 11.4 10.8  0.6   5 117.3  902.6 364  354  542  188  299  562  263
13 2001 177.6  8.1  7.5  0.6   7  88.3  990.9 365  351  543  192  303  561  258
14 2002 184.2  6.6  6.6  0.0   0  75.0 1065.9 345  345    0    0  282  469  187
15 2003 189.9  5.7  4.8  0.9  15  67.0 1132.9 388  354  568  214  289  615  326
16 2004 193.8  3.9  3.3  0.6  15  47.0 1179.9 431  416  516  100  344  520  176
17 2005 200.1  6.3  5.7  0.6   9  78.0 1257.9 364  344  547  203  277  573  296
18 2006 204.6  4.5  3.3  1.2  26  57.2 1315.1 439  393  567  174  354  613  259
19 2007 210.0  5.4  4.5  0.9  16  70.3 1385.4 408  382  542  160  338  611  273
20 2008 214.8  4.8  3.3  1.5  31  64.1 1449.5 429  382  534  152  315  586  271
21 2009 220.8  6.0  5.1  0.9  15  82.1 1531.6 410  390  525  135  300  545  245
22 2010 226.2  5.4  4.5  0.9  16  75.8 1607.4 417  389  557  168  329  578  249
23 2011 234.3  8.1  6.9  1.2  14 117.2 1724.6 387  361  532  171  298  571  273
24 2012 240.6  6.3  5.1  1.2  19  94.0 1818.6 439  416  536  120  354  562  208
25 2013 245.4  4.8  3.9  0.9  18  73.3 1891.9 419  390  546  156  323  569  246
26 2014 252.3  6.9  6.3  0.6   8 107.9 1999.8 400  385  554  169  305  566  261
27 2015 256.2  3.9  2.7  1.2  30  62.3 2062.1 450  412  536  124  381  552  171
28 2016 259.8  3.6  3.0  0.6  16  58.4 2120.5 394  368  520  152  317  536  219

Core Length:  259.8 mm
Core Density: 388 kg/m3
Cross-sectional Density:  389 kg/m3
Early/Latewood Threshold: 500 kg/m3
Attenuation Constant: 3.16

ִִִִִִִִִִִִִִִִִִִִִִִִִִִִִִִִִִִִִִִִִִִִִִִִִִִִִִִִִִִִִִִִִִִִִִִִִִִִִִִ
Core : 71
ֲֲֲִִִִִִִִִִִִִִִִִִִִִִִִִִִִִִִִִִִִִִִִִִִִִִִִִִִִִִִִִִִִִִִִִִִִִִִִִִִִ
       ³Widths (mm)              ³ Areas    ³ Densities (kg/m3)
       ³                         ³ (cm‎)    ³
Ring   ³Outer Ring Erly Late   % ³Incr Total³Ring E/Wd L/Wd Unif  Min  Max  Rng
 # Year³ Rad.      Wood Wood  LW ³          ³mean mean mean
ֱֱֱִִִִִִִִִִִִִִִִִִִִִִִִִִִִִִִִִִִִִִִִִִִִִִִִִִִִִִִִִִִִִִִִִִִִִִִִִִִִ

 2 1990   8.4  8.4  5.4  0.0   0   2.2    2.2 389  389    0    0  333  442  109
 3 1991  15.6  7.2  7.2  0.0   0   5.4    7.6 374  374    0    0  324  472  148
 4 1992  28.2 12.6 11.7  0.9   7  17.3   25.0 372  358  551  193  281  584  303
 5 1993  44.1 15.9 14.4  1.5   9  36.1   61.1 403  388  551  163  315  603  288
 6 1994  61.2 17.1 15.9  1.2   7  56.6  117.7 409  398  547  149  330  560  230
 7 1995  86.4 25.2 20.7  4.5  17 116.9  234.5 408  374  566  192  282  615  333
 8 1996 106.2 19.8 14.4  5.4  27 119.8  354.3 439  391  567  176  327  638  311
 9 1997 124.5 18.3 14.7  3.6  19 132.6  487.0 423  386  571  185  343  621  278
10 1998 138.6 14.1 11.4  2.7  19 116.5  603.5 459  431  578  147  389  679  290
11 1999 148.8 10.2  7.5  2.7  26  92.1  695.6 475  447  551  104  384  643  259
12 2000 161.1 12.3  9.6  2.7  21 119.8  815.3 429  384  589  205  341  649  308
13 2001 168.6  7.5  5.7  1.8  24  77.7  893.0 418  376  553  177  322  603  281
14 2002 177.9  9.3  7.8  1.5  16 101.2  994.3 416  389  560  171  333  581  248
15 2003 185.7  7.8  5.1  2.7  34  89.1 1083.4 461  395  586  191  348  688  340
16 2004 192.3  6.6  4.2  2.4  36  78.4 1161.7 479  435  555  120  376  643  267
17 2005 202.2  9.9  8.1  1.8  18 122.7 1284.4 411  376  565  189  295  634  339
18 2006 208.5  6.3  4.5  1.8  28  81.3 1365.7 466  408  611  203  376  647  271
19 2007 214.8  6.3  5.1  1.2  19  83.8 1449.5 434  393  608  215  340  676  336
20 2008 220.5  5.7  3.6  2.1  36  77.9 1527.5 479  411  596  185  352  652  300
21 2009 227.4  6.9  5.1  1.8  26  97.1 1624.5 447  409  556  147  325  604  279
22 2010 232.8  5.4  4.2  1.2  22  78.1 1702.6 455  417  589  172  348  617  269
23 2011 241.2  8.4  7.2  1.2  14 125.1 1827.7 422  400  556  156  321  601  280
24 2012 246.9  5.7  3.3  2.4  42  87.4 1915.1 468  404  556  152  367  658  291
25 2013 251.4  4.5  3.0  1.5  33  70.4 1985.5 461  402  577  175  357  638  281
26 2014 257.7  6.3  5.1  1.2  19 100.8 2086.3 439  417  536  119  348  571  223
27 2015 261.9  4.2  2.1  2.1  49  68.6 2154.9 497  413  581  168  357  645  288
28 2016 265.5  3.6  2.1  1.5  41  59.6 2214.5 482  418  571  153  367  616  249

Core Length:  262.5 mm
Core Density: 437 kg/m3
Cross-sectional Density:  442 kg/m3
Early/Latewood Threshold: 500 kg/m3
Attenuation Constant: 3.16

