File : C:\DENSITOM\OTAGOC~1\OCST39.DAT
Cores :
3
4
6
14
16
21
23
26
27
28
31
35
44

ִִִִִִִִִִִִִִִִִִִִִִִִִִִִִִִִִִִִִִִִִִִִִִִִִִִִִִִִִִִִִִִִִִִִִִִִִִִִִִִ
Core : 3
ֲֲֲִִִִִִִִִִִִִִִִִִִִִִִִִִִִִִִִִִִִִִִִִִִִִִִִִִִִִִִִִִִִִִִִִִִִִִִִִִִִ
       ³Widths (mm)              ³ Areas    ³ Densities (kg/m3)
       ³                         ³ (cm‎)    ³
Ring   ³Outer Ring Erly Late   % ³Incr Total³Ring E/Wd L/Wd Unif  Min  Max  Rng
 # Year³ Rad.      Wood Wood  LW ³          ³mean mean mean
ֱֱֱִִִִִִִִִִִִִִִִִִִִִִִִִִִִִִִִִִִִִִִִִִִִִִִִִִִִִִִִִִִִִִִִִִִִִִִִִִִִ

 3 1991  14.6 14.6 12.3  0.3   2   6.7    6.7 352  348  517  169  293  517  224
 4 1992  30.5 15.9 15.0  0.9   5  22.5   29.2 379  369  538  169  311  572  261
 5 1993  47.3 16.8 15.9  0.9   5  41.1   70.3 386  378  528  150  321  539  218
 6 1994  66.2 18.9 17.1  1.8   9  67.4  137.7 399  383  556  173  329  603  274
 7 1995  88.4 22.2 18.3  3.9  17 107.8  245.5 448  429  539  110  377  585  208
 8 1996 107.0 18.6 15.0  3.6  19 114.2  359.7 401  370  534  164  311  595  284
 9 1997 124.1 17.1 14.4  2.7  15 124.1  483.8 412  386  549  163  322  609  287
10 1998 140.3 16.2 13.5  2.7  16 134.6  618.4 447  423  562  139  382  607  225
11 1999 149.6  9.3  6.3  3.0  32  84.7  703.1 473  438  546  108  378  607  229
12 2000 158.6  9.0  8.1  0.9  10  87.1  790.2 421  408  538  130  359  577  218
13 2001 165.2  6.6  4.8  1.8  27  67.1  857.4 434  384  565  181  350  650  300
14 2002 170.6  5.4  4.2  1.2  22  57.0  914.3 432  400  545  145  354  609  255
15 2003 176.9  6.3  3.6  2.7  42  68.8  983.1 494  411  605  194  387  683  296
16 2004 181.4  4.5  2.4  2.1  46  50.7 1033.8 501  440  571  131  371  619  248
17 2005 186.2  4.8  3.9  0.9  18  55.4 1089.2 423  393  553  160  354  617  263
18 2006 189.2  3.0  2.1  0.9  30  35.4 1124.6 494  454  589  135  412  644  232
19 2007 193.1  3.9  3.3  0.6  15  46.8 1171.4 441  420  558  138  365  602  237
20 2008 197.9  4.8  3.3  1.5  31  59.0 1230.4 454  402  568  166  358  632  274
21 2009 202.1  4.2  3.0  1.2  28  52.8 1283.2 448  406  554  148  368  598  230
22 2010 205.4  3.3  2.1  1.2  36  42.2 1325.4 481  424  582  158  366  673  307
23 2011 210.5  5.1  3.3  1.8  35  66.6 1392.0 452  392  563  171  362  629  267
24 2012 215.0  4.5  3.0  1.5  33  60.2 1452.2 475  439  546  107  409  610  201
25 2013 217.7  2.7  2.1  0.6  22  36.7 1488.9 460  426  580  154  396  649  253
26 2014 223.1  5.4  3.0  2.4  44  74.8 1563.7 518  453  598  145  427  668  241
27 2015 227.3  4.2  2.1  2.1  50  59.4 1623.1 520  470  571  101  383  668  285
28 2016 230.3  3.0  2.4  0.6  20  43.1 1666.2 454  438  521   83  352  529  177

Core Length:  228.3 mm
Core Density: 446 kg/m3
Cross-sectional Density:  447 kg/m3
Early/Latewood Threshold: 500 kg/m3
Attenuation Constant: 3.16

ִִִִִִִִִִִִִִִִִִִִִִִִִִִִִִִִִִִִִִִִִִִִִִִִִִִִִִִִִִִִִִִִִִִִִִִִִִִִִִִ
Core : 4
ֲֲֲִִִִִִִִִִִִִִִִִִִִִִִִִִִִִִִִִִִִִִִִִִִִִִִִִִִִִִִִִִִִִִִִִִִִִִִִִִִִ
       ³Widths (mm)              ³ Areas    ³ Densities (kg/m3)
       ³                         ³ (cm‎)    ³
Ring   ³Outer Ring Erly Late   % ³Incr Total³Ring E/Wd L/Wd Unif  Min  Max  Rng
 # Year³ Rad.      Wood Wood  LW ³          ³mean mean mean
ֱֱֱִִִִִִִִִִִִִִִִִִִִִִִִִִִִִִִִִִִִִִִִִִִִִִִִִִִִִִִִִִִִִִִִִִִִִִִִִִִִ

 1 1990   9.6  9.6  9.6  0.0   0   2.9    2.9 371  371    0    0  330  483  153
 2 1991  26.4 16.8 16.5  0.3   1  19.0   21.9 324  321  509  188  243  509  266
 3 1992  44.1 17.7 17.4  0.3   1  39.2   61.1 316  313  501  188  256  501  245
 4 1993  63.3 19.2 19.2  0.0   0  64.8  125.9 319  319    0    0  248  496  248
 5 1994  86.1 22.8 21.9  0.9   3 107.0  232.9 324  316  521  205  246  544  298
 6 1995 103.8 17.7 16.5  1.2   6 105.6  338.5 367  355  526  171  299  549  250
 7 1996 121.5 17.7 17.1  0.6   3 125.3  463.8 325  319  520  201  263  530  267
 8 1997 138.0 16.5 15.3  1.2   7 134.5  598.3 336  321  529  208  267  542  275
 9 1998 151.8 13.8 12.9  0.9   6 125.6  723.9 361  346  568  222  293  587  294
10 1999 162.9 11.1 10.5  0.6   5 109.7  833.7 392  385  530  145  306  542  236
11 2000 176.4 13.5 13.2  0.3   2 143.9  977.6 344  340  538  198  280  538  258
12 2001 183.6  7.2  6.6  0.6   8  81.4 1059.0 376  361  545  184  306  560  254
13 2002 190.5  6.9  6.0  0.9  13  81.1 1140.1 385  361  541  180  312  585  273
14 2003 196.8  6.3  5.1  1.2  19  76.7 1216.7 403  364  568  204  326  591  265
15 2004 200.4  3.6  2.7  0.9  24  44.9 1261.7 444  408  552  144  374  597  223
16 2005 206.7  6.3  5.4  0.9  14  80.6 1342.2 390  368  521  153  331  530  199
17 2006 209.1  2.4  2.1  0.3  12  31.4 1373.6 416  398  542  144  343  542  199
18 2007 213.0  3.9  3.6  0.3   7  51.7 1425.3 417  403  585  182  360  585  225
19 2008 218.1  5.1  3.6  1.5  29  69.1 1494.4 430  381  548  167  342  584  242
20 2009 222.3  4.2  3.6  0.6  14  58.1 1552.5 409  391  517  126  335  519  184
21 2010 226.5  4.2  3.6  0.6  14  59.2 1611.7 439  417  570  153  352  596  244
22 2011 231.3  4.8  4.2  0.6  12  69.0 1680.7 392  374  525  151  323  548  225
23 2012 234.6  3.3  1.5  1.8  54  48.3 1729.0 482  412  541  129  374  592  218
24 2013 237.0  2.4  1.8  0.6  24  35.6 1764.6 453  415  564  149  367  591  224
25 2014 240.3  3.3  2.1  1.2  36  49.5 1814.1 473  419  567  148  356  618  262
26 2015 242.4  2.1  1.2  0.9  42  31.8 1845.9 487  409  591  182  362  620  258
27 2016 245.1  2.7  2.1  0.6  22  41.4 1887.3 427  393  548  155  350  572  222

Core Length:  245.1 mm
Core Density: 392 kg/m3
Cross-sectional Density:  380 kg/m3
Early/Latewood Threshold: 500 kg/m3
Attenuation Constant: 3.16

ִִִִִִִִִִִִִִִִִִִִִִִִִִִִִִִִִִִִִִִִִִִִִִִִִִִִִִִִִִִִִִִִִִִִִִִִִִִִִִִ
Core : 6
ֲֲֲִִִִִִִִִִִִִִִִִִִִִִִִִִִִִִִִִִִִִִִִִִִִִִִִִִִִִִִִִִִִִִִִִִִִִִִִִִִִ
       ³Widths (mm)              ³ Areas    ³ Densities (kg/m3)
       ³                         ³ (cm‎)    ³
Ring   ³Outer Ring Erly Late   % ³Incr Total³Ring E/Wd L/Wd Unif  Min  Max  Rng
 # Year³ Rad.      Wood Wood  LW ³          ³mean mean mean
ֱֱֱִִִִִִִִִִִִִִִִִִִִִִִִִִִִִִִִִִִִִִִִִִִִִִִִִִִִִִִִִִִִִִִִִִִִִִִִִִִִ

 1 1989   5.5  5.5  4.5  0.0   0   1.0    1.0 409  409    0    0  347  461  114
 2 1990  24.1 18.6 18.6  0.0   0  17.3   18.2 355  355    0    0  289  442  153
 3 1991  36.1 12.0 12.0  0.0   0  22.7   40.9 289  289    0    0  232  442  210
 4 1992  54.7 18.6 18.6  0.0   0  53.1   94.0 299  299    0    0  251  472  221
 5 1993  73.6 18.9 18.9  0.0   0  76.2  170.2 310  310    0    0  261  429  168
 6 1994  98.8 25.2 25.2  0.0   0 136.5  306.7 312  312    0    0  258  463  205
 7 1995 118.9 20.1 20.1  0.0   0 137.5  444.1 326  326    0    0  261  499  238
 8 1996 137.2 18.3 18.3  0.0   0 147.2  591.4 317  317    0    0  249  470  221
 9 1997 155.8 18.6 18.6  0.0   0 171.2  762.6 300  300    0    0  252  463  211
10 1998 168.1 12.3 11.1  1.2   9 125.2  887.7 365  347  531  184  301  549  248
11 1999 176.8  8.7  8.7  0.0   0  94.3  982.0 392  392    0    0  295  485  190
12 2000 186.4  9.6  9.6  0.0   0 109.5 1091.5 333  333    0    0  263  498  235
13 2001 192.4  6.0  5.4  0.6  10  71.4 1162.9 361  339  564  225  282  625  343
14 2002 198.7  6.3  5.7  0.6   9  77.4 1240.4 357  339  533  194  282  533  251
15 2003 204.4  5.7  4.8  0.9  15  72.2 1312.5 379  351  531  180  299  564  265
16 2004 206.5  2.1  1.5  0.6  28  27.1 1339.6 440  403  533  130  339  533  194
17 2005 211.9  5.4  4.8  0.6  11  71.0 1410.6 394  374  553  179  315  577  262
18 2006 213.7  1.8  1.5  0.3  16  24.1 1434.7 444  412  609  197  385  609  224
19 2007 215.8  2.1  1.8  0.3  14  28.3 1463.0 398  377  522  145  342  522  180
20 2008 217.6  1.8  1.5  0.3  16  24.5 1487.5 393  371  506  135  303  506  203
21 2009 219.4  1.8  1.5  0.3  16  24.7 1512.2 397  375  509  134  314  509  195
22 2010 220.9  1.5  1.5  0.0   0  20.7 1533.0 419  419    0    0  301  490  189
23 2011 223.9  3.0  3.0  0.0   0  41.9 1574.9 396  396    0    0  306  494  188
24 2012 225.7  1.8  1.2  0.6  33  25.4 1600.3 451  406  541  135  357  549  192
25 2013 227.8  2.1  1.5  0.6  28  29.9 1630.3 453  400  586  186  345  588  243
26 2014 230.8  3.0  2.4  0.6  20  43.2 1673.5 445  423  536  113  326  570  244
27 2015 232.6  1.8  0.9  0.9  49  26.2 1699.7 517  454  581  127  434  626  192
28 2016 234.1  1.5  0.9  0.6  40  22.0 1721.7 449  380  552  172  344  555  211

Core Length:  233.1 mm
Core Density: 382 kg/m3
Cross-sectional Density:  355 kg/m3
Early/Latewood Threshold: 500 kg/m3
Attenuation Constant: 3.16

ִִִִִִִִִִִִִִִִִִִִִִִִִִִִִִִִִִִִִִִִִִִִִִִִִִִִִִִִִִִִִִִִִִִִִִִִִִִִִִִ
Core : 14
ֲֲֲִִִִִִִִִִִִִִִִִִִִִִִִִִִִִִִִִִִִִִִִִִִִִִִִִִִִִִִִִִִִִִִִִִִִִִִִִִִִ
       ³Widths (mm)              ³ Areas    ³ Densities (kg/m3)
       ³                         ³ (cm‎)    ³
Ring   ³Outer Ring Erly Late   % ³Incr Total³Ring E/Wd L/Wd Unif  Min  Max  Rng
 # Year³ Rad.      Wood Wood  LW ³          ³mean mean mean
ֱֱֱִִִִִִִִִִִִִִִִִִִִִִִִִִִִִִִִִִִִִִִִִִִִִִִִִִִִִִִִִִִִִִִִִִִִִִִִִִִִ

 1 1989   2.4  2.4  2.4  0.0   0   0.2    0.2 342  342    0    0  315  397   82
 2 1990   7.5  5.1  5.1  0.0   0   1.6    1.8 347  347    0    0  277  405  128
 3 1991  21.9 14.4 14.4  0.0   0  13.3   15.1 286  286    0    0  224  415  191
 4 1992  40.2 18.3 18.0  0.3   1  35.7   50.8 313  310  508  198  224  508  284
 5 1993  60.0 19.8 19.8  0.0   0  62.3  113.1 307  307    0    0  255  438  183
 6 1994  79.5 19.5 19.2  0.3   1  85.5  198.6 319  316  545  229  252  545  293
 7 1995  98.1 18.6 17.4  1.2   6 103.8  302.3 372  362  518  156  295  537  242
 8 1996 118.5 20.4 20.4  0.0   0 138.8  441.2 322  322    0    0  259  484  225
 9 1997 135.0 16.5 15.6  0.9   5 131.4  572.6 320  309  517  208  263  529  266
10 1998 146.4 11.4 10.8  0.6   5 100.8  673.3 365  355  533  178  303  549  246
11 1999 152.7  6.3  6.0  0.3   4  59.2  732.5 408  396  644  248  322  644  322
12 2000 160.2  7.5  7.2  0.3   4  73.7  806.3 344  337  503  166  284  503  219
13 2001 166.5  6.3  5.7  0.6   9  64.7  870.9 353  333  539  206  294  572  278
14 2002 172.8  6.3  6.0  0.3   4  67.2  938.1 334  325  514  189  269  514  245
15 2003 178.5  5.7  4.8  0.9  15  62.9 1001.0 382  346  572  226  317  594  277
16 2004 181.8  3.3  3.0  0.3   9  37.4 1038.3 428  415  554  139  371  554  183
17 2005 187.5  5.7  5.4  0.3   5  66.1 1104.5 353  342  563  221  277  563  286
18 2006 191.7  4.2  3.0  1.2  28  50.0 1154.5 433  388  545  157  327  645  318
19 2007 197.1  5.4  5.1  0.3   5  66.0 1220.5 361  350  553  203  300  553  253
20 2008 201.9  4.8  4.5  0.3   6  60.2 1280.6 372  362  526  164  306  526  220
21 2009 207.0  5.1  5.1  0.0   0  65.5 1346.1 364  364    0    0  306  456  150
22 2010 210.3  3.3  3.0  0.3   9  43.3 1389.4 404  391  533  142  344  533  189
23 2011 215.7  5.4  4.8  0.6  11  72.3 1461.7 362  343  512  169  302  513  211
24 2012 219.6  3.9  3.3  0.6  15  53.3 1515.0 427  410  519  109  351  533  182
25 2013 223.5  3.9  3.0  0.9  23  54.3 1569.3 423  385  549  164  333  585  252
26 2014 228.0  4.5  4.2  0.3   6  63.8 1633.1 389  381  501  120  336  501  165
27 2015 230.1  2.1  1.5  0.6  28  30.2 1663.3 449  419  524  105  391  547  156
28 2016 232.2  2.1  2.1  0.0   0  30.5 1693.8 416  416    0    0  349  497  148

Core Length:  232.2 mm
Core Density: 367 kg/m3
Cross-sectional Density:  362 kg/m3
Early/Latewood Threshold: 500 kg/m3
Attenuation Constant: 3.16

ִִִִִִִִִִִִִִִִִִִִִִִִִִִִִִִִִִִִִִִִִִִִִִִִִִִִִִִִִִִִִִִִִִִִִִִִִִִִִִִ
Core : 16
ֲֲֲִִִִִִִִִִִִִִִִִִִִִִִִִִִִִִִִִִִִִִִִִִִִִִִִִִִִִִִִִִִִִִִִִִִִִִִִִִִִ
       ³Widths (mm)              ³ Areas    ³ Densities (kg/m3)
       ³                         ³ (cm‎)    ³
Ring   ³Outer Ring Erly Late   % ³Incr Total³Ring E/Wd L/Wd Unif  Min  Max  Rng
 # Year³ Rad.      Wood Wood  LW ³          ³mean mean mean
ֱֱֱִִִִִִִִִִִִִִִִִִִִִִִִִִִִִִִִִִִִִִִִִִִִִִִִִִִִִִִִִִִִִִִִִִִִִִִִִִִִ

 3 1991  17.4 17.4 13.8  0.6   3   9.5    9.5 312  303  528  225  247  545  298
 4 1992  35.1 17.7 17.7  0.0   0  29.2   38.7 301  301    0    0  233  458  225
 5 1993  56.1 21.0 21.0  0.0   0  60.2   98.9 322  322    0    0  236  464  228
 6 1994  81.6 25.5 23.7  1.8   7 110.3  209.2 351  336  548  212  248  582  334
 7 1995  97.5 15.9 15.0  0.9   5  89.5  298.6 356  346  526  180  298  539  241
 8 1996 113.4 15.9 15.9  0.0   0 105.3  404.0 329  329    0    0  264  484  220
 9 1997 133.8 20.4 18.9  1.5   7 158.4  562.4 352  337  539  202  250  597  347
10 1998 143.1  9.3  9.0  0.3   3  80.9  643.3 367  360  570  210  299  570  271
11 1999 149.7  6.6  6.6  0.0   0  60.7  704.0 388  388    0    0  298  477  179
12 2000 159.6  9.9  9.9  0.0   0  96.2  800.2 330  330    0    0  258  467  209
13 2001 166.2  6.6  6.3  0.3   4  67.6  867.8 341  333  505  172  275  505  230
14 2002 174.0  7.8  7.5  0.3   3  83.4  951.1 337  330  514  184  275  514  239
15 2003 180.0  6.0  5.7  0.3   5  66.7 1017.9 364  356  520  164  298  520  222
16 2004 183.6  3.6  3.6  0.0   0  41.1 1059.0 391  391    0    0  334  465  131
17 2005 190.5  6.9  6.3  0.6   8  81.1 1140.1 347  332  512  180  273  518  245
18 2006 192.9  2.4  2.1  0.3  12  28.9 1169.0 378  355  538  183  304  538  234
19 2007 195.6  2.7  2.7  0.0   0  33.0 1202.0 339  339    0    0  289  477  188
20 2008 199.2  3.6  3.6  0.0   0  44.7 1246.6 352  352    0    0  300  458  158
21 2009 203.4  4.2  4.2  0.0   0  53.1 1299.7 335  335    0    0  283  438  155
22 2010 207.6  4.2  3.9  0.3   7  54.2 1354.0 355  342  528  186  302  528  226
23 2011 216.6  9.0  9.0  0.0   0 119.9 1473.9 311  311    0    0  254  470  216
24 2012 223.5  6.9  6.3  0.6   8  95.4 1569.3 375  361  518  157  311  536  225
25 2013 227.4  3.9  3.6  0.3   7  55.2 1624.5 352  337  530  193  297  530  233
26 2014 233.1  5.7  5.7  0.0   0  82.5 1707.0 332  332    0    0  284  484  200
27 2015 236.1  3.0  3.0  0.0   0  44.2 1751.2 394  394    0    0  290  466  176
28 2016 239.4  3.3  3.3  0.0   0  49.3 1800.5 350  350    0    0  290  440  150

Core Length:  236.4 mm
Core Density: 348 kg/m3
Cross-sectional Density:  347 kg/m3
Early/Latewood Threshold: 500 kg/m3
Attenuation Constant: 3.16

ִִִִִִִִִִִִִִִִִִִִִִִִִִִִִִִִִִִִִִִִִִִִִִִִִִִִִִִִִִִִִִִִִִִִִִִִִִִִִִִ
Core : 21
ֲֲֲִִִִִִִִִִִִִִִִִִִִִִִִִִִִִִִִִִִִִִִִִִִִִִִִִִִִִִִִִִִִִִִִִִִִִִִִִִִִ
       ³Widths (mm)              ³ Areas    ³ Densities (kg/m3)
       ³                         ³ (cm‎)    ³
Ring   ³Outer Ring Erly Late   % ³Incr Total³Ring E/Wd L/Wd Unif  Min  Max  Rng
 # Year³ Rad.      Wood Wood  LW ³          ³mean mean mean
ֱֱֱִִִִִִִִִִִִִִִִִִִִִִִִִִִִִִִִִִִִִִִִִִִִִִִִִִִִִִִִִִִִִִִִִִִִִִִִִִִִ

 1 1990  10.5 10.5 10.5  0.0   0   3.5    3.5 369  369    0    0  279  491  212
 2 1991  25.5 15.0 15.0  0.0   0  17.0   20.4 365  365    0    0  289  487  198
 3 1992  45.9 20.4 19.8  0.6   2  45.8   66.2 334  329  525  196  274  538  264
 4 1993  66.6 20.7 20.7  0.0   0  73.2  139.3 334  334    0    0  276  478  202
 5 1994  88.8 22.2 21.6  0.6   2 108.4  247.7 342  336  561  225  284  581  297
 6 1995 104.4 15.6 14.4  1.2   7  94.7  342.4 377  365  528  163  297  547  250
 7 1996 117.9 13.5 13.5  0.0   0  94.3  436.7 337  337    0    0  281  477  196
 8 1997 129.6 11.7 11.4  0.3   2  91.0  527.7 319  314  510  196  285  510  225
 9 1998 140.7 11.1 10.2  0.9   8  94.3  621.9 368  352  549  197  296  572  276
10 1999 147.0  6.3  6.0  0.3   4  56.9  678.9 403  398  506  108  334  506  172
11 2000 154.2  7.2  6.9  0.3   4  68.1  747.0 348  341  511  170  280  511  231
12 2001 160.8  6.6  6.3  0.3   4  65.3  812.3 364  354  561  207  282  561  279
13 2002 167.4  6.6  6.6  0.0   0  68.1  880.4 367  367    0    0  280  486  206
14 2003 173.1  5.7  4.8  0.9  15  61.0  941.3 386  348  590  242  304  598  294
15 2004 176.4  3.3  3.3  0.0   0  36.2  977.6 426  426    0    0  366  495  129
16 2005 182.4  6.0  5.7  0.3   5  67.6 1045.2 374  365  538  173  305  538  233
17 2006 185.4  3.0  1.8  1.2  40  34.7 1079.9 457  405  536  131  357  591  234
18 2007 189.0  3.6  3.6  0.0   0  42.3 1122.2 358  358    0    0  300  438  138
19 2008 192.0  3.0  2.7  0.3  10  35.9 1158.1 417  407  508  101  335  508  173
20 2009 195.6  3.6  3.6  0.0   0  43.8 1202.0 360  360    0    0  299  471  172
21 2010 198.3  2.7  2.7  0.0   0  33.4 1235.4 372  372    0    0  324  443  119
22 2011 202.5  4.2  4.2  0.0   0  52.9 1288.2 322  322    0    0  281  399  118
23 2012 204.9  2.4  2.4  0.0   0  30.7 1319.0 390  390    0    0  332  456  124
24 2013 206.4  1.5  1.5  0.0   0  19.4 1338.3 379  379    0    0  332  432  100
25 2014 208.2  1.8  1.8  0.0   0  23.4 1361.8 406  406    0    0  349  467  118
26 2015 209.4  1.2  1.2  0.0   0  15.7 1377.5 426  426    0    0  380  494  114
27 2016 210.3  0.9  0.9  0.0   0  11.9 1389.4 364  364    0    0  339  405   66

Core Length:  210.3 mm
Core Density: 372 kg/m3
Cross-sectional Density:  364 kg/m3
Early/Latewood Threshold: 500 kg/m3
Attenuation Constant: 3.16

ִִִִִִִִִִִִִִִִִִִִִִִִִִִִִִִִִִִִִִִִִִִִִִִִִִִִִִִִִִִִִִִִִִִִִִִִִִִִִִִ
Core : 23
ֲֲֲִִִִִִִִִִִִִִִִִִִִִִִִִִִִִִִִִִִִִִִִִִִִִִִִִִִִִִִִִִִִִִִִִִִִִִִִִִִִ
       ³Widths (mm)              ³ Areas    ³ Densities (kg/m3)
       ³                         ³ (cm‎)    ³
Ring   ³Outer Ring Erly Late   % ³Incr Total³Ring E/Wd L/Wd Unif  Min  Max  Rng
 # Year³ Rad.      Wood Wood  LW ³          ³mean mean mean
ֱֱֱִִִִִִִִִִִִִִִִִִִִִִִִִִִִִִִִִִִִִִִִִִִִִִִִִִִִִִִִִִִִִִִִִִִִִִִִִִִִ

 2 1991  11.0 11.0  9.0  0.0   0   3.8    3.8 312  312    0    0  238  429  191
 3 1992  26.9 15.9 15.9  0.0   0  18.9   22.7 302  302    0    0  235  476  241
 4 1993  46.4 19.5 19.5  0.0   0  44.9   67.6 310  310    0    0  236  408  172
 5 1994  67.1 20.7 20.4  0.3   1  73.8  141.4 308  305  517  212  234  517  283
 6 1995  83.0 15.9 15.0  0.9   5  75.0  216.4 351  339  559  220  271  572  301
 7 1996  98.3 15.3 15.3  0.0   0  87.1  303.6 311  311    0    0  242  477  235
 8 1997 106.7  8.4  8.4  0.0   0  54.1  357.7 316  316    0    0  269  450  181
 9 1998 113.6  6.9  6.3  0.6   8  47.8  405.4 382  368  532  164  335  548  213
10 1999 121.4  7.8  7.5  0.3   3  57.6  463.0 393  388  529  141  307  529  222
11 2000 128.3  6.9  6.6  0.3   4  54.1  517.1 351  344  512  168  273  512  239
12 2001 136.1  7.8  7.2  0.6   7  64.8  581.9 368  354  539  185  290  557  267
13 2002 142.7  6.6  6.6  0.0   0  57.8  639.7 327  327    0    0  267  490  223
14 2003 150.5  7.8  6.9  0.9  11  71.8  711.6 381  358  559  201  296  591  295
15 2004 155.3  4.8  4.2  0.6  12  46.1  757.7 410  393  535  142  343  536  193
16 2005 164.0  8.7  8.1  0.6   6  87.3  845.0 376  363  552  189  292  569  277
17 2006 168.8  4.8  3.6  1.2  24  50.2  895.1 425  396  514  118  349  548  199
18 2007 173.6  4.8  4.8  0.0   0  51.6  946.8 371  371    0    0  302  497  195
19 2008 179.0  5.4  5.1  0.3   5  59.8 1006.6 383  376  510  134  317  510  193
20 2009 183.8  4.8  4.8  0.0   0  54.7 1061.3 352  352    0    0  297  443  146
21 2010 188.6  4.8  3.9  0.9  18  56.2 1117.5 409  376  550  174  336  557  221
22 2011 197.0  8.4  7.5  0.9  10 101.8 1219.2 373  353  538  185  286  562  276
23 2012 204.8  7.8  7.5  0.3   3  98.5 1317.7 398  391  572  181  329  572  243
24 2013 209.3  4.5  4.2  0.3   6  58.5 1376.2 372  362  517  155  320  517  197
25 2014 216.8  7.5  6.9  0.6   8 100.4 1476.6 385  372  528  156  323  532  209
26 2015 221.9  5.1  4.5  0.6  11  70.3 1546.9 445  429  569  140  369  576  207
27 2016 227.0  5.1  5.1  0.0   0  71.9 1618.8 371  371    0    0  303  479  176

Core Length:  225.3 mm
Core Density: 364 kg/m3
Cross-sectional Density:  368 kg/m3
Early/Latewood Threshold: 500 kg/m3
Attenuation Constant: 3.16

ִִִִִִִִִִִִִִִִִִִִִִִִִִִִִִִִִִִִִִִִִִִִִִִִִִִִִִִִִִִִִִִִִִִִִִִִִִִִִִִ
Core : 26
ֲֲֲִִִִִִִִִִִִִִִִִִִִִִִִִִִִִִִִִִִִִִִִִִִִִִִִִִִִִִִִִִִִִִִִִִִִִִִִִִִִ
       ³Widths (mm)              ³ Areas    ³ Densities (kg/m3)
       ³                         ³ (cm‎)    ³
Ring   ³Outer Ring Erly Late   % ³Incr Total³Ring E/Wd L/Wd Unif  Min  Max  Rng
 # Year³ Rad.      Wood Wood  LW ³          ³mean mean mean
ֱֱֱִִִִִִִִִִִִִִִִִִִִִִִִִִִִִִִִִִִִִִִִִִִִִִִִִִִִִִִִִִִִִִִִִִִִִִִִִִִִ

 4 1992  26.2 26.2 15.9  0.3   1  21.6   21.6 306  302  503  201  254  503  249
 5 1993  44.2 18.0 18.0  0.0   0  39.8   61.4 309  309    0    0  258  430  172
 6 1994  68.2 24.0 22.8  1.2   4  84.7  146.1 342  333  515  182  280  528  248
 7 1995  85.9 17.7 17.1  0.6   3  85.7  231.8 354  348  525  177  269  539  270
 8 1996 102.1 16.2 15.9  0.3   1  95.7  327.5 323  320  502  182  240  502  262
 9 1997 115.3 13.2 13.2  0.0   0  90.2  417.6 330  330    0    0  272  498  226
10 1998 124.6  9.3  9.0  0.3   3  70.1  487.7 362  357  504  147  324  504  180
11 1999 130.3  5.7  5.4  0.3   5  45.6  533.4 420  415  503   88  304  503  199
12 2000 137.5  7.2  6.6  0.6   8  60.6  594.0 365  353  501  148  289  502  213
13 2001 142.6  5.1  4.5  0.6  11  44.9  638.8 383  364  528  164  299  541  242
14 2002 149.2  6.6  6.3  0.3   4  60.5  699.3 355  347  521  174  287  521  234
15 2003 154.3  5.1  4.2  0.9  17  48.6  748.0 384  349  549  200  301  598  297
16 2004 157.3  3.0  2.7  0.3  10  29.4  777.3 429  416  544  128  333  544  211
17 2005 162.1  4.8  3.6  1.2  24  48.2  825.5 408  360  549  189  301  616  315
18 2006 164.2  2.1  1.5  0.6  28  21.5  847.0 430  383  547  164  357  561  204
19 2007 167.5  3.3  3.3  0.0   0  34.4  881.4 386  386    0    0  318  497  179
20 2008 170.5  3.0  2.4  0.6  20  31.9  913.3 445  425  527  102  346  536  190
21 2009 172.9  2.4  2.1  0.3  12  25.9  939.2 449  441  509   68  364  509  145
22 2010 175.3  2.4  1.5  0.9  37  26.3  965.4 453  411  523  112  318  539  221
23 2011 177.7  2.4  1.8  0.6  24  26.6  992.0 412  375  522  147  295  526  231
24 2012 181.3  3.6  2.7  0.9  25  40.6 1032.6 465  439  543  104  401  572  171
25 2013 184.0  2.7  1.8  0.9  33  31.0 1063.6 428  354  576  222  280  617  337
26 2014 188.2  4.2  3.3  0.9  21  49.1 1112.7 438  405  558  153  338  579  241
27 2015 190.3  2.1  0.9  1.2  57  25.0 1137.7 525  457  577  120  446  622  176
28 2016 192.1  1.8  0.9  0.9  49  21.6 1159.3 459  387  530  143  345  570  225

Core Length:  182.1 mm
Core Density: 398 kg/m3
Cross-sectional Density:  382 kg/m3
Early/Latewood Threshold: 500 kg/m3
Attenuation Constant: 3.16

ִִִִִִִִִִִִִִִִִִִִִִִִִִִִִִִִִִִִִִִִִִִִִִִִִִִִִִִִִִִִִִִִִִִִִִִִִִִִִִִ
Core : 27
ֲֲֲִִִִִִִִִִִִִִִִִִִִִִִִִִִִִִִִִִִִִִִִִִִִִִִִִִִִִִִִִִִִִִִִִִִִִִִִִִִִ
       ³Widths (mm)              ³ Areas    ³ Densities (kg/m3)
       ³                         ³ (cm‎)    ³
Ring   ³Outer Ring Erly Late   % ³Incr Total³Ring E/Wd L/Wd Unif  Min  Max  Rng
 # Year³ Rad.      Wood Wood  LW ³          ³mean mean mean
ֱֱֱִִִִִִִִִִִִִִִִִִִִִִִִִִִִִִִִִִִִִִִִִִִִִִִִִִִִִִִִִִִִִִִִִִִִִִִִִִִִ

 1 1990   2.4  2.4  2.1  0.3  12   0.2    0.2 449  442  504   62  340  504  164
 2 1991  15.3 12.9 12.6  0.3   2   7.2    7.4 356  353  504  151  288  504  216
 3 1992  28.5 13.2 12.9  0.3   2  18.2   25.5 352  348  529  181  302  529  227
 4 1993  42.6 14.1 13.5  0.6   4  31.5   57.0 384  379  505  126  325  510  185
 5 1994  64.5 21.9 20.1  1.8   8  73.7  130.7 393  381  528  147  319  542  223
 6 1995  81.3 16.8 14.1  2.7  16  77.0  207.6 444  421  562  141  355  636  281
 7 1996  97.8 16.5 15.6  0.9   5  92.8  300.5 375  365  536  171  292  560  268
 8 1997 114.6 16.8 15.0  1.8  10 112.1  412.6 376  356  536  180  296  581  285
 9 1998 123.9  9.3  8.4  0.9   9  69.7  482.3 418  402  567  165  344  621  277
10 1999 130.2  6.3  5.4  0.9  14  50.3  532.6 424  407  528  121  328  567  239
11 2000 137.1  6.9  6.9  0.0   0  57.9  590.5 353  353    0    0  302  494  192
12 2001 141.6  4.5  4.2  0.3   6  39.4  629.9 384  365  647  282  317  647  330
13 2002 146.4  4.8  4.5  0.3   6  43.4  673.3 372  358  579  221  293  579  286
14 2003 151.2  4.8  3.6  1.2  24  44.9  718.2 416  370  554  184  331  625  294
15 2004 154.5  3.3  1.8  1.5  45  31.7  749.9 485  430  550  120  394  595  201
16 2005 159.9  5.4  4.5  0.9  16  53.3  803.2 424  395  567  172  338  589  251
17 2006 162.3  2.4  1.5  0.9  37  24.3  827.5 477  414  582  168  365  627  262
18 2007 165.3  3.0  2.7  0.3  10  30.9  858.4 412  392  595  203  349  595  246
19 2008 168.0  2.7  2.1  0.6  22  28.3  886.7 434  409  523  114  341  532  191
20 2009 171.0  3.0  1.8  1.2  40  32.0  918.6 455  387  557  170  359  641  282
21 2010 173.7  2.7  2.4  0.3  11  29.2  947.9 442  428  555  127  377  555  178
22 2011 177.3  3.6  3.0  0.6  16  39.7  987.6 408  371  592  221  326  631  305
23 2012 179.7  2.4  1.5  0.9  37  26.9 1014.5 473  416  568  152  356  609  253
24 2013 182.1  2.4  2.1  0.3  12  27.3 1041.8 431  413  559  146  359  559  200
25 2014 185.1  3.0  2.7  0.3  10  34.6 1076.4 419  394  647  253  336  647  311
26 2015 187.2  2.1  0.9  1.2  57  24.6 1100.9 493  411  555  144  337  614  277
27 2016 188.7  1.5  1.5  0.0   0  17.7 1118.6 432  432    0    0  382  480   98

Core Length:  188.7 mm
Core Density: 417 kg/m3
Cross-sectional Density:  410 kg/m3
Early/Latewood Threshold: 500 kg/m3
Attenuation Constant: 3.16

ִִִִִִִִִִִִִִִִִִִִִִִִִִִִִִִִִִִִִִִִִִִִִִִִִִִִִִִִִִִִִִִִִִִִִִִִִִִִִִִ
Core : 28
ֲֲֲִִִִִִִִִִִִִִִִִִִִִִִִִִִִִִִִִִִִִִִִִִִִִִִִִִִִִִִִִִִִִִִִִִִִִִִִִִִִ
       ³Widths (mm)              ³ Areas    ³ Densities (kg/m3)
       ³                         ³ (cm‎)    ³
Ring   ³Outer Ring Erly Late   % ³Incr Total³Ring E/Wd L/Wd Unif  Min  Max  Rng
 # Year³ Rad.      Wood Wood  LW ³          ³mean mean mean
ֱֱֱִִִִִִִִִִִִִִִִִִִִִִִִִִִִִִִִִִִִִִִִִִִִִִִִִִִִִִִִִִִִִִִִִִִִִִִִִִִִ

 1 1990  10.8 10.8 10.5  0.3   2   3.7    3.7 359  355  508  153  284  508  224
 2 1991  25.2 14.4 14.1  0.3   2  16.3   20.0 327  323  537  214  252  537  285
 3 1992  40.5 15.3 15.0  0.3   1  31.6   51.5 349  345  527  182  293  527  234
 4 1993  57.9 17.4 17.4  0.0   0  53.8  105.3 343  343    0    0  290  490  200
 5 1994  75.0 17.1 15.9  1.2   7  71.4  176.7 364  353  513  160  308  523  215
 6 1995  87.9 12.9 11.7  1.2   9  66.0  242.7 379  362  545  183  306  582  276
 7 1996 103.2 15.3 14.1  1.2   7  91.9  334.6 353  338  525  187  266  544  278
 8 1997 117.6 14.4 12.9  1.5  10  99.9  434.5 364  346  525  179  308  549  241
 9 1998 127.5  9.9  8.4  1.5  15  76.2  510.7 431  404  580  176  324  672  348
10 1999 133.8  6.3  5.1  1.2  19  51.7  562.4 451  428  549  121  371  625  254
11 2000 142.5  8.7  7.2  1.5  17  75.5  637.9 420  389  565  176  335  642  307
12 2001 148.8  6.3  4.8  1.5  23  57.7  695.6 440  405  551  146  346  635  289
13 2002 153.3  4.5  3.9  0.6  13  42.7  738.3 427  400  602  202  342  653  311
14 2003 158.1  4.8  3.6  1.2  24  47.0  785.3 464  409  628  219  358  679  321
15 2004 161.4  3.3  1.8  1.5  45  33.1  818.4 483  420  560  140  359  606  247
16 2005 166.5  5.1  4.2  0.9  17  52.5  870.9 440  412  571  159  364  629  265
17 2006 168.6  2.1  1.2  0.9  42  22.1  893.0 498  437  579  142  406  600  194
18 2007 172.5  3.9  2.4  1.5  38  41.8  934.8 476  421  563  142  368  644  276
19 2008 176.7  4.2  2.7  1.5  35  46.1  980.9 454  401  549  148  356  614  258
20 2009 180.9  4.2  3.0  1.2  28  47.2 1028.1 449  408  553  145  356  610  254
21 2010 184.8  3.9  2.7  1.2  30  44.8 1072.9 472  431  563  132  336  600  264
22 2011 190.5  5.7  3.9  1.8  31  67.2 1140.1 439  391  542  151  320  573  253
23 2012 194.7  4.2  3.3  0.9  21  50.8 1190.9 460  434  553  119  352  556  204
24 2013 197.1  2.4  2.1  0.3  12  29.5 1220.5 440  417  601  184  363  601  238
25 2014 201.6  4.5  3.3  1.2  26  56.4 1276.8 455  421  548  127  339  589  250
26 2015 204.6  3.0  1.5  1.5  50  38.3 1315.1 489  422  557  135  349  617  268
27 2016 207.3  2.7  1.8  0.9  33  34.9 1350.0 463  405  580  175  333  617  284

Core Length:  207.3 mm
Core Density: 425 kg/m3
Cross-sectional Density:  421 kg/m3
Early/Latewood Threshold: 500 kg/m3
Attenuation Constant: 3.16

ִִִִִִִִִִִִִִִִִִִִִִִִִִִִִִִִִִִִִִִִִִִִִִִִִִִִִִִִִִִִִִִִִִִִִִִִִִִִִִִ
Core : 31
ֲֲֲִִִִִִִִִִִִִִִִִִִִִִִִִִִִִִִִִִִִִִִִִִִִִִִִִִִִִִִִִִִִִִִִִִִִִִִִִִִִ
       ³Widths (mm)              ³ Areas    ³ Densities (kg/m3)
       ³                         ³ (cm‎)    ³
Ring   ³Outer Ring Erly Late   % ³Incr Total³Ring E/Wd L/Wd Unif  Min  Max  Rng
 # Year³ Rad.      Wood Wood  LW ³          ³mean mean mean
ֱֱֱִִִִִִִִִִִִִִִִִִִִִִִִִִִִִִִִִִִִִִִִִִִִִִִִִִִִִִִִִִִִִִִִִִִִִִִִִִִִ

 2 1991  11.4 11.4 11.4  0.0   0   4.1    4.1 310  310    0    0  257  468  211
 3 1992  27.0 15.6 15.6  0.0   0  18.8   22.9 307  307    0    0  246  467  221
 4 1993  42.6 15.6 15.6  0.0   0  34.1   57.0 319  319    0    0  274  433  159
 5 1994  62.4 19.8 19.5  0.3   1  65.3  122.3 344  341  512  171  271  512  241
 6 1995  76.5 14.1 13.2  0.9   6  61.5  183.9 358  348  511  163  279  515  236
 7 1996  91.8 15.3 15.3  0.0   0  80.9  264.7 327  327    0    0  271  465  194
 8 1997 102.6 10.8 10.8  0.0   0  66.0  330.7 328  328    0    0  274  483  209
 9 1998 111.3  8.7  8.7  0.0   0  58.5  389.2 336  336    0    0  278  497  219
10 1999 119.4  8.1  7.8  0.3   3  58.7  447.9 388  383  511  128  271  511  240
11 2000 129.3  9.9  9.6  0.3   3  77.4  525.2 342  336  543  207  275  543  268
12 2001 136.8  7.5  6.9  0.6   8  62.7  587.9 361  345  539  194  289  576  287
13 2002 145.2  8.4  8.4  0.0   0  74.4  662.3 363  363    0    0  313  496  183
14 2003 151.2  6.0  5.4  0.6  10  55.9  718.2 367  349  531  182  304  553  249
15 2004 155.7  4.5  4.5  0.0   0  43.4  761.6 408  408    0    0  290  494  204
16 2005 163.2  7.5  6.9  0.6   8  75.1  836.7 370  355  535  180  303  556  253
17 2006 168.3  5.1  3.6  1.5  29  53.1  889.9 425  385  523  138  334  542  208
18 2007 173.1  4.8  4.2  0.6  12  51.5  941.3 401  378  565  187  318  584  266
19 2008 177.9  4.8  3.3  1.5  31  52.9  994.3 431  381  540  159  310  587  277
20 2009 182.7  4.8  3.6  1.2  24  54.4 1048.6 409  375  512  137  333  530  197
21 2010 186.9  4.2  3.3  0.9  21  48.8 1097.4 443  412  558  146  321  606  285
22 2011 192.3  5.4  4.8  0.6  11  64.3 1161.7 386  364  569  205  309  592  283
23 2012 197.4  5.1  3.0  2.1  41  62.4 1224.2 453  400  528  128  331  561  230
24 2013 201.6  4.2  3.3  0.9  21  52.6 1276.8 428  380  603  223  322  626  304
25 2014 205.8  4.2  3.9  0.3   7  53.8 1330.6 396  386  525  139  308  525  217
26 2015 207.9  2.1  1.2  0.9  42  27.3 1357.9 458  373  571  198  328  608  280
27 2016 210.6  2.7  2.1  0.6  22  35.5 1393.4 436  405  546  141  327  580  253

Core Length:  210.6 mm
Core Density: 380 kg/m3
Cross-sectional Density:  380 kg/m3
Early/Latewood Threshold: 500 kg/m3
Attenuation Constant: 3.16

ִִִִִִִִִִִִִִִִִִִִִִִִִִִִִִִִִִִִִִִִִִִִִִִִִִִִִִִִִִִִִִִִִִִִִִִִִִִִִִִ
Core : 35
ֲֲֲִִִִִִִִִִִִִִִִִִִִִִִִִִִִִִִִִִִִִִִִִִִִִִִִִִִִִִִִִִִִִִִִִִִִִִִִִִִִ
       ³Widths (mm)              ³ Areas    ³ Densities (kg/m3)
       ³                         ³ (cm‎)    ³
Ring   ³Outer Ring Erly Late   % ³Incr Total³Ring E/Wd L/Wd Unif  Min  Max  Rng
 # Year³ Rad.      Wood Wood  LW ³          ³mean mean mean
ֱֱֱִִִִִִִִִִִִִִִִִִִִִִִִִִִִִִִִִִִִִִִִִִִִִִִִִִִִִִִִִִִִִִִִִִִִִִִִִִִִ

 2 1991  16.2 16.2 13.2  0.0   0   8.2    8.2 298  298    0    0  240  397  157
 3 1992  34.8 18.6 18.6  0.0   0  29.8   38.0 299  299    0    0  253  423  170
 4 1993  59.1 24.3 24.3  0.0   0  71.7  109.7 319  319    0    0  252  422  170
 5 1994  84.9 25.8 25.8  0.0   0 116.7  226.4 341  341    0    0  285  478  193
 6 1995 103.2 18.3 17.7  0.6   3 108.1  334.6 379  375  501  126  314  503  189
 7 1996 120.6 17.4 17.1  0.3   1 122.3  456.9 349  347  503  156  264  503  239
 8 1997 135.6 15.0 15.0  0.0   0 120.7  577.7 324  324    0    0  277  484  207
 9 1998 146.7 11.1 10.2  0.9   8  98.4  676.1 380  368  519  151  322  531  209
10 1999 155.4  8.7  8.7  0.0   0  82.6  758.7 374  374    0    0  285  466  181
11 2000 164.1  8.7  8.7  0.0   0  87.3  846.0 316  316    0    0  269  460  191
12 2001 168.6  4.5  4.2  0.3   6  47.0  893.0 332  320  505  185  266  505  239
13 2002 174.3  5.7  5.4  0.3   5  61.4  954.4 336  327  502  175  269  502  233
14 2003 179.1  4.8  4.2  0.6  12  53.3 1007.7 365  337  560  223  291  587  296
15 2004 183.0  3.9  3.3  0.6  15  44.4 1052.1 425  407  526  119  331  541  210
16 2005 190.8  7.8  7.5  0.3   3  91.6 1143.7 350  342  544  202  285  544  259
17 2006 194.4  3.6  3.0  0.6  16  43.6 1187.3 402  373  547  174  331  579  248
18 2007 198.9  4.5  4.2  0.3   6  55.6 1242.9 371  360  534  174  311  534  223
19 2008 203.4  4.5  3.6  0.9  20  56.9 1299.7 396  365  518  153  287  542  255
20 2009 208.5  5.1  5.1  0.0   0  66.0 1365.7 351  351    0    0  280  488  208
21 2010 213.3  4.8  4.2  0.6  12  63.6 1429.3 382  363  519  156  287  525  238
22 2011 220.5  7.2  7.2  0.0   0  98.1 1527.5 342  342    0    0  265  498  233
23 2012 226.8  6.3  6.0  0.3   4  88.5 1616.0 405  398  544  146  326  544  218
24 2013 230.4  3.6  3.6  0.0   0  51.7 1667.7 373  373    0    0  283  466  183
25 2014 233.7  3.3  3.0  0.3   9  48.1 1715.8 378  363  522  159  310  522  212
26 2015 236.4  2.7  1.8  0.9  33  39.9 1755.7 450  402  548  146  337  571  234
27 2016 238.8  2.4  2.1  0.3  12  35.8 1791.5 396  381  506  125  313  506  193

Core Length:  235.8 mm
Core Density: 362 kg/m3
Cross-sectional Density:  360 kg/m3
Early/Latewood Threshold: 500 kg/m3
Attenuation Constant: 3.16

ִִִִִִִִִִִִִִִִִִִִִִִִִִִִִִִִִִִִִִִִִִִִִִִִִִִִִִִִִִִִִִִִִִִִִִִִִִִִִִִ
Core : 44
ֲֲֲִִִִִִִִִִִִִִִִִִִִִִִִִִִִִִִִִִִִִִִִִִִִִִִִִִִִִִִִִִִִִִִִִִִִִִִִִִִִ
       ³Widths (mm)              ³ Areas    ³ Densities (kg/m3)
       ³                         ³ (cm‎)    ³
Ring   ³Outer Ring Erly Late   % ³Incr Total³Ring E/Wd L/Wd Unif  Min  Max  Rng
 # Year³ Rad.      Wood Wood  LW ³          ³mean mean mean
ֱֱֱִִִִִִִִִִִִִִִִִִִִִִִִִִִִִִִִִִִִִִִִִִִִִִִִִִִִִִִִִִִִִִִִִִִִִִִִִִִִ

 4 1993  21.8 21.8 12.6  1.2   5  14.9   14.9 382  370  513  143  302  526  224
 5 1994  46.4 24.6 23.7  0.9   3  52.7   67.6 376  369  558  189  298  582  284
 6 1995  62.9 16.5 15.3  1.2   7  56.7  124.3 395  383  543  160  337  562  225
 7 1996  81.5 18.6 16.5  2.1  11  84.4  208.7 395  378  527  149  325  583  258
 8 1997 100.4 18.9 18.3  0.6   3 108.0  316.7 368  362  526  164  301  531  230
 9 1998 120.5 20.1 17.1  3.0  14 139.5  456.2 413  391  542  151  341  582  241
10 1999 137.3 16.8 15.6  1.2   7 136.1  592.2 403  394  514  120  324  528  204
11 2000 151.1 13.8 12.3  1.5  10 125.0  717.3 372  354  521  167  294  556  262
12 2001 165.8 14.7 12.3  2.4  16 146.3  863.6 410  377  576  199  332  589  257
13 2002 181.7 15.9 14.1  1.8  11 173.6 1037.2 394  377  524  147  312  563  251
14 2003 192.2 10.5  9.0  1.5  14 123.3 1160.5 407  383  556  173  351  614  263
15 2004 197.6  5.4  4.2  1.2  22  66.1 1226.7 434  407  527  120  375  559  184
16 2005 207.8 10.2  9.3  0.9   8 129.9 1356.6 383  366  562  196  314  604  290
17 2006 215.9  8.1  5.4  2.7  33 107.8 1464.4 452  407  541  134  358  577  219
18 2007 222.5  6.6  6.0  0.6   9  90.9 1555.3 409  395  549  154  345  580  235
19 2008 228.8  6.3  5.4  0.9  14  89.3 1644.6 417  398  531  133  335  577  242
20 2009 234.8  6.0  5.7  0.3   5  87.4 1732.0 399  392  521  129  329  521  192
21 2010 239.3  4.5  3.6  0.9  20  67.0 1799.0 426  396  549  153  337  574  237
22 2011 246.8  7.5  6.6  0.9  12 114.5 1913.6 387  368  533  165  312  547  235
23 2012 253.7  6.9  5.4  1.5  21 108.5 2022.0 435  411  523  112  351  541  190
24 2013 258.2  4.5  3.9  0.6  13  72.4 2094.4 404  382  550  168  343  577  234
25 2014 265.1  6.9  5.7  1.2  17 113.4 2207.8 404  378  531  153  322  560  238
26 2015 271.1  6.0  3.9  2.1  35 101.1 2308.9 463  411  558  147  344  628  284
27 2016 277.1  6.0  5.4  0.6  10 103.3 2412.3 413  399  536  137  340  550  210

Core Length:  269.4 mm
Core Density: 405 kg/m3
Cross-sectional Density:  406 kg/m3
Early/Latewood Threshold: 500 kg/m3
Attenuation Constant: 3.16

