File : C:\DENSITOM\WORKING\OCST363.DAT
Cores :
21
31

ִִִִִִִִִִִִִִִִִִִִִִִִִִִִִִִִִִִִִִִִִִִִִִִִִִִִִִִִִִִִִִִִִִִִִִִִִִִִִִִ
Core : 21
ֲֲֲִִִִִִִִִִִִִִִִִִִִִִִִִִִִִִִִִִִִִִִִִִִִִִִִִִִִִִִִִִִִִִִִִִִִִִִִִִִִ
       ³Widths (mm)              ³ Areas    ³ Densities (kg/m3)
       ³                         ³ (cm‎)    ³
Ring   ³Outer Ring Erly Late   % ³Incr Total³Ring E/Wd L/Wd Unif  Min  Max  Rng
 # Year³ Rad.      Wood Wood  LW ³          ³mean mean mean
ֱֱֱִִִִִִִִִִִִִִִִִִִִִִִִִִִִִִִִִִִִִִִִִִִִִִִִִִִִִִִִִִִִִִִִִִִִִִִִִִִִ

 3 1991  14.7 14.7  8.7  0.0   0   6.8    6.8 315  315    0    0  252  450  198
 4 1992  34.8 20.1 20.1  0.0   0  31.3   38.0 326  326    0    0  254  480  226
 5 1993  57.3 22.5 22.5  0.0   0  65.1  103.1 322  322    0    0  256  414  158
 6 1994  81.6 24.3 24.3  0.0   0 106.0  209.2 309  309    0    0  264  447  183
 7 1995 103.8 22.2 22.2  0.0   0 129.3  338.5 331  331    0    0  274  462  188
 8 1996 112.2  8.4  8.4  0.0   0  57.0  395.5 312  312    0    0  251  430  179
 9 1997 121.5  9.3  9.3  0.0   0  68.3  463.8 302  302    0    0  264  456  192
10 1998 136.5 15.0 14.7  0.3   2 121.6  585.3 333  329  520  191  285  520  235
11 1999 152.4 15.9 15.0  0.9   5 144.3  729.7 356  347  507  160  281  519  238
12 2000 164.4 12.0 11.4  0.6   5 119.4  849.1 317  306  532  226  247  548  301
13 2001 175.2 10.8 10.2  0.6   5 115.2  964.3 339  327  546  219  275  559  284
14 2002 189.0 13.8 13.8  0.0   0 157.9 1122.2 327  327    0    0  279  489  210
15 2003 201.0 12.0 11.7  0.3   2 147.0 1269.2 355  349  565  216  294  565  271
16 2004 209.4  8.4  7.5  0.9  10 108.3 1377.5 420  408  519  111  344  533  189
17 2005 221.7 12.3 11.7  0.6   4 166.6 1544.1 347  339  509  170  281  518  237
18 2006 231.0  9.3  9.3  0.0   0 132.3 1676.4 378  378    0    0  309  495  186
19 2007 239.4  8.4  8.1  0.3   3 124.1 1800.5 355  349  510  161  290  510  220
20 2008 246.9  7.5  7.2  0.3   4 114.6 1915.1 343  337  508  171  278  508  230
21 2009 254.1  7.2  6.9  0.3   4 113.3 2028.4 337  329  521  192  277  521  244
22 2010 261.6  7.5  6.9  0.6   8 121.5 2149.9 373  360  527  167  286  551  265
23 2011 273.0 11.4 11.1  0.3   2 191.5 2341.4 331  327  500  173  276  500  224
24 2012 285.0 12.0 11.4  0.6   5 210.4 2551.8 372  363  534  171  303  538  235
25 2013 293.7  8.7  8.1  0.6   6 158.2 2709.9 372  362  516  154  285  516  231
26 2014 306.3 12.6 12.6  0.0   0 237.5 2947.4 321  321    0    0  281  459  178
27 2015 313.8  7.5  6.9  0.6   8 146.1 3093.5 392  379  545  166  297  559  262
28 2016 321.3  7.5  7.5  0.0   0 149.6 3243.2 349  349    0    0  268  488  220

Core Length:  315.3 mm
Core Density: 343 kg/m3
Cross-sectional Density:  347 kg/m3
Early/Latewood Threshold: 500 kg/m3
Attenuation Constant: 3.16

ִִִִִִִִִִִִִִִִִִִִִִִִִִִִִִִִִִִִִִִִִִִִִִִִִִִִִִִִִִִִִִִִִִִִִִִִִִִִִִִ
Core : 31
ֲֲֲִִִִִִִִִִִִִִִִִִִִִִִִִִִִִִִִִִִִִִִִִִִִִִִִִִִִִִִִִִִִִִִִִִִִִִִִִִִִ
       ³Widths (mm)              ³ Areas    ³ Densities (kg/m3)
       ³                         ³ (cm‎)    ³
Ring   ³Outer Ring Erly Late   % ³Incr Total³Ring E/Wd L/Wd Unif  Min  Max  Rng
 # Year³ Rad.      Wood Wood  LW ³          ³mean mean mean
ֱֱֱִִִִִִִִִִִִִִִִִִִִִִִִִִִִִִִִִִִִִִִִִִִִִִִִִִִִִִִִִִִִִִִִִִִִִִִִִִִִ

 4 1993  32.5 32.5 22.5  0.0   0  33.2   33.2 375  375    0    0  332  482  150
 5 1994  53.8 21.3 21.3  0.0   0  57.7   90.9 351  351    0    0  276  477  201
 6 1995  72.4 18.6 17.7  0.9   4  73.7  164.7 385  378  524  146  326  559  233
 7 1996  94.9 22.5 21.3  1.2   5 118.3  282.9 378  368  541  173  304  579  275
 8 1997 120.4 25.5 24.3  1.2   4 172.5  455.4 379  372  534  162  311  575  264
 9 1998 145.0 24.6 22.8  1.8   7 205.1  660.5 377  366  516  150  303  528  225
10 1999 162.1 17.1 15.0  2.1  12 165.0  825.5 417  398  559  161  321  574  253
11 2000 183.1 21.0 20.1  0.9   4 227.7 1053.2 354  347  524  177  306  543  237
12 2001 196.9 13.8 12.0  1.8  13 164.7 1218.0 371  347  533  186  296  555  259
13 2002 210.4 13.5 13.2  0.3   2 172.7 1390.7 349  345  535  190  297  535  238
14 2003 220.9 10.5  9.6  0.9   8 142.3 1533.0 362  343  557  214  286  576  290
15 2004 232.6 11.7 10.5  1.2  10 166.7 1699.7 414  402  513  111  351  530  179
16 2005 248.2 15.6 14.1  1.5   9 235.6 1935.3 370  351  547  196  292  582  290
17 2006 256.3  8.1  6.3  1.8  22 128.4 2063.7 439  407  551  144  355  572  217
18 2007 266.8 10.5  9.6  0.9   8 172.6 2236.3 393  376  570  194  318  584  266
19 2008 274.3  7.5  6.6  0.9  12 127.5 2363.7 414  395  555  160  345  619  274
20 2009 281.8  7.5  6.6  0.9  12 131.0 2494.8 394  374  542  168  335  585  250
21 2010 288.4  6.6  5.7  0.9  13 118.2 2613.0 417  393  572  179  357  631  274
22 2011 299.2 10.8  9.6  1.2  11 199.4 2812.4 382  361  555  194  305  606  301
23 2012 307.9  8.7  7.5  1.2  13 165.9 2978.3 430  407  573  166  345  637  292
24 2013 314.2  6.3  5.1  1.2  19 123.1 3101.4 437  398  604  206  364  648  284
25 2014 323.5  9.3  8.7  0.6   6 186.3 3287.7 405  394  573  179  355  601  246
26 2015 328.6  5.1  3.6  1.5  29 104.5 3392.2 465  423  564  141  381  660  279
27 2016 333.7  5.1  4.5  0.6  11 106.1 3498.3 409  388  564  176  339  598  259

Core Length:  323.7 mm
Core Density: 394 kg/m3
Cross-sectional Density:  392 kg/m3
Early/Latewood Threshold: 500 kg/m3
Attenuation Constant: 3.16

