File : C:\DENSITOM\OTAGOC~1\OCST7.DAT
Cores :
2
21
25
39
40
43
47
53
61
63
65
71

ִִִִִִִִִִִִִִִִִִִִִִִִִִִִִִִִִִִִִִִִִִִִִִִִִִִִִִִִִִִִִִִִִִִִִִִִִִִִִִִ
Core : 2
ֲֲֲִִִִִִִִִִִִִִִִִִִִִִִִִִִִִִִִִִִִִִִִִִִִִִִִִִִִִִִִִִִִִִִִִִִִִִִִִִִִ
       ³Widths (mm)              ³ Areas    ³ Densities (kg/m3)
       ³                         ³ (cm‎)    ³
Ring   ³Outer Ring Erly Late   % ³Incr Total³Ring E/Wd L/Wd Unif  Min  Max  Rng
 # Year³ Rad.      Wood Wood  LW ³          ³mean mean mean
ֱֱֱִִִִִִִִִִִִִִִִִִִִִִִִִִִִִִִִִִִִִִִִִִִִִִִִִִִִִִִִִִִִִִִִִִִִִִִִִִִִ

 2 1991  17.1 17.1 14.1  0.0   0   9.2    9.2 330  330    0    0  277  423  146
 3 1992  34.8 17.7 17.7  0.0   0  28.9   38.0 346  346    0    0  284  496  212
 4 1993  56.7 21.9 21.9  0.0   0  63.0  101.0 374  374    0    0  289  485  196
 5 1994  68.1 11.4 11.4  0.0   0  44.7  145.7 334  334    0    0  280  418  138
 6 1995  77.1  9.0  8.7  0.3   3  41.1  186.7 354  348  543  195  269  543  274
 7 1996  87.0  9.9  8.4  1.5  15  51.0  237.8 374  342  552  210  296  598  302
 8 1997  96.9  9.9  9.3  0.6   6  57.2  295.0 342  330  538  208  292  563  271
 9 1998 102.6  5.7  5.1  0.6  10  35.7  330.7 390  370  555  185  336  579  243
10 1999 106.2  3.6  3.6  0.0   0  23.6  354.3 406  406    0    0  351  496  145
11 2000 111.6  5.4  4.8  0.6  11  36.9  391.3 358  338  524  186  288  535  247
12 2001 116.1  4.5  4.2  0.3   6  32.2  423.5 365  352  538  186  289  538  249
13 2002 120.3  4.2  3.9  0.3   7  31.2  454.7 364  353  506  153  297  506  209
14 2003 123.0  2.7  2.1  0.6  22  20.6  475.3 406  363  557  194  322  564  242
15 2004 124.5  1.5  1.5  0.0   0  11.7  487.0 407  407    0    0  332  473  141
16 2005 127.5  3.0  2.4  0.6  20  23.8  510.7 377  341  520  179  307  526  219
17 2006 128.7  1.2  0.9  0.3  24   9.7  520.4 430  394  540  146  372  540  168
18 2007 131.1  2.4  2.1  0.3  12  19.6  540.0 414  401  506  105  314  506  192
19 2008 132.9  1.8  1.2  0.6  33  14.9  554.9 448  395  556  161  317  556  239
20 2009 134.7  1.8  1.2  0.6  33  15.1  570.0 425  377  521  144  333  534  201
21 2010 135.9  1.2  0.9  0.3  25  10.2  580.2 449  431  502   71  333  502  169
22 2011 137.7  1.8  1.5  0.3  16  15.5  595.7 424  404  522  118  323  522  199
23 2012 138.9  1.2  0.6  0.6  50  10.4  606.1 490  422  559  137  386  572  186
24 2013 140.1  1.2  0.6  0.6  50  10.5  616.6 505  431  580  149  401  620  219
25 2014 141.3  1.2  0.3  0.9  75  10.6  627.2 511  497  516   19  497  518   21
26 2015 141.9  0.6  0.3  0.3  49   5.3  632.6 461  402  520  118  402  520  118
27 2016 142.5  0.6  0.6  0.0   0   5.4  637.9 468  468    0    0  443  493   50

Core Length:  139.5 mm
Core Density: 405 kg/m3
Cross-sectional Density:  382 kg/m3
Early/Latewood Threshold: 500 kg/m3
Attenuation Constant: 3.16

ִִִִִִִִִִִִִִִִִִִִִִִִִִִִִִִִִִִִִִִִִִִִִִִִִִִִִִִִִִִִִִִִִִִִִִִִִִִִִִִ
Core : 21
ֲֲֲִִִִִִִִִִִִִִִִִִִִִִִִִִִִִִִִִִִִִִִִִִִִִִִִִִִִִִִִִִִִִִִִִִִִִִִִִִִִ
       ³Widths (mm)              ³ Areas    ³ Densities (kg/m3)
       ³                         ³ (cm‎)    ³
Ring   ³Outer Ring Erly Late   % ³Incr Total³Ring E/Wd L/Wd Unif  Min  Max  Rng
 # Year³ Rad.      Wood Wood  LW ³          ³mean mean mean
ֱֱֱִִִִִִִִִִִִִִִִִִִִִִִִִִִִִִִִִִִִִִִִִִִִִִִִִִִִִִִִִִִִִִִִִִִִִִִִִִִִ

 3 1991  16.8 16.8 13.8  0.0   0   8.9    8.9 302  302    0    0  253  439  186
 4 1992  36.3 19.5 19.5  0.0   0  32.5   41.4 307  307    0    0  238  484  246
 5 1993  57.9 21.6 21.6  0.0   0  63.9  105.3 326  326    0    0  240  440  200
 6 1994  69.3 11.4 11.1  0.3   2  45.6  150.9 332  326  542  216  251  542  291
 7 1995  84.3 15.0 13.8  1.2   8  72.4  223.3 365  347  570  223  263  579  316
 8 1996  99.3 15.0 12.3  2.7  18  86.5  309.8 381  348  530  182  261  551  290
 9 1997 117.0 17.7 16.2  1.5   8 120.3  430.1 346  329  534  205  280  574  294
10 1998 128.1 11.1  9.9  1.2  10  85.5  515.5 412  391  580  189  327  625  298
11 1999 137.1  9.0  7.5  1.5  16  75.0  590.5 429  409  530  121  331  556  225
12 2000 147.6 10.5  9.9  0.6   5  93.9  684.4 352  339  567  228  282  578  296
13 2001 154.8  7.2  6.9  0.3   4  68.4  752.8 377  367  612  245  297  612  315
14 2002 162.0  7.2  6.9  0.3   4  71.7  824.5 355  348  512  164  290  512  222
15 2003 169.5  7.5  5.4  2.1  28  78.1  902.6 414  368  531  163  327  572  245
16 2004 172.8  3.3  3.3  0.0   0  35.5  938.1 397  397    0    0  348  480  132
17 2005 178.8  6.0  5.4  0.6  10  66.3 1004.3 377  357  556  199  309  573  264
18 2006 182.4  3.6  2.7  0.9  24  40.9 1045.2 448  418  539  121  344  575  231
19 2007 188.4  6.0  5.4  0.6  10  69.9 1115.1 389  375  518  143  325  522  197
20 2008 194.1  5.7  5.4  0.3   5  68.5 1183.6 402  397  503  106  292  503  211
21 2009 199.2  5.1  4.8  0.3   5  63.0 1246.6 398  391  520  129  306  520  214
22 2010 203.7  4.5  4.2  0.3   6  57.0 1303.6 400  388  570  182  343  570  227
23 2011 210.6  6.9  6.9  0.0   0  89.8 1393.4 348  348    0    0  285  468  183
24 2012 215.4  4.8  4.5  0.3   6  64.2 1457.6 390  381  528  147  324  528  204
25 2013 219.6  4.2  3.6  0.6  14  57.4 1515.0 396  373  533  160  299  536  237
26 2014 224.4  4.8  4.2  0.6  12  67.0 1582.0 399  381  525  144  325  530  205
27 2015 229.2  4.8  3.6  1.2  24  68.4 1650.4 455  424  549  125  347  572  225
28 2016 233.1  3.9  3.6  0.3   7  56.6 1707.0 407  398  513  115  322  513  191

Core Length:  230.1 mm
Core Density: 380 kg/m3
Cross-sectional Density:  382 kg/m3
Early/Latewood Threshold: 500 kg/m3
Attenuation Constant: 3.16

ִִִִִִִִִִִִִִִִִִִִִִִִִִִִִִִִִִִִִִִִִִִִִִִִִִִִִִִִִִִִִִִִִִִִִִִִִִִִִִִ
Core : 25
ֲֲֲִִִִִִִִִִִִִִִִִִִִִִִִִִִִִִִִִִִִִִִִִִִִִִִִִִִִִִִִִִִִִִִִִִִִִִִִִִִִ
       ³Widths (mm)              ³ Areas    ³ Densities (kg/m3)
       ³                         ³ (cm‎)    ³
Ring   ³Outer Ring Erly Late   % ³Incr Total³Ring E/Wd L/Wd Unif  Min  Max  Rng
 # Year³ Rad.      Wood Wood  LW ³          ³mean mean mean
ֱֱֱִִִִִִִִִִִִִִִִִִִִִִִִִִִִִִִִִִִִִִִִִִִִִִִִִִִִִִִִִִִִִִִִִִִִִִִִִִִִ

 3 1991  21.0 21.0 15.0  0.0   0  13.9   13.9 306  306    0    0  265  422  157
 4 1992  36.9 15.9 15.9  0.0   0  28.9   42.8 330  330    0    0  260  489  229
 5 1993  54.3 17.4 17.1  0.3   1  49.9   92.6 351  349  500  151  288  500  212
 6 1994  72.9 18.6 18.6  0.0   0  74.3  167.0 353  353    0    0  285  452  167
 7 1995  89.1 16.2 15.0  1.2   7  82.4  249.4 374  361  529  168  295  543  248
 8 1996 105.9 16.8 14.4  2.4  14 102.9  352.3 380  356  525  169  279  561  282
 9 1997 126.9 21.0 20.1  0.9   4 153.6  505.9 342  333  529  196  279  552  273
10 1998 138.3 11.4 10.8  0.6   5  95.0  600.9 399  390  576  186  336  614  278
11 1999 144.3  6.0  4.5  1.5  25  53.3  654.2 457  432  530   98  310  575  265
12 2000 152.4  8.1  7.8  0.3   3  75.5  729.7 374  367  557  190  298  557  259
13 2001 159.0  6.6  5.4  1.2  18  64.6  794.2 415  384  553  169  312  605  293
14 2002 165.6  6.6  6.0  0.6   9  67.3  861.5 378  363  531  168  330  547  217
15 2003 170.7  5.1  3.3  1.8  35  53.9  915.4 462  388  599  211  322  653  331
16 2004 174.6  3.9  2.1  1.8  46  42.3  957.7 487  444  537   93  339  587  248
17 2005 182.7  8.1  6.9  1.2  14  90.9 1048.6 413  389  548  159  316  603  287
18 2006 185.4  2.7  1.2  1.5  55  31.2 1079.9 490  409  555  146  390  638  248
19 2007 189.6  4.2  3.0  1.2  28  49.5 1129.3 454  416  550  134  342  598  256
20 2008 194.1  4.5  3.0  1.5  33  54.2 1183.6 449  393  561  168  316  578  262
21 2009 197.1  3.0  2.1  0.9  30  36.9 1220.5 455  410  560  150  353  625  272
22 2010 203.4  6.3  3.9  2.4  38  79.3 1299.7 473  425  551  126  308  629  321
23 2011 210.0  6.6  6.0  0.6   9  85.7 1385.4 396  378  572  194  301  594  293
24 2012 213.3  3.3  2.7  0.6  18  43.9 1429.3 469  451  547   96  404  592  188
25 2013 215.7  2.4  1.8  0.6  24  32.3 1461.7 463  429  564  135  361  597  236
26 2014 219.6  3.9  3.0  0.9  23  53.3 1515.0 441  402  571  169  351  640  289
27 2015 224.4  4.8  1.8  3.0  62  67.0 1582.0 511  431  558  127  365  627  262
28 2016 225.9  1.5  0.9  0.6  40  21.2 1603.2 481  409  589  180  359  608  249

Core Length:  219.9 mm
Core Density: 419 kg/m3
Cross-sectional Density:  411 kg/m3
Early/Latewood Threshold: 500 kg/m3
Attenuation Constant: 3.16

ִִִִִִִִִִִִִִִִִִִִִִִִִִִִִִִִִִִִִִִִִִִִִִִִִִִִִִִִִִִִִִִִִִִִִִִִִִִִִִִ
Core : 39
ֲֲֲִִִִִִִִִִִִִִִִִִִִִִִִִִִִִִִִִִִִִִִִִִִִִִִִִִִִִִִִִִִִִִִִִִִִִִִִִִִִ
       ³Widths (mm)              ³ Areas    ³ Densities (kg/m3)
       ³                         ³ (cm‎)    ³
Ring   ³Outer Ring Erly Late   % ³Incr Total³Ring E/Wd L/Wd Unif  Min  Max  Rng
 # Year³ Rad.      Wood Wood  LW ³          ³mean mean mean
ֱֱֱִִִִִִִִִִִִִִִִִִִִִִִִִִִִִִִִִִִִִִִִִִִִִִִִִִִִִִִִִִִִִִִִִִִִִִִִִִִִ

 4 1993  13.9 13.9 12.9  0.0   0   6.1    6.1 319  319    0    0  261  477  216
 5 1994  24.7 10.8 10.8  0.0   0  13.1   19.2 324  324    0    0  266  453  187
 6 1995  35.8 11.1 10.8  0.3   2  21.1   40.3 328  323  527  204  277  527  250
 7 1996  45.4  9.6  9.0  0.6   6  24.5   64.8 352  342  505  163  276  509  233
 8 1997  56.8 11.4 11.1  0.3   2  36.6  101.4 340  335  525  190  293  525  232
 9 1998  64.3  7.5  6.9  0.6   8  28.5  129.9 391  380  517  137  339  533  194
10 1999  67.3  3.0  3.0  0.0   0  12.4  142.3 402  402    0    0  337  475  138
11 2000  70.6  3.3  3.0  0.3   9  14.3  156.6 367  350  532  182  313  532  219
12 2001  75.4  4.8  4.2  0.6  12  22.0  178.6 384  362  538  176  293  562  269
13 2002  80.5  5.1  4.8  0.3   5  25.0  203.6 373  363  539  176  327  539  212
14 2003  83.8  3.3  3.0  0.3   9  17.0  220.6 398  383  550  167  333  550  217
15 2004  84.7  0.9  0.6  0.3  33   4.8  225.4 420  378  504  126  355  504  149
16 2005  87.4  2.7  2.7  0.0   0  14.6  240.0 399  399    0    0  304  480  176
17 2006  88.6  1.2  0.9  0.3  24   6.6  246.6 441  421  501   80  376  501  125
18 2007  89.8  1.2  0.9  0.3  25   6.7  253.3 453  407  591  184  360  591  231
19 2008  92.5  2.7  2.4  0.3  11  15.5  268.8 408  384  606  222  324  606  282
20 2009  94.6  2.1  1.8  0.3  14  12.3  281.1 398  374  542  168  308  542  234
21 2010  96.7  2.1  1.5  0.6  28  12.6  293.8 440  402  535  133  335  547  212
22 2011 101.5  4.8  4.2  0.6  12  29.9  323.7 382  360  531  171  290  546  256
23 2012 105.1  3.6  3.3  0.3   8  23.4  347.0 408  399  504  105  333  504  171
24 2013 108.7  3.6  3.0  0.6  16  24.2  371.2 417  384  578  194  313  594  281
25 2014 112.9  4.2  3.6  0.6  14  29.2  400.4 418  399  531  132  326  562  236
26 2015 115.9  3.0  2.4  0.6  20  21.6  422.0 450  427  542  115  322  558  236
27 2016 118.3  2.4  1.8  0.6  24  17.7  439.7 414  375  529  154  324  553  229

Core Length:  117.3 mm
Core Density: 392 kg/m3
Cross-sectional Density:  388 kg/m3
Early/Latewood Threshold: 500 kg/m3
Attenuation Constant: 3.16

ִִִִִִִִִִִִִִִִִִִִִִִִִִִִִִִִִִִִִִִִִִִִִִִִִִִִִִִִִִִִִִִִִִִִִִִִִִִִִִִ
Core : 40
ֲֲֲִִִִִִִִִִִִִִִִִִִִִִִִִִִִִִִִִִִִִִִִִִִִִִִִִִִִִִִִִִִִִִִִִִִִִִִִִִִִ
       ³Widths (mm)              ³ Areas    ³ Densities (kg/m3)
       ³                         ³ (cm‎)    ³
Ring   ³Outer Ring Erly Late   % ³Incr Total³Ring E/Wd L/Wd Unif  Min  Max  Rng
 # Year³ Rad.      Wood Wood  LW ³          ³mean mean mean
ֱֱֱִִִִִִִִִִִִִִִִִִִִִִִִִִִִִִִִִִִִִִִִִִִִִִִִִִִִִִִִִִִִִִִִִִִִִִִִִִִִ

 1 1990  10.2 10.2 10.2  0.0   0   3.3    3.3 305  305    0    0  257  363  106
 2 1991  26.7 16.5 16.5  0.0   0  19.1   22.4 284  284    0    0  211  447  236
 3 1992  42.9 16.2 16.2  0.0   0  35.4   57.8 319  319    0    0  254  471  217
 4 1993  56.4 13.5 12.9  0.6   4  42.1   99.9 373  366  515  149  314  518  204
 5 1994  69.9 13.5 13.5  0.0   0  53.6  153.5 343  343    0    0  272  478  206
 6 1995  84.3 14.4 14.1  0.3   2  69.8  223.3 304  299  533  234  231  533  302
 7 1996  95.1 10.8 10.5  0.3   2  60.9  284.1 320  314  527  213  235  527  292
 8 1997 105.0  9.9  9.9  0.0   0  62.2  346.4 289  289    0    0  254  389  135
 9 1998 110.1  5.1  4.8  0.3   5  34.5  380.8 353  342  528  186  293  528  235
10 1999 113.7  3.6  3.0  0.6  16  25.3  406.1 403  377  531  154  307  551  244
11 2000 119.1  5.4  5.1  0.3   5  39.5  445.6 321  310  520  210  261  520  259
12 2001 124.5  5.4  5.1  0.3   5  41.3  487.0 356  345  532  187  281  532  251
13 2002 130.2  5.7  5.4  0.3   5  45.6  532.6 329  319  512  193  277  512  235
14 2003 134.7  4.5  3.6  0.9  20  37.4  570.0 376  332  553  221  295  588  293
15 2004 137.4  2.7  2.4  0.3  11  23.1  593.1 424  413  513  100  361  513  152
16 2005 143.1  5.7  5.7  0.0   0  50.2  643.3 344  344    0    0  271  491  220
17 2006 144.9  1.8  1.2  0.6  33  16.3  659.6 432  373  552  179  344  568  224
18 2007 147.6  2.7  2.7  0.0   0  24.8  684.4 378  378    0    0  335  494  159
19 2008 150.0  2.4  2.1  0.3  12  22.4  706.9 377  354  542  188  310  542  232
20 2009 152.7  2.7  2.7  0.0   0  25.7  732.5 374  374    0    0  299  493  194
21 2010 155.7  3.0  3.0  0.0   0  29.1  761.6 404  404    0    0  297  490  193
22 2011 160.2  4.5  4.5  0.0   0  44.7  806.3 334  334    0    0  263  421  158
23 2012 163.8  3.6  3.6  0.0   0  36.6  842.9 364  364    0    0  292  462  170
24 2013 165.9  2.1  1.8  0.3  14  21.8  864.7 381  356  531  175  311  531  220
25 2014 168.6  2.7  2.4  0.3  11  28.4  893.0 388  372  520  148  327  520  193
26 2015 170.4  1.8  1.5  0.3  16  19.2  912.2 427  409  518  109  326  518  192
27 2016 172.2  1.8  1.8  0.0   0  19.4  931.6 404  404    0    0  309  493  184

Core Length:  172.2 mm
Core Density: 359 kg/m3
Cross-sectional Density:  350 kg/m3
Early/Latewood Threshold: 500 kg/m3
Attenuation Constant: 3.16

ִִִִִִִִִִִִִִִִִִִִִִִִִִִִִִִִִִִִִִִִִִִִִִִִִִִִִִִִִִִִִִִִִִִִִִִִִִִִִִִ
Core : 43
ֲֲֲִִִִִִִִִִִִִִִִִִִִִִִִִִִִִִִִִִִִִִִִִִִִִִִִִִִִִִִִִִִִִִִִִִִִִִִִִִִִ
       ³Widths (mm)              ³ Areas    ³ Densities (kg/m3)
       ³                         ³ (cm‎)    ³
Ring   ³Outer Ring Erly Late   % ³Incr Total³Ring E/Wd L/Wd Unif  Min  Max  Rng
 # Year³ Rad.      Wood Wood  LW ³          ³mean mean mean
ֱֱֱִִִִִִִִִִִִִִִִִִִִִִִִִִִִִִִִִִִִִִִִִִִִִִִִִִִִִִִִִִִִִִִִִִִִִִִִִִִִ

 2 1991  15.8 15.8 13.8  0.0   0   7.8    7.8 302  302    0    0  249  423  174
 3 1992  35.0 19.2 19.2  0.0   0  30.6   38.5 322  322    0    0  268  474  206
 4 1993  54.2 19.2 19.2  0.0   0  53.8   92.3 316  316    0    0  258  450  192
 5 1994  65.0 10.8 10.8  0.0   0  40.4  132.7 315  315    0    0  277  450  173
 6 1995  77.3 12.3 12.3  0.0   0  55.0  187.7 321  321    0    0  254  488  234
 7 1996  88.7 11.4 11.4  0.0   0  59.5  247.2 339  339    0    0  264  460  196
 8 1997 102.5 13.8 13.5  0.3   2  82.9  330.1 330  326  503  177  273  503  230
 9 1998 110.9  8.4  7.8  0.6   7  56.3  386.4 378  365  538  173  316  548  232
10 1999 116.0  5.1  5.1  0.0   0  36.4  422.7 397  397    0    0  317  483  166
11 2000 119.9  3.9  3.6  0.3   7  28.9  451.6 348  335  500  165  292  500  208
12 2001 124.7  4.8  4.2  0.6  12  36.9  488.5 379  357  535  178  309  542  233
13 2002 130.4  5.7  5.7  0.0   0  45.7  534.2 359  359    0    0  295  496  201
14 2003 133.7  3.3  2.7  0.6  18  27.4  561.6 416  386  549  163  340  555  215
15 2004 136.1  2.4  2.4  0.0   0  20.3  581.9 405  405    0    0  338  464  126
16 2005 139.1  3.0  2.7  0.3  10  25.9  607.9 371  355  513  158  313  513  200
17 2006 141.5  2.4  1.8  0.6  25  21.2  629.0 442  407  550  143  365  552  187
18 2007 144.2  2.7  2.7  0.0   0  24.2  653.3 413  413    0    0  379  493  114
19 2008 146.3  2.1  1.8  0.3  14  19.2  672.4 409  386  545  159  331  545  214
20 2009 148.4  2.1  1.8  0.3  14  19.4  691.9 399  382  505  123  315  505  190
21 2010 150.8  2.4  2.4  0.0   0  22.6  714.4 372  372    0    0  294  414  120
22 2011 153.2  2.4  2.4  0.0   0  22.9  737.3 341  341    0    0  302  448  146
23 2012 155.6  2.4  2.4  0.0   0  23.3  760.6 367  367    0    0  330  403   73
24 2013 158.3  2.7  2.7  0.0   0  26.6  787.2 368  368    0    0  296  469  173
25 2014 160.4  2.1  2.1  0.0   0  21.0  808.3 397  397    0    0  342  469  127
26 2015 162.2  1.8  1.8  0.0   0  18.2  826.5 416  416    0    0  364  463   99
27 2016 163.7  1.5  1.5  0.0   0  15.4  841.9 383  383    0    0  318  444  126

Core Length:  161.7 mm
Core Density: 369 kg/m3
Cross-sectional Density:  360 kg/m3
Early/Latewood Threshold: 500 kg/m3
Attenuation Constant: 3.16

ִִִִִִִִִִִִִִִִִִִִִִִִִִִִִִִִִִִִִִִִִִִִִִִִִִִִִִִִִִִִִִִִִִִִִִִִִִִִִִִ
Core : 47
ֲֲֲִִִִִִִִִִִִִִִִִִִִִִִִִִִִִִִִִִִִִִִִִִִִִִִִִִִִִִִִִִִִִִִִִִִִִִִִִִִִ
       ³Widths (mm)              ³ Areas    ³ Densities (kg/m3)
       ³                         ³ (cm‎)    ³
Ring   ³Outer Ring Erly Late   % ³Incr Total³Ring E/Wd L/Wd Unif  Min  Max  Rng
 # Year³ Rad.      Wood Wood  LW ³          ³mean mean mean
ֱֱֱִִִִִִִִִִִִִִִִִִִִִִִִִִִִִִִִִִִִִִִִִִִִִִִִִִִִִִִִִִִִִִִִִִִִִִִִִִִִ

 3 1992  11.7 11.7 11.4  0.3   2   4.3    4.3 373  370  511  141  324  511  187
 4 1993  32.1 20.4 20.4  0.0   0  28.1   32.4 368  368    0    0  308  486  178
 5 1994  42.3 10.2 10.2  0.0   0  23.8   56.2 355  355    0    0  294  472  178
 6 1995  59.7 17.4 16.5  0.9   5  55.8  112.0 358  348  538  190  285  554  269
 7 1996  78.3 18.6 16.5  2.1  11  80.6  192.6 381  364  515  151  295  538  243
 8 1997  95.1 16.8 16.2  0.6   3  91.5  284.1 357  351  512  161  312  516  204
 9 1998 106.5 11.4 10.8  0.6   5  72.2  356.3 388  379  556  177  335  572  237
10 1999 114.6  8.1  7.8  0.3   3  56.3  412.6 412  408  507   99  363  507  144
11 2000 122.7  8.1  7.8  0.3   3  60.4  473.0 353  348  501  153  294  501  207
12 2001 128.7  6.0  5.4  0.6   9  47.4  520.4 370  354  513  159  281  516  235
13 2002 134.1  5.4  5.4  0.0   0  44.6  564.9 370  370    0    0  300  466  166
14 2003 138.9  4.8  4.2  0.6  12  41.2  606.1 371  350  519  169  298  534  236
15 2004 141.9  3.0  2.4  0.6  20  26.5  632.6 431  414  502   88  362  503  141
16 2005 146.1  4.2  3.6  0.6  14  38.0  670.6 389  368  518  150  299  519  220
17 2006 147.9  1.8  1.5  0.3  16  16.6  687.2 443  425  530  105  383  530  147
18 2007 150.6  2.7  2.4  0.3  11  25.3  712.5 428  418  512   94  406  512  106
19 2008 153.3  2.7  2.1  0.6  22  25.8  738.3 415  385  523  138  339  537  198
20 2009 155.7  2.4  2.4  0.0   0  23.3  761.6 375  375    0    0  290  490  200
21 2010 157.5  1.8  1.8  0.0   0  17.7  779.3 413  413    0    0  294  468  174
22 2011 160.8  3.3  2.7  0.6  18  33.0  812.3 420  395  532  137  273  543  270
23 2012 163.5  2.7  2.1  0.6  22  27.5  839.8 440  422  504   82  354  507  153
24 2013 165.9  2.4  1.8  0.6  24  24.8  864.7 424  382  551  169  336  557  221
25 2014 168.3  2.4  2.1  0.3  12  25.2  889.9 430  416  529  113  345  529  184
26 2015 169.8  1.5  0.9  0.6  40  15.9  905.8 478  440  535   95  408  548  140
27 2016 171.0  1.2  1.2  0.0   0  12.8  918.6 398  398    0    0  331  474  143

Core Length:  171.0 mm
Core Density: 397 kg/m3
Cross-sectional Density:  388 kg/m3
Early/Latewood Threshold: 500 kg/m3
Attenuation Constant: 3.16

ִִִִִִִִִִִִִִִִִִִִִִִִִִִִִִִִִִִִִִִִִִִִִִִִִִִִִִִִִִִִִִִִִִִִִִִִִִִִִִִ
Core : 53
ֲֲֲִִִִִִִִִִִִִִִִִִִִִִִִִִִִִִִִִִִִִִִִִִִִִִִִִִִִִִִִִִִִִִִִִִִִִִִִִִִִ
       ³Widths (mm)              ³ Areas    ³ Densities (kg/m3)
       ³                         ³ (cm‎)    ³
Ring   ³Outer Ring Erly Late   % ³Incr Total³Ring E/Wd L/Wd Unif  Min  Max  Rng
 # Year³ Rad.      Wood Wood  LW ³          ³mean mean mean
ֱֱֱִִִִִִִִִִִִִִִִִִִִִִִִִִִִִִִִִִִִִִִִִִִִִִִִִִִִִִִִִִִִִִִִִִִִִִִִִִִִ

 1 1990  14.8 14.8 13.8  0.0   0   6.9    6.9 297  297    0    0  251  396  145
 2 1991  32.2 17.4 17.4  0.0   0  25.7   32.6 309  309    0    0  228  422  194
 3 1992  49.0 16.8 16.8  0.0   0  42.9   75.4 310  310    0    0  241  450  209
 4 1993  65.2 16.2 16.2  0.0   0  58.1  133.6 317  317    0    0  232  466  234
 5 1994  75.7 10.5 10.5  0.0   0  46.5  180.0 321  321    0    0  258  473  215
 6 1995  95.8 20.1 19.8  0.3   1 108.3  288.3 318  315  521  206  258  521  263
 7 1996 113.8 18.0 18.0  0.0   0 118.5  406.9 317  317    0    0  228  480  252
 8 1997 129.4 15.6 15.3  0.3   1 119.2  526.0 336  332  541  209  286  541  255
 9 1998 140.2 10.8  9.9  0.9   8  91.5  617.5 388  373  550  177  336  582  246
10 1999 148.9  8.7  8.1  0.6   6  79.0  696.5 413  403  545  142  326  567  241
11 2000 156.1  7.2  6.9  0.3   4  69.0  765.5 353  346  505  159  315  505  190
12 2001 161.5  5.4  5.1  0.3   5  53.9  819.4 373  362  550  188  296  550  254
13 2002 167.2  5.7  5.4  0.3   5  58.9  878.3 385  379  507  128  313  507  194
14 2003 172.3  5.1  4.5  0.6  11  54.4  932.7 425  412  525  113  352  548  196
15 2004 175.9  3.6  3.6  0.0   0  39.4  972.0 428  428    0    0  356  469  113
16 2005 179.2  3.3  3.0  0.3   9  36.8 1008.8 372  358  504  146  317  504  187
17 2006 180.7  1.5  1.5  0.0   0  17.0 1025.8 430  430    0    0  391  461   70
18 2007 182.5  1.8  1.8  0.0   0  20.5 1046.3 412  412    0    0  377  445   68
19 2008 184.9  2.4  1.8  0.6  24  27.7 1074.0 454  427  533  106  399  540  141
20 2009 188.8  3.9  3.9  0.0   0  45.8 1119.8 426  426    0    0  372  494  122
21 2010 191.8  3.0  2.1  0.9  30  35.9 1155.7 472  436  557  121  401  629  228
22 2011 197.2  5.4  4.2  1.2  22  66.0 1221.7 452  424  551  127  365  579  214
23 2012 199.9  2.7  1.8  0.9  33  33.7 1255.4 473  442  536   94  412  566  154
24 2013 203.2  3.3  2.4  0.9  27  41.8 1297.2 455  426  533  107  404  551  147
25 2014 207.1  3.9  2.1  1.8  46  50.3 1347.4 488  452  531   79  433  585  152
26 2015 211.0  3.9  2.1  1.8  46  51.2 1398.7 521  468  582  114  442  618  176
27 2016 216.4  5.4  2.1  3.3  61  72.5 1471.2 510  451  547   96  431  645  214

Core Length:  215.4 mm
Core Density: 398 kg/m3
Cross-sectional Density:  391 kg/m3
Early/Latewood Threshold: 500 kg/m3
Attenuation Constant: 3.16

ִִִִִִִִִִִִִִִִִִִִִִִִִִִִִִִִִִִִִִִִִִִִִִִִִִִִִִִִִִִִִִִִִִִִִִִִִִִִִִִ
Core : 61
ֲֲֲִִִִִִִִִִִִִִִִִִִִִִִִִִִִִִִִִִִִִִִִִִִִִִִִִִִִִִִִִִִִִִִִִִִִִִִִִִִִ
       ³Widths (mm)              ³ Areas    ³ Densities (kg/m3)
       ³                         ³ (cm‎)    ³
Ring   ³Outer Ring Erly Late   % ³Incr Total³Ring E/Wd L/Wd Unif  Min  Max  Rng
 # Year³ Rad.      Wood Wood  LW ³          ³mean mean mean
ֱֱֱִִִִִִִִִִִִִִִִִִִִִִִִִִִִִִִִִִִִִִִִִִִִִִִִִִִִִִִִִִִִִִִִִִִִִִִִִִִִ

 1 1990   3.3  3.3  3.3  0.0   0   0.3    0.3 375  375    0    0  231  434  203
 2 1991  12.9  9.6  9.6  0.0   0   4.9    5.2 354  354    0    0  302  453  151
 3 1992  31.2 18.3 18.3  0.0   0  25.4   30.6 347  347    0    0  259  488  229
 4 1993  51.3 20.1 20.1  0.0   0  52.1   82.7 332  332    0    0  250  438  188
 5 1994  62.1 10.8 10.5  0.3   2  38.5  121.2 349  343  538  195  269  538  269
 6 1995  82.8 20.7 19.2  1.5   7  94.2  215.4 382  371  519  148  285  552  267
 7 1996 102.3 19.5 18.9  0.6   3 113.4  328.8 350  344  523  179  282  539  257
 8 1997 118.5 16.2 16.2  0.0   0 112.4  441.2 335  335    0    0  294  498  204
 9 1998 126.9  8.4  8.1  0.3   3  64.8  505.9 365  360  503  143  309  503  194
10 1999 132.6  5.7  5.1  0.6  10  46.5  552.4 398  385  511  126  331  514  183
11 2000 139.2  6.6  6.3  0.3   4  56.4  608.7 353  345  532  187  279  532  253
12 2001 146.1  6.9  6.0  0.9  13  61.8  670.6 382  354  564  210  305  588  283
13 2002 153.0  6.9  6.0  0.9  13  64.8  735.4 374  353  514  161  312  527  215
14 2003 159.3  6.3  4.5  1.8  28  61.8  797.2 450  400  574  174  332  644  312
15 2004 164.1  4.8  4.2  0.6  12  48.8  846.0 454  441  545  104  336  546  210
16 2005 171.3  7.2  6.3  0.9  12  75.9  921.9 392  370  550  180  302  577  275
17 2006 175.8  4.5  3.6  0.9  20  49.1  970.9 442  415  549  134  358  581  223
18 2007 181.5  5.7  5.1  0.6  10  64.0 1034.9 391  371  564  193  311  575  264
19 2008 186.9  5.4  5.1  0.3   5  62.5 1097.4 403  395  531  136  315  531  216
20 2009 192.6  5.7  5.4  0.3   5  68.0 1165.4 383  376  509  133  318  509  191
21 2010 197.7  5.1  4.2  0.9  17  62.5 1227.9 418  390  547  157  303  613  310
22 2011 204.0  6.3  5.4  0.9  14  79.5 1307.4 390  365  544  179  301  564  263
23 2012 209.1  5.1  4.5  0.6  11  66.2 1373.6 416  398  549  151  343  577  234
24 2013 212.7  3.6  3.0  0.6  16  47.7 1421.3 423  386  610  224  322  612  290
25 2014 216.9  4.2  3.6  0.6  14  56.7 1478.0 415  394  540  146  325  547  222
26 2015 219.9  3.0  2.1  0.9  30  41.2 1519.1 456  433  511   78  316  515  199
27 2016 223.2  3.3  3.0  0.3   9  45.9 1565.1 421  405  588  183  317  588  271

Core Length:  223.2 mm
Core Density: 390 kg/m3
Cross-sectional Density:  388 kg/m3
Early/Latewood Threshold: 500 kg/m3
Attenuation Constant: 3.16

ִִִִִִִִִִִִִִִִִִִִִִִִִִִִִִִִִִִִִִִִִִִִִִִִִִִִִִִִִִִִִִִִִִִִִִִִִִִִִִִ
Core : 63
ֲֲֲִִִִִִִִִִִִִִִִִִִִִִִִִִִִִִִִִִִִִִִִִִִִִִִִִִִִִִִִִִִִִִִִִִִִִִִִִִִִ
       ³Widths (mm)              ³ Areas    ³ Densities (kg/m3)
       ³                         ³ (cm‎)    ³
Ring   ³Outer Ring Erly Late   % ³Incr Total³Ring E/Wd L/Wd Unif  Min  Max  Rng
 # Year³ Rad.      Wood Wood  LW ³          ³mean mean mean
ֱֱֱִִִִִִִִִִִִִִִִִִִִִִִִִִִִִִִִִִִִִִִִִִִִִִִִִִִִִִִִִִִִִִִִִִִִִִִִִִִִ

 2 1990   4.5  4.5  3.9  0.6  13   0.6    0.6 437  426  513   87  374  526  152
 3 1991  20.4 15.9 15.0  0.9   5  12.4   13.1 360  350  520  170  287  530  243
 4 1992  37.8 17.4 15.9  1.5   8  31.8   44.9 366  350  536  186  268  586  318
 5 1993  55.8 18.0 16.8  1.2   6  52.9   97.8 379  368  527  159  297  560  263
 6 1994  68.4 12.6 11.4  1.2   9  49.2  147.0 375  356  554  198  280  586  306
 7 1995  92.1 23.7 20.7  3.0  12 119.5  266.5 416  398  542  144  321  602  281
 8 1996 108.6 16.5 15.6  0.9   5 104.0  370.5 378  369  536  167  301  567  266
 9 1997 120.6 12.0 11.1  0.9   7  86.4  456.9 360  347  529  182  308  568  260
10 1998 130.2  9.6  8.4  1.2  12  75.6  532.6 403  377  583  206  329  608  279
11 1999 138.6  8.4  7.8  0.6   7  70.9  603.5 413  403  547  144  331  573  242
12 2000 145.8  7.2  6.6  0.6   8  64.3  667.8 381  365  557  192  298  607  309
13 2001 152.4  6.6  5.7  0.9  13  61.8  729.7 388  359  571  212  291  602  311
14 2002 157.8  5.4  4.8  0.6  11  52.6  782.3 395  372  580  208  333  602  269
15 2003 162.6  4.8  3.9  0.9  18  48.3  830.6 408  371  570  199  334  600  266
16 2004 165.9  3.3  2.7  0.6  18  34.1  864.7 450  430  543  113  382  576  194
17 2005 171.3  5.4  4.8  0.6  11  57.2  921.9 393  368  593  225  302  611  309
18 2006 174.9  3.6  2.4  1.2  33  39.2  961.0 456  401  568  167  362  637  275
19 2007 178.8  3.9  3.6  0.3   7  43.3 1004.3 401  385  597  212  337  597  260
20 2008 182.7  3.9  3.0  0.9  23  44.3 1048.6 430  388  572  184  323  592  269
21 2009 186.0  3.3  2.4  0.9  27  38.2 1086.9 438  392  562  170  335  595  260
22 2010 190.2  4.2  3.3  0.9  21  49.6 1136.5 462  420  615  195  353  656  303
23 2011 195.0  4.8  4.2  0.6  12  58.1 1194.6 393  369  565  196  298  584  286
24 2012 198.0  3.0  1.8  1.2  40  37.0 1231.6 431  370  522  152  337  559  222
25 2013 201.0  3.0  2.1  0.9  30  37.6 1269.2 414  362  538  176  326  562  236
26 2014 204.0  3.0  2.1  0.9  30  38.2 1307.4 452  408  552  144  356  598  242
27 2015 206.7  2.7  1.5  1.2  44  34.8 1342.2 471  400  559  159  343  594  251
28 2016 209.4  2.7  2.1  0.6  22  35.3 1377.5 435  412  516  104  330  533  203

Core Length:  209.4 mm
Core Density: 410 kg/m3
Cross-sectional Density:  405 kg/m3
Early/Latewood Threshold: 500 kg/m3
Attenuation Constant: 3.16

ִִִִִִִִִִִִִִִִִִִִִִִִִִִִִִִִִִִִִִִִִִִִִִִִִִִִִִִִִִִִִִִִִִִִִִִִִִִִִִִ
Core : 65
ֲֲֲִִִִִִִִִִִִִִִִִִִִִִִִִִִִִִִִִִִִִִִִִִִִִִִִִִִִִִִִִִִִִִִִִִִִִִִִִִִִ
       ³Widths (mm)              ³ Areas    ³ Densities (kg/m3)
       ³                         ³ (cm‎)    ³
Ring   ³Outer Ring Erly Late   % ³Incr Total³Ring E/Wd L/Wd Unif  Min  Max  Rng
 # Year³ Rad.      Wood Wood  LW ³          ³mean mean mean
ֱֱֱִִִִִִִִִִִִִִִִִִִִִִִִִִִִִִִִִִִִִִִִִִִִִִִִִִִִִִִִִִִִִִִִִִִִִִִִִִִִ

 1 1990   6.0  6.0  6.0  0.0   0   1.1    1.1 367  367    0    0  276  432  156
 2 1991  19.5 13.5 13.5  0.0   0  10.8   11.9 350  350    0    0  288  477  189
 3 1992  36.6 17.1 16.8  0.3   1  30.1   42.1 354  351  520  169  284  520  236
 4 1993  55.5 18.9 18.9  0.0   0  54.7   96.8 343  343    0    0  283  468  185
 5 1994  68.1 12.6 11.1  1.5  11  48.9  145.7 368  345  534  189  286  555  269
 6 1995  90.0 21.9 18.6  3.3  15 108.8  254.5 405  381  541  160  319  570  251
 7 1996 109.8 19.8 19.8  0.0   0 124.3  378.8 359  359    0    0  278  481  203
 8 1997 125.4 15.6 15.3  0.3   1 115.3  494.0 335  331  544  213  281  544  263
 9 1998 138.3 12.9 11.7  1.2   9 106.9  600.9 388  373  536  163  318  547  229
10 1999 148.5 10.2  9.3  0.9   8  91.9  692.8 398  387  516  129  315  525  210
11 2000 159.3 10.8 10.8  0.0   0 104.4  797.2 340  340    0    0  279  476  197
12 2001 166.5  7.2  6.6  0.6   8  73.7  870.9 367  354  513  159  290  518  228
13 2002 173.7  7.2  7.2  0.0   0  77.0  947.9 348  348    0    0  298  431  133
14 2003 180.9  7.2  6.3  0.9  12  80.2 1028.1 389  365  557  192  312  600  288
15 2004 186.6  5.7  5.4  0.3   5  65.8 1093.9 395  389  514  125  351  514  163
16 2005 193.8  7.2  6.9  0.3   4  86.0 1179.9 349  341  524  183  289  524  235
17 2006 198.9  5.1  4.5  0.6  11  62.9 1242.9 406  391  519  128  317  524  207
18 2007 204.3  5.4  5.1  0.3   5  68.4 1311.3 371  362  523  161  303  523  220
19 2008 208.8  4.5  4.5  0.0   0  58.4 1369.7 376  376    0    0  282  455  173
20 2009 214.2  5.4  5.4  0.0   0  71.8 1441.4 369  369    0    0  308  492  184
21 2010 218.4  4.2  3.9  0.3   7  57.1 1498.5 384  373  525  152  328  525  197
22 2011 224.4  6.0  5.7  0.3   5  83.5 1582.0 349  341  507  166  280  507  227
23 2012 229.8  5.4  5.1  0.3   5  77.1 1659.0 384  377  508  131  311  508  197
24 2013 234.3  4.5  4.2  0.3   6  65.6 1724.6 377  366  521  155  300  521  221
25 2014 241.5  7.2  7.2  0.0   0 107.6 1832.2 354  354    0    0  287  490  203
26 2015 246.3  4.8  4.5  0.3   6  73.6 1905.8 417  411  508   97  356  508  152
27 2016 250.8  4.5  4.2  0.3   6  70.3 1976.1 391  381  536  155  324  536  212

Core Length:  250.8 mm
Core Density: 371 kg/m3
Cross-sectional Density:  371 kg/m3
Early/Latewood Threshold: 500 kg/m3
Attenuation Constant: 3.16

ִִִִִִִִִִִִִִִִִִִִִִִִִִִִִִִִִִִִִִִִִִִִִִִִִִִִִִִִִִִִִִִִִִִִִִִִִִִִִִִ
Core : 71
ֲֲֲִִִִִִִִִִִִִִִִִִִִִִִִִִִִִִִִִִִִִִִִִִִִִִִִִִִִִִִִִִִִִִִִִִִִִִִִִִִִ
       ³Widths (mm)              ³ Areas    ³ Densities (kg/m3)
       ³                         ³ (cm‎)    ³
Ring   ³Outer Ring Erly Late   % ³Incr Total³Ring E/Wd L/Wd Unif  Min  Max  Rng
 # Year³ Rad.      Wood Wood  LW ³          ³mean mean mean
ֱֱֱִִִִִִִִִִִִִִִִִִִִִִִִִִִִִִִִִִִִִִִִִִִִִִִִִִִִִִִִִִִִִִִִִִִִִִִִִִִִ

 2 1991  14.4 14.4 14.4  0.0   0   6.5    6.5 316  316    0    0  263  484  221
 3 1992  30.6 16.2 15.9  0.3   1  22.9   29.4 343  340  544  204  291  544  253
 4 1993  45.9 15.3 15.0  0.3   1  36.8   66.2 339  336  500  164  286  500  214
 5 1994  58.2 12.3 11.7  0.6   4  40.2  106.4 354  345  525  180  275  538  263
 6 1995  73.8 15.6 15.0  0.6   3  64.7  171.1 363  356  543  187  301  566  265
 7 1996  89.4 15.6 14.7  0.9   5  80.0  251.1 382  373  524  151  297  551  254
 8 1997 103.8 14.4 13.5  0.9   6  87.4  338.5 344  333  513  180  289  531  242
 9 1998 113.1  9.3  8.4  0.9   9  63.4  401.9 375  355  562  207  325  592  267
10 1999 121.2  8.1  7.5  0.6   7  59.6  461.5 407  396  534  138  312  543  231
11 2000 130.2  9.0  8.4  0.6   6  71.1  532.6 372  359  552  193  303  568  265
12 2001 137.4  7.2  6.3  0.9  12  60.5  593.1 383  360  542  182  272  566  294
13 2002 144.3  6.9  6.9  0.0   0  61.1  654.2 355  355    0    0  296  489  193
14 2003 150.0  5.7  5.1  0.6  10  52.7  706.9 390  370  558  188  302  560  258
15 2004 153.6  3.6  2.7  0.9  24  34.3  741.2 448  411  559  148  345  601  256
16 2005 160.2  6.6  5.7  0.9  13  65.1  806.3 381  358  525  167  299  532  233
17 2006 164.1  3.9  3.0  0.9  23  39.7  846.0 414  381  522  141  338  551  213
18 2007 168.0  3.9  3.6  0.3   7  40.7  886.7 367  355  517  162  302  517  215
19 2008 171.3  3.3  3.0  0.3   9  35.2  921.9 387  375  505  130  300  505  205
20 2009 175.2  3.9  3.6  0.3   7  42.5  964.3 391  381  514  133  296  514  218
21 2010 178.8  3.6  3.6  0.0   0  40.0 1004.3 373  373    0    0  319  485  166
22 2011 181.5  2.7  2.7  0.0   0  30.6 1034.9 361  361    0    0  319  493  174
23 2012 184.8  3.3  2.4  0.9  27  38.0 1072.9 416  365  553  188  317  598  281
24 2013 188.4  3.6  3.3  0.3   8  42.2 1115.1 375  353  619  266  302  619  317
25 2014 190.8  2.4  2.1  0.3  12  28.6 1143.7 401  373  597  224  311  597  286
26 2015 192.9  2.1  1.8  0.3  14  25.3 1169.0 404  377  568  191  310  568  258
27 2016 195.6  2.7  2.4  0.3  11  33.0 1202.0 376  360  509  149  300  509  209

Core Length:  195.6 mm
Core Density: 377 kg/m3
Cross-sectional Density:  377 kg/m3
Early/Latewood Threshold: 500 kg/m3
Attenuation Constant: 3.16

