File : C:\DENSITOM\OTAGOC~1\OCST40.DAT
Cores :
4
5
10
11
14
18
20
22
25
32
34
38

ִִִִִִִִִִִִִִִִִִִִִִִִִִִִִִִִִִִִִִִִִִִִִִִִִִִִִִִִִִִִִִִִִִִִִִִִִִִִִִִ
Core : 4
ֲֲֲִִִִִִִִִִִִִִִִִִִִִִִִִִִִִִִִִִִִִִִִִִִִִִִִִִִִִִִִִִִִִִִִִִִִִִִִִִִִ
       ³Widths (mm)              ³ Areas    ³ Densities (kg/m3)
       ³                         ³ (cm‎)    ³
Ring   ³Outer Ring Erly Late   % ³Incr Total³Ring E/Wd L/Wd Unif  Min  Max  Rng
 # Year³ Rad.      Wood Wood  LW ³          ³mean mean mean
ֱֱֱִִִִִִִִִִִִִִִִִִִִִִִִִִִִִִִִִִִִִִִִִִִִִִִִִִִִִִִִִִִִִִִִִִִִִִִִִִִִ

 2 1992  17.5 17.5 16.5  0.0   0   9.6    9.6 338  338    0    0  275  495  220
 3 1993  34.3 16.8 15.9  0.9   5  27.3   37.0 359  350  523  173  280  533  253
 4 1994  52.0 17.7 16.2  1.5   8  48.0   84.9 377  360  568  208  278  616  338
 5 1995  68.8 16.8 10.5  6.3  37  63.8  148.7 485  446  552  106  383  622  239
 6 1996  83.8 15.0  9.3  5.7  38  71.9  220.6 494  458  553   95  390  641  251
 7 1997 100.6 16.8 11.4  5.4  32  97.3  317.9 474  432  564  132  371  670  299
 8 1998 115.9 15.3  2.1 13.2  86 104.1  422.0 553  470  566   96  435  679  244
 9 1999 125.8  9.9  0.9  9.0  90  75.2  497.2 555  457  564  107  441  644  203
10 2000 139.0 13.2 10.5  2.7  20 109.8  607.0 465  435  581  146  385  666  281
11 2001 149.5 10.5  5.4  5.1  48  95.2  702.2 509  439  582  143  390  645  255
12 2002 158.8  9.3  6.3  3.0  32  90.1  792.2 490  451  571  120  391  615  224
13 2003 167.5  8.7  4.2  4.5  51  89.2  881.4 536  461  606  145  420  710  290
14 2004 173.5  6.0  0.3  5.7  95  64.3  945.7 568  410  576  166  410  678  268
15 2005 184.0 10.5  7.8  2.7  25 117.9 1063.6 461  421  576  155  377  670  293
16 2006 190.6  6.6  3.9  2.7  40  77.7 1141.3 513  446  610  164  389  651  262
17 2007 200.2  9.6  5.4  4.2  43 117.9 1259.2 510  456  580  124  424  702  278
18 2008 210.4 10.2  5.7  4.5  44 131.6 1390.7 490  424  573  149  358  678  320
19 2009 220.0  9.6  6.3  3.3  34 129.8 1520.5 462  413  555  142  354  617  263
20 2010 229.6  9.6  5.7  3.9  40 135.6 1656.1 500  441  586  145  380  678  298
21 2011 243.1 13.5 11.1  2.4  17 200.5 1856.6 424  390  581  191  332  626  294
22 2012 256.0 12.9  7.8  5.1  39 202.3 2058.9 490  455  543   88  408  666  258
23 2013 265.6  9.6  5.1  4.5  46 157.3 2216.2 512  444  589  145  386  654  268
24 2014 277.9 12.3  9.9  2.4  19 210.0 2426.2 457  432  562  130  371  648  277
25 2015 286.3  8.4  1.8  6.6  78 148.9 2575.1 573  472  601  129  444  707  263
26 2016 295.3  9.0  3.3  5.7  63 164.4 2739.5 536  448  588  140  403  703  300

Core Length:  294.6 mm
Core Density: 485 kg/m3
Cross-sectional Density:  493 kg/m3
Early/Latewood Threshold: 500 kg/m3
Attenuation Constant: 3.16

ִִִִִִִִִִִִִִִִִִִִִִִִִִִִִִִִִִִִִִִִִִִִִִִִִִִִִִִִִִִִִִִִִִִִִִִִִִִִִִִ
Core : 5
ֲֲֲִִִִִִִִִִִִִִִִִִִִִִִִִִִִִִִִִִִִִִִִִִִִִִִִִִִִִִִִִִִִִִִִִִִִִִִִִִִִ
       ³Widths (mm)              ³ Areas    ³ Densities (kg/m3)
       ³                         ³ (cm‎)    ³
Ring   ³Outer Ring Erly Late   % ³Incr Total³Ring E/Wd L/Wd Unif  Min  Max  Rng
 # Year³ Rad.      Wood Wood  LW ³          ³mean mean mean
ֱֱֱִִִִִִִִִִִִִִִִִִִִִִִִִִִִִִִִִִִִִִִִִִִִִִִִִִִִִִִִִִִִִִִִִִִִִִִִִִִִ

 1 1990   4.5  4.5  4.5  0.0   0   0.6    0.6 398  398    0    0  272  460  188
 2 1991  16.5 12.0 12.0  0.0   0   7.9    8.6 347  347    0    0  289  475  186
 3 1992  33.3 16.8 16.5  0.3   1  26.3   34.8 397  395  506  111  301  506  205
 4 1993  55.2 21.9 21.9  0.0   0  60.9   95.7 414  414    0    0  346  494  148
 5 1994  77.7 22.5 22.5  0.0   0  93.9  189.7 359  359    0    0  305  492  187
 6 1995  93.6 15.9 14.7  1.2   7  85.6  275.2 374  362  522  160  311  527  216
 7 1996 109.2 15.6 15.0  0.6   3  99.4  374.6 353  345  568  223  273  577  304
 8 1997 123.0 13.8 13.5  0.3   2 100.7  475.3 335  330  535  205  268  535  267
 9 1998 135.9 12.9 11.4  1.5  11 104.9  580.2 371  347  553  206  293  580  287
10 1999 144.6  8.7  7.8  0.9  10  76.7  656.9 419  402  559  157  340  582  242
11 2000 156.6 12.0 11.4  0.6   5 113.5  770.4 342  334  505  171  270  508  238
12 2001 163.5  6.9  6.0  0.9  13  69.4  839.8 353  327  531  204  274  546  272
13 2002 170.1  6.6  6.3  0.3   4  69.2  909.0 377  368  573  205  304  573  269
14 2003 177.0  6.9  5.4  1.5  21  75.2  984.2 392  349  547  198  302  591  289
15 2004 182.7  5.7  4.5  1.2  21  64.4 1048.6 428  403  523  120  316  535  219
16 2005 193.5 10.8 10.2  0.6   5 127.6 1176.3 343  333  519  186  263  529  266
17 2006 201.3  7.8  6.0  1.8  23  96.7 1273.0 409  365  557  192  324  579  255
18 2007 209.1  7.8  6.9  0.9  11 100.6 1373.6 402  381  562  181  337  571  234
19 2008 218.4  9.3  7.5  1.8  19 124.9 1498.5 403  372  533  161  312  563  251
20 2009 225.6  7.2  6.9  0.3   4 100.4 1598.9 354  346  531  185  252  531  279
21 2010 231.6  6.0  4.8  1.2  20  86.2 1685.1 400  363  548  185  289  584  295
22 2011 239.4  7.8  7.8  0.0   0 115.4 1800.5 367  367    0    0  265  495  230
23 2012 247.2  7.8  6.9  0.9  11 119.2 1919.8 404  387  536  149  309  558  249
24 2013 252.3  5.1  4.5  0.6  11  80.0 1999.8 373  350  545  195  290  552  262
25 2014 258.0  5.7  5.4  0.3   5  91.4 2091.2 381  372  531  159  277  531  254
26 2015 262.2  4.2  3.6  0.6  14  68.6 2159.8 424  404  546  142  352  576  224
27 2016 266.4  4.2  3.6  0.6  14  69.7 2229.6 376  350  533  183  306  565  259

Core Length:  266.7 mm
Core Density: 381 kg/m3
Cross-sectional Density:  379 kg/m3
Early/Latewood Threshold: 500 kg/m3
Attenuation Constant: 3.16

ִִִִִִִִִִִִִִִִִִִִִִִִִִִִִִִִִִִִִִִִִִִִִִִִִִִִִִִִִִִִִִִִִִִִִִִִִִִִִִִ
Core : 10
ֲֲֲִִִִִִִִִִִִִִִִִִִִִִִִִִִִִִִִִִִִִִִִִִִִִִִִִִִִִִִִִִִִִִִִִִִִִִִִִִִִ
       ³Widths (mm)              ³ Areas    ³ Densities (kg/m3)
       ³                         ³ (cm‎)    ³
Ring   ³Outer Ring Erly Late   % ³Incr Total³Ring E/Wd L/Wd Unif  Min  Max  Rng
 # Year³ Rad.      Wood Wood  LW ³          ³mean mean mean
ֱֱֱִִִִִִִִִִִִִִִִִִִִִִִִִִִִִִִִִִִִִִִִִִִִִִִִִִִִִִִִִִִִִִִִִִִִִִִִִִִִ

 1 1991   9.0  9.0  9.0  0.0   0   2.5    2.5 351  351    0    0  290  463  173
 2 1992  22.5 13.5 13.2  0.3   2  13.4   15.9 346  342  511  169  294  511  217
 3 1993  36.6 14.1 14.1  0.0   0  26.2   42.1 363  363    0    0  306  492  186
 4 1994  54.6 18.0 17.7  0.3   1  51.6   93.7 358  355  512  157  301  512  211
 5 1995  74.7 20.1 19.5  0.6   2  81.6  175.3 350  345  509  164  290  511  221
 6 1996  88.8 14.1 13.8  0.3   2  72.4  247.7 350  346  535  189  281  535  254
 7 1997 100.8 12.0 11.4  0.6   5  71.5  319.2 364  354  560  206  307  574  267
 8 1998 109.8  9.0  8.1  0.9  10  59.5  378.8 409  392  560  168  341  606  265
 9 1999 117.9  8.1  6.9  1.2  14  57.9  436.7 438  422  532  110  364  563  199
10 2000 125.7  7.8  7.5  0.3   3  59.7  496.4 380  375  524  149  319  524  205
11 2001 130.5  4.8  4.2  0.6  12  38.6  535.0 391  369  545  176  312  560  248
12 2002 134.7  4.2  3.9  0.3   7  35.0  570.0 384  375  510  135  329  510  181
13 2003 138.3  3.6  2.7  0.9  25  30.9  600.9 415  372  544  172  324  554  230
14 2004 141.6  3.3  3.0  0.3   9  29.0  629.9 417  408  510  102  300  510  210
15 2005 146.1  4.5  4.2  0.3   6  40.7  670.6 353  343  502  159  289  502  213
16 2006 148.8  2.7  2.1  0.6  22  25.0  695.6 414  377  545  168  338  564  226
17 2007 153.0  4.2  3.9  0.3   7  39.8  735.4 397  386  532  146  347  532  185
18 2008 156.3  3.3  2.7  0.6  18  32.1  767.5 400  375  512  137  306  520  214
19 2009 159.6  3.3  3.3  0.0   0  32.8  800.2 400  400    0    0  306  485  179
20 2010 162.6  3.0  2.7  0.3  10  30.4  830.6 421  409  530  121  343  530  187
21 2011 165.9  3.3  2.7  0.6  18  34.1  864.7 391  364  516  152  294  533  239
22 2012 168.3  2.4  1.5  0.9  37  25.2  889.9 455  401  544  143  353  558  205
23 2013 170.1  1.8  1.5  0.3  16  19.1  909.0 428  404  546  142  333  546  213
24 2014 172.5  2.4  2.4  0.0   0  25.8  934.8 424  424    0    0  345  494  149
25 2015 174.3  1.8  1.2  0.6  33  19.6  954.4 472  437  541  104  406  563  157
26 2016 176.1  1.8  1.2  0.6  33  19.8  974.2 432  383  529  146  350  535  185

Core Length:  176.1 mm
Core Density: 396 kg/m3
Cross-sectional Density:  390 kg/m3
Early/Latewood Threshold: 500 kg/m3
Attenuation Constant: 3.16

ִִִִִִִִִִִִִִִִִִִִִִִִִִִִִִִִִִִִִִִִִִִִִִִִִִִִִִִִִִִִִִִִִִִִִִִִִִִִִִִ
Core : 11
ֲֲֲִִִִִִִִִִִִִִִִִִִִִִִִִִִִִִִִִִִִִִִִִִִִִִִִִִִִִִִִִִִִִִִִִִִִִִִִִִִִ
       ³Widths (mm)              ³ Areas    ³ Densities (kg/m3)
       ³                         ³ (cm‎)    ³
Ring   ³Outer Ring Erly Late   % ³Incr Total³Ring E/Wd L/Wd Unif  Min  Max  Rng
 # Year³ Rad.      Wood Wood  LW ³          ³mean mean mean
ֱֱֱִִִִִִִִִִִִִִִִִִִִִִִִִִִִִִִִִִִִִִִִִִִִִִִִִִִִִִִִִִִִִִִִִִִִִִִִִִִִ

 2 1991  14.6 14.6 12.0  0.6   4   6.7    6.7 379  373  500  127  299  501  202
 3 1992  27.2 12.6 11.7  0.9   7  16.5   23.2 422  412  543  131  340  573  233
 4 1993  44.6 17.4 16.2  1.2   6  39.2   62.5 408  401  512  111  352  524  172
 5 1994  64.1 19.5 18.6  0.9   4  66.6  129.1 386  379  529  150  311  535  224
 6 1995  77.9 13.8 11.1  2.7  19  61.6  190.6 420  390  544  154  308  595  287
 7 1996  92.3 14.4  9.0  5.4  37  77.0  267.6 445  385  543  158  317  608  291
 8 1997 109.7 17.4 13.5  3.9  22 110.4  378.1 443  411  555  144  363  623  260
 9 1998 123.2 13.5  2.7 10.8  80  98.8  476.8 554  477  574   97  461  708  247
10 1999 131.3  8.1  0.3  7.8  96  64.8  541.6 606  454  611  157  454  707  253
11 2000 140.3  9.0  6.3  2.7  30  76.8  618.4 486  441  591  150  413  660  247
12 2001 148.1  7.8  5.1  2.7  34  70.7  689.1 494  426  621  195  391  666  275
13 2002 156.8  8.7  4.2  4.5  51  83.3  772.4 503  435  567  132  403  611  208
14 2003 164.9  8.1  3.6  4.5  55  81.9  854.3 529  455  589  134  430  690  260
15 2004 168.8  3.9  0.3  3.6  92  40.9  895.1 577  440  589  149  440  691  251
16 2005 176.9  8.1  5.4  2.7  33  88.0  983.1 496  447  594  147  387  661  274
17 2006 183.8  6.9  3.9  3.0  43  78.2 1061.3 519  455  603  148  418  678  260
18 2007 191.3  7.5  4.8  2.7  36  88.4 1149.7 508  471  574  103  438  679  241
19 2008 196.1  4.8  2.7  2.1  43  58.4 1208.1 518  439  619  180  409  690  281
20 2009 202.7  6.6  3.9  2.7  40  82.7 1290.8 498  441  580  139  405  639  234
21 2010 208.1  5.4  2.1  3.3  61  69.7 1360.5 517  459  554   95  425  669  244
22 2011 214.1  6.0  3.3  2.7  45  79.6 1440.1 486  411  579  168  374  706  332
23 2012 219.5  5.4  0.3  5.1  94  73.6 1513.6 560  430  568  138  430  680  250
24 2013 223.4  3.9  1.8  2.1  53  54.3 1567.9 517  441  582  141  419  678  259
25 2014 229.1  5.7  2.1  3.6  63  81.0 1648.9 525  442  574  132  416  696  280
26 2015 233.9  4.8  2.1  2.7  56  69.8 1718.7 541  450  613  163  431  712  281
27 2016 238.1  4.2  2.1  2.1  50  62.3 1781.0 511  442  580  138  401  665  264

Core Length:  236.4 mm
Core Density: 494 kg/m3
Cross-sectional Density:  500 kg/m3
Early/Latewood Threshold: 500 kg/m3
Attenuation Constant: 3.16

ִִִִִִִִִִִִִִִִִִִִִִִִִִִִִִִִִִִִִִִִִִִִִִִִִִִִִִִִִִִִִִִִִִִִִִִִִִִִִִִ
Core : 14
ֲֲֲִִִִִִִִִִִִִִִִִִִִִִִִִִִִִִִִִִִִִִִִִִִִִִִִִִִִִִִִִִִִִִִִִִִִִִִִִִִִ
       ³Widths (mm)              ³ Areas    ³ Densities (kg/m3)
       ³                         ³ (cm‎)    ³
Ring   ³Outer Ring Erly Late   % ³Incr Total³Ring E/Wd L/Wd Unif  Min  Max  Rng
 # Year³ Rad.      Wood Wood  LW ³          ³mean mean mean
ֱֱֱִִִִִִִִִִִִִִִִִִִִִִִִִִִִִִִִִִִִִִִִִִִִִִִִִִִִִִִִִִִִִִִִִִִִִִִִִִִִ

 3 1992  16.3 16.3 12.3  0.0   0   8.3    8.3 349  349    0    0  287  478  191
 4 1993  25.0  8.7  8.4  0.3   3  11.3   19.6 363  357  519  162  296  519  223
 5 1994  40.0 15.0 14.4  0.6   4  30.6   50.3 343  335  532  197  273  542  269
 6 1995  58.0 18.0 16.8  1.2   6  55.4  105.7 370  357  543  186  271  563  292
 7 1996  73.3 15.3 14.4  0.9   5  63.1  168.8 357  346  521  175  286  542  256
 8 1997  86.5 13.2 12.6  0.6   4  66.3  235.1 365  357  529  172  302  551  249
 9 1998  98.2 11.7 10.8  0.9   7  67.9  303.0 381  368  537  169  328  562  234
10 1999 109.0 10.8 10.2  0.6   5  70.3  373.3 388  379  530  151  304  543  239
11 2000 118.0  9.0  8.4  0.6   6  64.2  437.4 371  360  530  170  316  560  244
12 2001 127.3  9.3  8.4  0.9   9  71.7  509.1 366  349  526  177  280  537  257
13 2002 137.8 10.5  8.4  2.1  20  87.4  596.6 387  348  540  192  297  598  301
14 2003 148.9 11.1  8.4  2.7  24 100.0  696.5 428  382  573  191  313  657  344
15 2004 157.9  9.0  8.1  0.9  10  86.7  783.3 433  421  543  122  342  552  210
16 2005 172.3 14.4 12.9  1.5  10 149.4  932.7 381  357  586  229  295  621  326
17 2006 185.5 13.2 11.1  2.1  15 148.4 1081.0 427  410  515  105  331  532  201
18 2007 196.6 11.1  9.9  1.2  10 133.2 1214.3 389  374  513  139  319  535  216
19 2008 208.0 11.4 10.5  0.9   7 144.9 1359.2 389  377  526  149  298  550  252
20 2009 220.6 12.6 12.0  0.6   4 169.7 1528.8 383  376  527  151  293  528  235
21 2010 230.8 10.2  9.0  1.2  11 144.6 1673.5 384  368  508  140  291  516  225
22 2011 245.2 14.4 13.5  0.9   6 215.3 1888.8 355  345  517  172  275  533  258
23 2012 256.3 11.1 10.5  0.6   5 174.9 2063.7 381  372  540  168  303  555  252
24 2013 263.5  7.2  6.6  0.6   8 117.6 2181.3 376  363  519  156  289  533  244
25 2014 274.3 10.8 10.5  0.3   2 182.5 2363.7 355  350  516  166  285  516  231
26 2015 286.9 12.6 10.8  1.8  14 222.1 2585.9 387  363  534  171  285  563  278
27 2016 295.0  8.1  6.6  1.5  18 148.1 2734.0 383  346  546  200  287  604  317

Core Length:  291.0 mm
Core Density: 379 kg/m3
Cross-sectional Density:  382 kg/m3
Early/Latewood Threshold: 500 kg/m3
Attenuation Constant: 3.16

ִִִִִִִִִִִִִִִִִִִִִִִִִִִִִִִִִִִִִִִִִִִִִִִִִִִִִִִִִִִִִִִִִִִִִִִִִִִִִִִ
Core : 18
ֲֲֲִִִִִִִִִִִִִִִִִִִִִִִִִִִִִִִִִִִִִִִִִִִִִִִִִִִִִִִִִִִִִִִִִִִִִִִִִִִִ
       ³Widths (mm)              ³ Areas    ³ Densities (kg/m3)
       ³                         ³ (cm‎)    ³
Ring   ³Outer Ring Erly Late   % ³Incr Total³Ring E/Wd L/Wd Unif  Min  Max  Rng
 # Year³ Rad.      Wood Wood  LW ³          ³mean mean mean
ֱֱֱִִִִִִִִִִִִִִִִִִִִִִִִִִִִִִִִִִִִִִִִִִִִִִִִִִִִִִִִִִִִִִִִִִִִִִִִִִִִ

 1 1990   2.7  2.7  2.7  0.0   0   0.2    0.2 358  358    0    0  300  423  123
 2 1991  11.4  8.7  8.7  0.0   0   3.9    4.1 354  354    0    0  280  468  188
 3 1992  18.0  6.6  6.6  0.0   0   6.1   10.2 388  388    0    0  349  481  132
 4 1993  27.9  9.9  6.0  3.9  39  14.3   24.5 465  401  563  162  335  584  249
 5 1994  41.7 13.8 13.5  0.3   2  30.2   54.6 447  445  536   91  381  536  155
 6 1995  66.0 24.3 22.8  1.5   6  82.2  136.8 392  383  523  140  332  544  212
 7 1996  80.7 14.7 13.5  1.2   8  67.7  204.6 388  374  542  168  312  582  270
 8 1997  98.1 17.4 15.0  2.4  13  97.7  302.3 428  410  541  131  339  558  219
 9 1998 116.7 18.6 14.7  3.9  20 125.5  427.9 458  431  561  130  384  622  238
10 1999 129.0 12.3 12.3  0.0   0  94.9  522.8 427  427    0    0  334  486  152
11 2000 141.3 12.3 11.1  1.2   9 104.4  627.2 393  377  546  169  310  596  286
12 2001 151.8 10.5  9.0  1.5  14  96.7  723.9 418  392  577  185  322  591  269
13 2002 162.3 10.5  9.0  1.5  14 103.6  827.5 395  371  543  172  317  595  278
14 2003 171.9  9.6  6.9  2.7  28 100.8  928.3 436  383  572  189  330  630  300
15 2004 181.8  9.9  6.9  3.0  30 110.0 1038.3 466  434  539  105  375  588  213
16 2005 195.9 14.1 13.2  0.9   6 167.3 1205.6 369  357  536  179  292  569  277
17 2006 207.9 12.0  7.2  4.8  40 152.2 1357.9 464  409  548  139  369  617  248
18 2007 219.6 11.7  9.9  1.8  15 157.1 1515.0 439  418  550  132  360  586  226
19 2008 231.9 12.3 10.5  1.8  14 174.5 1689.5 420  397  555  158  324  609  285
20 2009 243.9 12.0 11.1  0.9   7 179.4 1868.8 408  397  549  152  311  571  260
21 2010 255.0 11.1  9.0  2.1  18 174.0 2042.8 421  392  544  152  341  597  256
22 2011 268.5 13.5 12.0  1.5  11 222.0 2264.8 393  374  541  167  302  577  275
23 2012 282.0 13.5 12.0  1.5  11 233.5 2498.3 433  417  559  142  352  605  253
24 2013 293.4 11.4  8.1  3.3  28 206.1 2704.4 447  407  546  139  355  602  247
25 2014 306.0 12.6  9.6  3.0  23 237.3 2941.7 447  408  574  166  367  636  269
26 2015 314.1  8.1  4.5  3.6  44 157.8 3099.5 506  445  582  137  415  653  238
27 2016 322.5  8.4  6.6  1.8  21 168.0 3267.5 471  443  577  134  381  609  228

Core Length:  322.8 mm
Core Density: 423 kg/m3
Cross-sectional Density:  430 kg/m3
Early/Latewood Threshold: 500 kg/m3
Attenuation Constant: 3.16

ִִִִִִִִִִִִִִִִִִִִִִִִִִִִִִִִִִִִִִִִִִִִִִִִִִִִִִִִִִִִִִִִִִִִִִִִִִִִִִִ
Core : 20
ֲֲֲִִִִִִִִִִִִִִִִִִִִִִִִִִִִִִִִִִִִִִִִִִִִִִִִִִִִִִִִִִִִִִִִִִִִִִִִִִִִ
       ³Widths (mm)              ³ Areas    ³ Densities (kg/m3)
       ³                         ³ (cm‎)    ³
Ring   ³Outer Ring Erly Late   % ³Incr Total³Ring E/Wd L/Wd Unif  Min  Max  Rng
 # Year³ Rad.      Wood Wood  LW ³          ³mean mean mean
ֱֱֱִִִִִִִִִִִִִִִִִִִִִִִִִִִִִִִִִִִִִִִִִִִִִִִִִִִִִִִִִִִִִִִִִִִִִִִִִִִִ

 1 1990  12.0 12.0 12.0  0.0   0   4.5    4.5 341  341    0    0  289  464  175
 2 1991  25.8 13.8 12.9  0.9   6  16.4   20.9 344  331  526  195  286  546  260
 3 1992  39.3 13.5 12.6  0.9   6  27.6   48.5 375  363  550  187  299  576  277
 4 1993  57.9 18.6 18.6  0.0   0  56.8  105.3 412  412    0    0  347  491  144
 5 1994  77.1 19.2 18.9  0.3   1  81.4  186.7 387  384  533  149  319  533  214
 6 1995  89.4 12.3 11.7  0.6   4  64.3  251.1 400  393  542  149  363  551  188
 7 1996 104.4 15.0 13.8  1.2   8  91.3  342.4 383  371  522  151  319  550  231
 8 1997 118.5 14.1 13.2  0.9   6  98.7  441.2 384  373  541  168  319  554  235
 9 1998 130.2 11.7 10.5  1.2  10  91.4  532.6 412  397  545  148  342  573  231
10 1999 137.7  7.5  6.9  0.6   8  63.1  595.7 434  424  546  122  375  551  176
11 2000 146.4  8.7  7.8  0.9  10  77.6  673.3 397  381  532  151  328  556  228
12 2001 153.0  6.6  5.4  1.2  18  62.1  735.4 424  395  554  159  336  577  241
13 2002 160.5  7.5  6.9  0.6   8  73.9  809.3 408  397  538  141  338  550  212
14 2003 167.1  6.6  4.8  1.8  27  67.9  877.2 439  400  541  141  357  588  231
15 2004 171.0  3.9  3.9  0.0   0  41.4  918.6 442  442    0    0  387  496  109
16 2005 180.6  9.6  9.0  0.6   6 106.0 1024.7 372  362  524  162  305  530  225
17 2006 189.9  9.3  6.0  3.3  35 108.2 1132.9 452  410  528  118  341  570  229
18 2007 198.0  8.1  6.3  1.8  22  98.7 1231.6 422  393  523  130  344  567  223
19 2008 205.2  7.2  6.0  1.2  16  91.2 1322.8 425  401  542  141  335  592  257
20 2009 211.2  6.0  5.4  0.6  10  78.5 1401.3 413  402  518  116  331  533  202
21 2010 217.2  6.0  4.2  1.8  30  80.8 1482.1 426  386  521  135  336  550  214
22 2011 225.6  8.4  7.8  0.6   7 116.9 1598.9 375  364  516  152  301  531  230
23 2012 235.5  9.9  7.5  2.4  24 143.4 1742.3 460  431  549  118  371  626  255
24 2013 240.9  5.4  4.2  1.2  22  80.8 1823.2 451  421  557  136  378  590  212
25 2014 247.8  6.9  6.3  0.6   8 105.9 1929.1 412  401  532  131  345  538  193
26 2015 253.2  5.4  3.6  1.8  33  85.0 2014.1 486  449  562  113  388  636  248
27 2016 259.2  6.0  2.7  3.3  55  96.6 2110.7 500  439  550  111  389  654  265

Core Length:  259.5 mm
Core Density: 413 kg/m3
Cross-sectional Density:  420 kg/m3
Early/Latewood Threshold: 500 kg/m3
Attenuation Constant: 3.16

ִִִִִִִִִִִִִִִִִִִִִִִִִִִִִִִִִִִִִִִִִִִִִִִִִִִִִִִִִִִִִִִִִִִִִִִִִִִִִִִ
Core : 22
ֲֲֲִִִִִִִִִִִִִִִִִִִִִִִִִִִִִִִִִִִִִִִִִִִִִִִִִִִִִִִִִִִִִִִִִִִִִִִִִִִִ
       ³Widths (mm)              ³ Areas    ³ Densities (kg/m3)
       ³                         ³ (cm‎)    ³
Ring   ³Outer Ring Erly Late   % ³Incr Total³Ring E/Wd L/Wd Unif  Min  Max  Rng
 # Year³ Rad.      Wood Wood  LW ³          ³mean mean mean
ֱֱֱִִִִִִִִִִִִִִִִִִִִִִִִִִִִִִִִִִִִִִִִִִִִִִִִִִִִִִִִִִִִִִִִִִִִִִִִִִִִ

 1 1989   3.0  3.0  3.0  0.0   0   0.3    0.3 424  424    0    0  335  497  162
 2 1990  10.2  7.2  6.9  0.3   4   3.0    3.3 396  390  527  137  359  527  168
 3 1991  24.3 14.1 13.8  0.3   2  15.3   18.6 346  343  502  159  277  502  225
 4 1992  40.5 16.2 15.9  0.3   1  33.0   51.5 345  342  507  165  290  507  217
 5 1993  59.1 18.6 18.6  0.0   0  58.2  109.7 359  359    0    0  312  470  158
 6 1994  77.4 18.3 18.3  0.0   0  78.5  188.2 327  327    0    0  274  477  203
 7 1995  88.8 11.4 10.2  1.2  10  59.5  247.7 377  356  554  198  290  591  301
 8 1996 102.6 13.8 11.4  2.4  17  83.0  330.7 407  376  555  179  321  630  309
 9 1997 121.5 18.9 17.4  1.5   7 133.1  463.8 376  357  590  233  299  610  311
10 1998 136.2 14.7 12.9  1.8  12 119.0  582.8 426  399  614  215  347  660  313
11 1999 145.2  9.0  8.1  0.9  10  79.6  662.3 435  418  592  174  346  623  277
12 2000 157.8 12.6 11.4  1.2   9 119.9  782.3 380  360  571  211  309  625  316
13 2001 167.1  9.3  7.5  1.8  19  94.9  877.2 399  358  571  213  296  657  361
14 2002 177.6 10.5  8.7  1.8  17 113.7  990.9 402  369  563  194  320  616  296
15 2003 186.6  9.0  6.9  2.1  23 103.0 1093.9 447  401  601  200  354  696  342
16 2004 192.6  6.0  4.2  1.8  30  71.5 1165.4 472  436  558  122  399  635  236
17 2005 203.1 10.5  8.7  1.8  17 130.5 1295.9 409  373  581  208  325  632  307
18 2006 209.1  6.0  4.2  1.8  30  77.7 1373.6 481  421  621  200  379  641  262
19 2007 217.5  8.4  6.3  2.1  24 112.6 1486.2 457  416  580  164  378  676  298
20 2008 226.5  9.0  5.7  3.3  36 125.5 1611.7 455  393  562  169  349  624  275
21 2009 236.7 10.2  9.6  0.6   5 148.4 1760.1 399  389  556  167  315  566  251
22 2010 245.1  8.4  6.0  2.4  28 127.1 1887.3 429  381  550  169  349  619  270
23 2011 254.7  9.6  8.7  0.9   9 150.7 2038.0 401  384  562  178  321  581  260
24 2012 264.9 10.2  8.7  1.5  14 166.5 2204.5 454  435  562  127  358  632  274
25 2013 271.8  6.9  4.5  2.4  34 116.3 2320.9 439  381  548  167  349  610  261
26 2014 280.2  8.4  7.2  1.2  14 145.7 2466.5 419  395  562  167  323  589  266
27 2015 286.2  6.0  3.9  2.1  35 106.8 2573.3 475  418  582  164  353  636  283
28 2016 291.6  5.4  4.5  0.9  16  98.0 2671.3 438  415  555  140  357  606  249

Core Length:  291.6 mm
Core Density: 413 kg/m3
Cross-sectional Density:  419 kg/m3
Early/Latewood Threshold: 500 kg/m3
Attenuation Constant: 3.16

ִִִִִִִִִִִִִִִִִִִִִִִִִִִִִִִִִִִִִִִִִִִִִִִִִִִִִִִִִִִִִִִִִִִִִִִִִִִִִִִ
Core : 25
ֲֲֲִִִִִִִִִִִִִִִִִִִִִִִִִִִִִִִִִִִִִִִִִִִִִִִִִִִִִִִִִִִִִִִִִִִִִִִִִִִִ
       ³Widths (mm)              ³ Areas    ³ Densities (kg/m3)
       ³                         ³ (cm‎)    ³
Ring   ³Outer Ring Erly Late   % ³Incr Total³Ring E/Wd L/Wd Unif  Min  Max  Rng
 # Year³ Rad.      Wood Wood  LW ³          ³mean mean mean
ֱֱֱִִִִִִִִִִִִִִִִִִִִִִִִִִִִִִִִִִִִִִִִִִִִִִִִִִִִִִִִִִִִִִִִִִִִִִִִִִִִ

 6 1995  26.8 26.8 13.2  3.6  13  22.6   22.6 456  435  534   99  324  587  263
 7 1996  43.9 17.1 15.3  1.8  10  38.0   60.5 433  419  555  136  350  627  277
 8 1997  60.1 16.2 13.8  2.4  14  52.9  113.5 393  362  569  207  295  633  338
 9 1998  76.9 16.8 13.2  3.6  21  72.3  185.8 434  397  570  173  360  634  274
10 1999  89.2 12.3 10.5  1.8  14  64.2  250.0 454  435  563  128  336  622  286
11 2000 103.0 13.8 11.7  2.1  15  83.3  333.3 407  375  583  208  312  634  322
12 2001 117.7 14.7 11.4  3.3  22 101.9  435.2 408  366  556  190  304  588  284
13 2002 135.1 17.4 14.1  3.3  18 138.2  573.4 401  369  541  172  306  566  260
14 2003 154.9 19.8 13.2  6.6  33 180.4  753.8 463  406  577  171  338  645  307
15 2004 170.5 15.6  8.4  7.2  46 159.5  913.3 503  457  557  100  411  621  210
16 2005 189.4 18.9 16.2  2.7  14 213.7 1127.0 425  401  571  170  338  625  287
17 2006 207.7 18.3 12.6  5.7  31 228.3 1355.3 452  406  552  146  353  617  264
18 2007 223.3 15.6 13.2  2.4  15 211.2 1566.5 432  403  589  186  336  629  293
19 2008 239.2 15.9 13.8  2.1  13 231.0 1797.5 435  415  561  146  339  634  295
20 2009 254.5 15.3 14.1  1.2   7 237.3 2034.8 385  371  549  178  311  571  260
21 2010 266.8 12.3 11.4  0.9   7 201.4 2236.3 395  380  586  206  322  630  308
22 2011 280.0 13.2 12.0  1.2   9 226.8 2463.0 375  356  570  214  287  604  317
23 2012 292.3 12.3 10.5  1.8  14 221.1 2684.2 415  387  576  189  316  636  320
24 2013 301.3  9.0  7.2  1.8  20 167.8 2852.0 421  390  545  155  354  588  234
25 2014 312.7 11.4  9.9  1.5  13 219.9 3071.9 393  367  561  194  330  618  288
26 2015 321.1  8.4  6.3  2.1  25 167.3 3239.1 438  395  566  171  352  656  304
27 2016 328.6  7.5  6.6  0.9  12 153.1 3392.2 417  394  584  190  341  603  262

Core Length:  318.9 mm
Core Density: 424 kg/m3
Cross-sectional Density:  421 kg/m3
Early/Latewood Threshold: 500 kg/m3
Attenuation Constant: 3.16

ִִִִִִִִִִִִִִִִִִִִִִִִִִִִִִִִִִִִִִִִִִִִִִִִִִִִִִִִִִִִִִִִִִִִִִִִִִִִִִִ
Core : 32
ֲֲֲִִִִִִִִִִִִִִִִִִִִִִִִִִִִִִִִִִִִִִִִִִִִִִִִִִִִִִִִִִִִִִִִִִִִִִִִִִִִ
       ³Widths (mm)              ³ Areas    ³ Densities (kg/m3)
       ³                         ³ (cm‎)    ³
Ring   ³Outer Ring Erly Late   % ³Incr Total³Ring E/Wd L/Wd Unif  Min  Max  Rng
 # Year³ Rad.      Wood Wood  LW ³          ³mean mean mean
ֱֱֱִִִִִִִִִִִִִִִִִִִִִִִִִִִִִִִִִִִִִִִִִִִִִִִִִִִִִִִִִִִִִִִִִִִִִִִִִִִִ

 3 1991  10.4 10.4  8.4  0.0   0   3.4    3.4 346  346    0    0  294  479  185
 4 1992  24.2 13.8 12.6  1.2   8  15.0   18.4 350  334  517  183  287  538  251
 5 1993  40.1 15.9 15.9  0.0   0  32.1   50.5 351  351    0    0  291  454  163
 6 1994  54.2 14.1 14.1  0.0   0  41.8   92.3 320  320    0    0  276  418  142
 7 1995  69.5 15.3 14.4  0.9   5  59.5  151.7 364  354  524  170  247  544  297
 8 1996  90.2 20.7 19.8  0.9   4 103.9  255.6 399  393  535  142  328  556  228
 9 1997 111.2 21.0 20.7  0.3   1 132.9  388.5 365  363  538  175  317  538  221
10 1998 128.9 17.7 16.2  1.5   8 133.5  522.0 379  367  516  149  316  529  213
11 1999 144.2 15.3 14.4  0.9   5 131.3  653.3 379  370  521  151  308  529  221
12 2000 159.2 15.0 14.4  0.6   4 143.0  796.2 346  339  532  193  267  546  279
13 2001 172.1 12.9 11.4  1.5  11 134.3  930.5 362  340  525  185  284  543  259
14 2002 183.5 11.4 11.1  0.3   2 127.4 1057.8 344  340  507  167  271  507  236
15 2003 197.6 14.1 13.2  0.9   6 168.8 1226.7 369  357  544  187  288  553  265
16 2004 206.9  9.3  9.0  0.3   3 118.2 1344.8 398  394  513  119  313  513  200
17 2005 221.0 14.1 13.5  0.6   4 189.5 1534.4 340  332  508  176  267  513  246
18 2006 232.4 11.4  9.6  1.8  15 162.4 1696.8 395  370  529  159  306  545  239
19 2007 243.5 11.1 10.2  0.9   8 166.0 1862.7 376  362  541  179  295  585  290
20 2008 252.8  9.3  7.8  1.5  16 145.0 2007.7 402  374  547  173  307  596  289
21 2009 261.8  9.0  9.0  0.0   0 145.5 2153.2 360  360    0    0  295  485  190
22 2010 269.3  7.5  6.6  0.9  12 125.1 2278.4 368  348  520  172  288  553  265
23 2011 276.8  7.5  7.2  0.3   4 128.7 2407.0 358  352  502  150  282  502  220
24 2012 284.3  7.5  6.3  1.2  16 132.2 2539.2 412  385  554  169  293  578  285
25 2013 290.0  5.7  5.4  0.3   5 102.8 2642.1 371  363  526  163  289  526  237
26 2014 296.0  6.0  5.7  0.3   5 110.5 2752.5 353  344  535  191  283  535  252
27 2015 301.1  5.1  3.6  1.5  29  95.7 2848.2 412  358  542  184  280  568  288
28 2016 306.8  5.7  4.8  0.9  15 108.9 2957.1 392  362  555  193  293  639  346

Core Length:  305.4 mm
Core Density: 369 kg/m3
Cross-sectional Density:  372 kg/m3
Early/Latewood Threshold: 500 kg/m3
Attenuation Constant: 3.16

ִִִִִִִִִִִִִִִִִִִִִִִִִִִִִִִִִִִִִִִִִִִִִִִִִִִִִִִִִִִִִִִִִִִִִִִִִִִִִִִ
Core : 34
ֲֲֲִִִִִִִִִִִִִִִִִִִִִִִִִִִִִִִִִִִִִִִִִִִִִִִִִִִִִִִִִִִִִִִִִִִִִִִִִִִִ
       ³Widths (mm)              ³ Areas    ³ Densities (kg/m3)
       ³                         ³ (cm‎)    ³
Ring   ³Outer Ring Erly Late   % ³Incr Total³Ring E/Wd L/Wd Unif  Min  Max  Rng
 # Year³ Rad.      Wood Wood  LW ³          ³mean mean mean
ֱֱֱִִִִִִִִִִִִִִִִִִִִִִִִִִִִִִִִִִִִִִִִִִִִִִִִִִִִִִִִִִִִִִִִִִִִִִִִִִִִ

 3 1991  10.0 10.0  6.0  0.0   0   3.1    3.1 354  354    0    0  281  469  188
 4 1992  26.5 16.5 16.2  0.3   1  18.9   22.1 331  328  517  189  264  517  253
 5 1993  43.6 17.1 16.5  0.6   3  37.7   59.7 356  351  511  160  311  517  206
 6 1994  62.2 18.6 18.0  0.6   3  61.8  121.5 338  331  539  208  286  561  275
 7 1995  80.8 18.6 17.4  1.2   6  83.6  205.1 346  332  536  204  266  581  315
 8 1996  96.7 15.9 13.8  2.1  13  88.7  293.8 388  365  546  181  306  585  279
 9 1997 117.1 20.4 16.2  4.2  20 137.0  430.8 426  391  562  171  340  621  281
10 1998 134.5 17.4 11.4  6.0  34 137.5  568.3 494  457  565  108  406  674  268
11 1999 148.0 13.5  8.1  5.4  40 119.8  688.1 491  456  544   88  395  628  233
12 2000 162.7 14.7 11.7  3.0  20 143.5  831.6 452  420  575  155  359  653  294
13 2001 174.7 12.0  8.4  3.6  30 127.2  958.8 456  406  575  169  347  641  294
14 2002 187.3 12.6 10.2  2.4  19 143.3 1102.1 440  413  557  144  350  608  258
15 2003 197.2  9.9  6.9  3.0  30 119.6 1221.7 466  421  571  150  362  626  264
16 2004 205.0  7.8  3.3  4.5  57  98.6 1320.3 509  439  561  122  366  625  259
17 2005 218.2 13.2 12.0  1.2   9 175.5 1495.8 403  386  567  181  318  605  287
18 2006 227.8  9.6  6.3  3.3  34 134.5 1630.3 479  425  583  158  365  620  255
19 2007 238.3 10.5  8.4  2.1  20 153.8 1784.0 463  433  582  149  372  647  275
20 2008 247.6  9.3  6.6  2.7  29 142.0 1926.0 463  422  564  142  349  621  272
21 2009 256.6  9.0  5.4  3.6  40 142.6 2068.5 473  431  538  107  371  611  240
22 2010 265.3  8.7  6.0  2.7  31 142.6 2211.2 459  422  541  119  365  608  243
23 2011 276.1 10.8  9.0  1.8  16 183.7 2394.9 440  412  580  168  335  633  298
24 2012 286.6 10.5  5.4  5.1  48 185.6 2580.5 482  413  556  143  381  648  267
25 2013 295.0  8.4  5.1  3.3  39 153.5 2734.0 490  431  580  149  370  639  269
26 2014 303.1  8.1  6.9  1.2  14 152.2 2886.2 444  427  547  120  372  568  196
27 2015 308.2  5.1  3.0  2.1  41  97.9 2984.1 491  427  582  155  372  646  274
28 2016 313.0  4.8  3.0  1.8  37  93.7 3077.8 487  436  573  137  379  672  293

Core Length:  309.3 mm
Core Density: 439 kg/m3
Cross-sectional Density:  452 kg/m3
Early/Latewood Threshold: 500 kg/m3
Attenuation Constant: 3.16

ִִִִִִִִִִִִִִִִִִִִִִִִִִִִִִִִִִִִִִִִִִִִִִִִִִִִִִִִִִִִִִִִִִִִִִִִִִִִִִִ
Core : 38
ֲֲֲִִִִִִִִִִִִִִִִִִִִִִִִִִִִִִִִִִִִִִִִִִִִִִִִִִִִִִִִִִִִִִִִִִִִִִִִִִִִ
       ³Widths (mm)              ³ Areas    ³ Densities (kg/m3)
       ³                         ³ (cm‎)    ³
Ring   ³Outer Ring Erly Late   % ³Incr Total³Ring E/Wd L/Wd Unif  Min  Max  Rng
 # Year³ Rad.      Wood Wood  LW ³          ³mean mean mean
ֱֱֱִִִִִִִִִִִִִִִִִִִִִִִִִִִִִִִִִִִִִִִִִִִִִִִִִִִִִִִִִִִִִִִִִִִִִִִִִִִִ

 5 1994  22.3 22.3 21.3  0.0   0  15.6   15.6 312  312    0    0  259  423  164
 6 1995  43.6 21.3 21.3  0.0   0  44.1   59.7 325  325    0    0  272  499  227
 7 1996  67.9 24.3 24.3  0.0   0  85.1  144.8 335  335    0    0  288  482  194
 8 1997  93.7 25.8 25.8  0.0   0 131.0  275.8 316  316    0    0  247  490  243
 9 1998 120.1 26.4 26.4  0.0   0 177.3  453.1 329  329    0    0  268  460  192
10 1999 143.5 23.4 22.5  0.9   3 193.8  646.9 359  353  508  155  284  517  233
11 2000 164.5 21.0 21.0  0.0   0 203.2  850.1 323  323    0    0  268  491  223
12 2001 179.2 14.7 14.7  0.0   0 158.7 1008.8 365  365    0    0  302  481  179
13 2002 193.3 14.1 14.1  0.0   0 165.0 1173.9 347  347    0    0  284  483  199
14 2003 202.6  9.3  8.7  0.6   6 115.7 1289.5 373  361  543  182  308  554  246
15 2004 211.6  9.0  9.0  0.0   0 117.1 1406.6 379  379    0    0  299  478  179
16 2005 224.5 12.9 12.3  0.6   4 176.7 1583.4 324  315  515  200  259  522  263
17 2006 236.5 12.0 12.0  0.0   0 173.8 1757.2 376  376    0    0  300  486  186
18 2007 250.0 13.5 12.6  0.9   6 206.3 1963.5 371  359  540  181  316  561  245
19 2008 265.0 15.0 15.0  0.0   0 242.7 2206.2 358  358    0    0  304  467  163
20 2009 277.3 12.3 12.3  0.0   0 209.6 2415.7 353  353    0    0  305  446  141
21 2010 288.1 10.8 10.2  0.6   5 191.8 2607.6 360  351  518  167  302  536  234
22 2011 298.9 10.8 10.8  0.0   0 199.2 2806.7 325  325    0    0  281  465  184
23 2012 310.0 11.1 11.1  0.0   0 212.3 3019.1 348  348    0    0  297  494  197
24 2013 317.2  7.2  6.6  0.6   8 141.9 3160.9 369  353  551  198  298  585  287
25 2014 327.7 10.5 10.2  0.3   2 212.7 3373.7 334  329  507  178  292  507  215
26 2015 334.6  6.9  6.6  0.3   4 143.6 3517.2 376  370  516  146  296  516  220
27 2016 342.7  8.1  7.2  0.9  11 172.4 3689.6 396  373  580  207  286  609  323

Core Length:  342.3 mm
Core Density: 350 kg/m3
Cross-sectional Density:  351 kg/m3
Early/Latewood Threshold: 500 kg/m3
Attenuation Constant: 3.16

