File : C:\DENSITOM\OTAGOC~1\OCST30.DAT
Cores :
2
6
12
14
16
20
23
26
32
37
41
46

ִִִִִִִִִִִִִִִִִִִִִִִִִִִִִִִִִִִִִִִִִִִִִִִִִִִִִִִִִִִִִִִִִִִִִִִִִִִִִִִ
Core : 2
ֲֲֲִִִִִִִִִִִִִִִִִִִִִִִִִִִִִִִִִִִִִִִִִִִִִִִִִִִִִִִִִִִִִִִִִִִִִִִִִִִִ
       ³Widths (mm)              ³ Areas    ³ Densities (kg/m3)
       ³                         ³ (cm‎)    ³
Ring   ³Outer Ring Erly Late   % ³Incr Total³Ring E/Wd L/Wd Unif  Min  Max  Rng
 # Year³ Rad.      Wood Wood  LW ³          ³mean mean mean
ֱֱֱִִִִִִִִִִִִִִִִִִִִִִִִִִִִִִִִִִִִִִִִִִִִִִִִִִִִִִִִִִִִִִִִִִִִִִִִִִִִ

 2 1990  17.7 17.7 14.7  0.0   0   9.8    9.8 302  302    0    0  254  425  171
 3 1991  33.3 15.6 15.6  0.0   0  25.0   34.8 297  297    0    0  243  432  189
 4 1992  51.3 18.0 18.0  0.0   0  47.8   82.7 295  295    0    0  256  417  161
 5 1993  71.1 19.8 19.8  0.0   0  76.1  158.8 310  310    0    0  225  410  185
 6 1994  89.7 18.6 18.6  0.0   0  94.0  252.8 294  294    0    0  237  447  210
 7 1995  99.3  9.6  9.0  0.6   6  57.0  309.8 356  342  558  216  294  559  265
 8 1996 110.4 11.1 10.8  0.3   2  73.1  382.9 316  311  510  199  249  510  261
 9 1997 126.3 15.9 15.9  0.0   0 118.2  501.1 291  291    0    0  242  439  197
10 1998 138.3 12.0 12.0  0.0   0  99.8  600.9 335  335    0    0  282  499  217
11 1999 147.9  9.6  9.6  0.0   0  86.3  687.2 358  358    0    0  302  466  164
12 2000 157.8  9.9  9.9  0.0   0  95.1  782.3 310  310    0    0  265  492  227
13 2001 163.8  6.0  6.0  0.0   0  60.6  842.9 336  336    0    0  278  491  213
14 2002 171.0  7.2  7.2  0.0   0  75.7  918.6 331  331    0    0  258  458  200
15 2003 177.6  6.6  6.6  0.0   0  72.3  990.9 354  354    0    0  296  497  201
16 2004 181.8  4.2  3.9  0.3   7  47.4 1038.3 404  395  532  137  308  532  224
17 2005 189.6  7.8  7.2  0.6   7  91.0 1129.3 336  317  559  242  259  572  313
18 2006 197.4  7.8  6.9  0.9  11  94.8 1224.2 386  368  530  162  318  539  221
19 2007 204.9  7.5  6.6  0.9  12  94.8 1319.0 366  341  554  213  278  590  312
20 2008 210.6  5.7  5.4  0.3   5  74.4 1393.4 349  339  524  185  279  524  245
21 2009 216.0  5.4  5.1  0.3   5  72.4 1465.7 352  341  541  200  273  541  268
22 2010 222.0  6.0  5.4  0.6  10  82.6 1548.3 377  360  535  175  312  536  224
23 2011 229.5  7.5  6.9  0.6   8 106.4 1654.7 348  333  523  190  261  541  280
24 2012 238.8  9.3  9.0  0.3   3 136.8 1791.5 364  358  558  200  304  558  254
25 2013 243.6  4.8  4.5  0.3   6  72.7 1864.3 373  364  511  147  292  511  219
26 2014 249.3  5.7  5.4  0.3   5  88.3 1952.5 372  363  524  161  317  524  207
27 2015 252.6  3.3  2.7  0.6  18  52.0 2004.5 435  412  539  127  357  570  213
28 2016 256.8  4.2  3.9  0.3   7  67.2 2071.8 372  361  527  166  311  527  216

Core Length:  254.1 mm
Core Density: 345 kg/m3
Cross-sectional Density:  345 kg/m3
Early/Latewood Threshold: 500 kg/m3
Attenuation Constant: 3.16

ִִִִִִִִִִִִִִִִִִִִִִִִִִִִִִִִִִִִִִִִִִִִִִִִִִִִִִִִִִִִִִִִִִִִִִִִִִִִִִִ
Core : 6
ֲֲֲִִִִִִִִִִִִִִִִִִִִִִִִִִִִִִִִִִִִִִִִִִִִִִִִִִִִִִִִִִִִִִִִִִִִִִִִִִִִ
       ³Widths (mm)              ³ Areas    ³ Densities (kg/m3)
       ³                         ³ (cm‎)    ³
Ring   ³Outer Ring Erly Late   % ³Incr Total³Ring E/Wd L/Wd Unif  Min  Max  Rng
 # Year³ Rad.      Wood Wood  LW ³          ³mean mean mean
ֱֱֱִִִִִִִִִִִִִִִִִִִִִִִִִִִִִִִִִִִִִִִִִִִִִִִִִִִִִִִִִִִִִִִִִִִִִִִִִִִִ

 1 1990   2.4  2.4  2.4  0.0   0   0.2    0.2 384  384    0    0  312  454  142
 2 1991   9.3  6.9  6.9  0.0   0   2.5    2.7 355  355    0    0  282  446  164
 3 1992  18.9  9.6  9.6  0.0   0   8.5   11.2 321  321    0    0  268  418  150
 4 1993  30.0 11.1 10.8  0.3   2  17.1   28.3 330  326  502  176  263  502  239
 5 1994  44.1 14.1 14.1  0.0   0  32.8   61.1 300  300    0    0  230  485  255
 6 1995  58.8 14.7 14.1  0.6   4  47.5  108.6 351  341  575  234  260  592  332
 7 1996  71.1 12.3 11.4  0.9   7  50.2  158.8 331  316  528  212  275  539  264
 8 1997  84.6 13.5 12.9  0.6   4  66.0  224.8 334  324  542  218  266  562  296
 9 1998  96.0 11.4 10.5  0.9   7  64.7  289.5 357  340  551  211  308  615  307
10 1999 105.9  9.9  9.0  0.9   9  62.8  352.3 396  381  549  168  285  602  317
11 2000 117.0 11.1 10.2  0.9   8  77.7  430.1 344  327  537  210  257  561  304
12 2001 126.6  9.6  8.7  0.9   9  73.5  503.5 370  350  562  212  291  601  310
13 2002 135.6  9.0  8.4  0.6   6  74.1  577.7 350  337  534  197  280  551  271
14 2003 143.7  8.1  7.5  0.6   7  71.1  648.7 372  357  559  202  294  588  294
15 2004 150.9  7.2  5.7  1.5  20  66.6  715.4 441  418  528  110  342  552  210
16 2005 162.3 11.4 10.8  0.6   5 112.2  827.5 389  382  525  143  301  549  248
17 2006 174.6 12.3  9.0  3.3  26 130.2  957.7 440  402  543  141  337  582  245
18 2007 186.6 12.0 10.2  1.8  15 136.2 1093.9 453  431  575  144  377  639  262
19 2008 196.8 10.2  5.7  4.5  44 122.9 1216.7 470  412  544  132  358  667  309
20 2009 204.6  7.8  6.3  1.5  19  98.4 1315.1 428  403  535  132  343  604  261
21 2010 211.5  6.9  6.0  0.9  13  90.2 1405.3 408  389  532  143  336  577  241
22 2011 222.0 10.5 10.2  0.3   2 143.0 1548.3 356  351  524  173  273  524  251
23 2012 230.7  8.7  7.5  1.2  13 123.7 1672.0 390  368  530  162  302  552  250
24 2013 236.7  6.0  5.1  0.9  15  88.1 1760.1 382  357  526  169  296  563  267
25 2014 244.8  8.1  6.9  1.2  14 122.5 1882.7 387  363  527  164  297  544  247
26 2015 251.1  6.3  5.1  1.2  19  98.1 1980.8 429  405  533  128  349  602  253
27 2016 256.8  5.7  5.1  0.6  10  91.0 2071.8 394  376  542  166  301  562  261

Core Length:  256.8 mm
Core Density: 380 kg/m3
Cross-sectional Density:  393 kg/m3
Early/Latewood Threshold: 500 kg/m3
Attenuation Constant: 3.16

ִִִִִִִִִִִִִִִִִִִִִִִִִִִִִִִִִִִִִִִִִִִִִִִִִִִִִִִִִִִִִִִִִִִִִִִִִִִִִִִ
Core : 12
ֲֲֲִִִִִִִִִִִִִִִִִִִִִִִִִִִִִִִִִִִִִִִִִִִִִִִִִִִִִִִִִִִִִִִִִִִִִִִִִִִִ
       ³Widths (mm)              ³ Areas    ³ Densities (kg/m3)
       ³                         ³ (cm‎)    ³
Ring   ³Outer Ring Erly Late   % ³Incr Total³Ring E/Wd L/Wd Unif  Min  Max  Rng
 # Year³ Rad.      Wood Wood  LW ³          ³mean mean mean
ֱֱֱִִִִִִִִִִִִִִִִִִִִִִִִִִִִִִִִִִִִִִִִִִִִִִִִִִִִִִִִִִִִִִִִִִִִִִִִִִִִ

 1 1989   2.4  2.4  2.4  0.0   0   0.2    0.2 363  363    0    0  272  435  163
 2 1990   6.0  3.6  3.6  0.0   0   1.0    1.1 360  360    0    0  294  492  198
 3 1991  17.7 11.7 11.7  0.0   0   8.7    9.8 328  328    0    0  274  497  223
 4 1992  32.4 14.7 14.4  0.3   2  23.1   33.0 335  332  504  172  287  504  217
 5 1993  48.0 15.6 15.6  0.0   0  39.4   72.4 352  352    0    0  301  490  189
 6 1994  65.7 17.7 17.7  0.0   0  63.2  135.6 345  345    0    0  291  473  182
 7 1995  79.5 13.8 12.6  1.2   8  62.9  198.6 390  375  554  179  312  571  259
 8 1996  94.2 14.7 12.6  2.1  14  80.2  278.8 381  356  533  177  297  580  283
 9 1997 110.7 16.5 15.3  1.2   7 106.2  385.0 368  354  537  183  300  553  253
10 1998 120.6  9.9  9.3  0.6   6  71.9  456.9 402  392  559  167  347  606  259
11 1999 130.8 10.2  9.0  1.2  11  80.6  537.5 432  415  560  145  341  635  294
12 2000 141.6 10.8  9.9  0.9   8  92.4  629.9 386  370  558  188  298  617  319
13 2001 147.6  6.0  5.1  0.9  15  54.5  684.4 415  387  576  189  338  652  314
14 2002 153.9  6.3  5.1  1.2  19  59.7  744.1 413  379  557  178  317  579  262
15 2003 160.5  6.6  4.2  2.4  36  65.2  809.3 492  430  600  170  391  691  300
16 2004 166.8  6.3  3.6  2.7  42  64.8  874.1 503  462  557   95  424  654  230
17 2005 181.5 14.7 13.2  1.5  10 160.8 1034.9 399  379  578  199  319  612  293
18 2006 192.9 11.4  8.1  3.3  28 134.1 1169.0 439  395  546  151  325  607  282
19 2007 201.9  9.0  7.8  1.2  13 111.6 1280.6 420  398  561  163  335  600  265
20 2008 210.3  8.4  6.6  1.8  21 108.8 1389.4 433  402  548  146  337  632  295
21 2009 218.1  7.8  7.2  0.6   7 105.0 1494.4 422  408  590  182  338  634  296
22 2010 225.3  7.2  5.7  1.5  20 100.3 1594.7 430  395  561  166  347  611  264
23 2011 235.8 10.5  9.6  0.9   8 152.1 1746.8 376  360  549  189  310  574  264
24 2012 245.1  9.3  7.8  1.5  16 140.5 1887.3 431  401  585  184  362  641  279
25 2013 250.5  5.4  4.8  0.6  11  84.1 1971.4 425  407  576  169  359  607  248
26 2014 258.0  7.5  6.6  0.9  12 119.8 2091.2 428  412  544  132  360  562  202
27 2015 263.7  5.7  3.3  2.4  42  93.4 2184.6 497  444  569  125  390  664  274
28 2016 269.1  5.4  4.8  0.6  11  90.4 2275.0 443  421  622  201  371  664  293

Core Length:  269.1 mm
Core Density: 407 kg/m3
Cross-sectional Density:  416 kg/m3
Early/Latewood Threshold: 500 kg/m3
Attenuation Constant: 3.16

ִִִִִִִִִִִִִִִִִִִִִִִִִִִִִִִִִִִִִִִִִִִִִִִִִִִִִִִִִִִִִִִִִִִִִִִִִִִִִִִ
Core : 14
ֲֲֲִִִִִִִִִִִִִִִִִִִִִִִִִִִִִִִִִִִִִִִִִִִִִִִִִִִִִִִִִִִִִִִִִִִִִִִִִִִִ
       ³Widths (mm)              ³ Areas    ³ Densities (kg/m3)
       ³                         ³ (cm‎)    ³
Ring   ³Outer Ring Erly Late   % ³Incr Total³Ring E/Wd L/Wd Unif  Min  Max  Rng
 # Year³ Rad.      Wood Wood  LW ³          ³mean mean mean
ֱֱֱִִִִִִִִִִִִִִִִִִִִִִִִִִִִִִִִִִִִִִִִִִִִִִִִִִִִִִִִִִִִִִִִִִִִִִִִִִִִ

 3 1991  17.1 17.1 17.1  0.0   0   9.2    9.2 327  327    0    0  265  462  197
 4 1992  39.0 21.9 21.6  0.3   1  38.6   47.8 369  367  503  136  299  503  204
 5 1993  61.5 22.5 22.5  0.0   0  71.0  118.8 377  377    0    0  311  473  162
 6 1994  81.9 20.4 20.1  0.3   1  91.9  210.7 362  360  508  148  291  508  217
 7 1995  97.8 15.9 15.0  0.9   5  89.8  300.5 390  381  547  166  320  582  262
 8 1996 112.8 15.0 12.6  2.4  16  99.2  399.7 385  356  537  181  312  568  256
 9 1997 132.3 19.5 17.4  2.1  10 150.2  549.9 385  368  526  158  318  540  222
10 1998 144.6 12.3 10.8  1.5  12 107.0  656.9 446  432  548  116  393  587  194
11 1999 150.9  6.3  6.0  0.3   4  58.5  715.4 456  454  505   51  409  505   96
12 2000 158.4  7.5  6.3  1.2  16  72.9  788.2 413  390  534  144  352  560  208
13 2001 163.5  5.1  5.1  0.0   0  51.6  839.8 409  409    0    0  348  491  143
14 2002 168.9  5.4  4.8  0.6  11  56.4  896.2 408  390  554  164  335  574  239
15 2003 174.6  5.7  4.5  1.2  21  61.5  957.7 438  409  545  136  354  573  219
16 2004 178.5  3.9  3.3  0.6  15  43.3 1001.0 450  437  521   84  397  531  134
17 2005 189.0 10.5  9.6  0.9   8 121.2 1122.2 401  388  545  157  336  562  226
18 2006 197.7  8.7  6.3  2.4  27 105.7 1227.9 437  404  522  118  379  545  166
19 2007 206.1  8.4  7.5  0.9  10 106.6 1334.5 422  410  518  108  366  530  164
20 2008 213.3  7.2  6.9  0.3   4  94.9 1429.3 421  416  523  107  341  523  182
21 2009 220.5  7.2  6.9  0.3   4  98.1 1527.5 418  414  510   96  348  510  162
22 2010 226.8  6.3  5.4  0.9  14  88.5 1616.0 439  423  537  114  349  560  211
23 2011 235.5  8.7  8.1  0.6   6 126.4 1742.3 385  375  518  143  312  522  210
24 2012 242.7  7.2  6.3  0.9  12 108.2 1850.5 454  444  523   79  392  548  156
25 2013 247.2  4.5  3.9  0.6  13  69.3 1919.8 435  417  547  130  391  569  178
26 2014 252.9  5.7  5.1  0.6  10  89.6 2009.3 435  425  520   95  370  521  151
27 2015 256.5  3.6  2.4  1.2  33  57.6 2066.9 476  446  536   90  413  543  130
28 2016 259.2  2.7  2.7  0.0   0  43.7 2110.7 432  432    0    0  363  492  129

Core Length:  259.2 mm
Core Density: 414 kg/m3
Cross-sectional Density:  415 kg/m3
Early/Latewood Threshold: 500 kg/m3
Attenuation Constant: 3.16

ִִִִִִִִִִִִִִִִִִִִִִִִִִִִִִִִִִִִִִִִִִִִִִִִִִִִִִִִִִִִִִִִִִִִִִִִִִִִִִִ
Core : 16
ֲֲֲִִִִִִִִִִִִִִִִִִִִִִִִִִִִִִִִִִִִִִִִִִִִִִִִִִִִִִִִִִִִִִִִִִִִִִִִִִִִ
       ³Widths (mm)              ³ Areas    ³ Densities (kg/m3)
       ³                         ³ (cm‎)    ³
Ring   ³Outer Ring Erly Late   % ³Incr Total³Ring E/Wd L/Wd Unif  Min  Max  Rng
 # Year³ Rad.      Wood Wood  LW ³          ³mean mean mean
ֱֱֱִִִִִִִִִִִִִִִִִִִִִִִִִִִִִִִִִִִִִִִִִִִִִִִִִִִִִִִִִִִִִִִִִִִִִִִִִִִִ

 2 1991   3.9  3.9  3.9  0.0   0   0.5    0.5 362  362    0    0  329  409   80
 3 1992  15.9 12.0 12.0  0.0   0   7.5    7.9 318  318    0    0  259  447  188
 4 1993  30.9 15.0 15.0  0.0   0  22.1   30.0 355  355    0    0  283  490  207
 5 1994  48.0 17.1 17.1  0.0   0  42.4   72.4 347  347    0    0  282  459  177
 6 1995  70.5 22.5 21.6  0.9   4  83.8  156.1 356  349  527  178  273  540  267
 7 1996  87.3 16.8 16.5  0.3   1  83.3  239.4 353  350  513  163  285  513  228
 8 1997 105.6 18.3 18.0  0.3   1 110.9  350.3 319  316  522  206  261  522  261
 9 1998 118.5 12.9 12.0  0.9   6  90.8  441.2 377  365  534  169  326  556  230
10 1999 126.3  7.8  7.5  0.3   3  60.0  501.1 400  395  509  114  358  509  151
11 2000 135.3  9.0  9.0  0.0   0  74.0  575.1 352  352    0    0  291  499  208
12 2001 141.9  6.6  6.0  0.6   9  57.5  632.6 371  355  540  185  295  563  268
13 2002 147.9  6.0  5.7  0.3   5  54.6  687.2 358  348  543  195  298  543  245
14 2003 153.3  5.4  4.8  0.6  11  51.1  738.3 392  374  536  162  303  552  249
15 2004 157.5  4.2  3.6  0.6  14  41.0  779.3 436  421  528  107  315  535  220
16 2005 169.2 11.7 11.1  0.6   5 120.1  899.4 352  342  542  200  281  560  279
17 2006 180.3 11.1  9.0  2.1  18 121.9 1021.3 408  379  531  152  324  573  249
18 2007 190.8 10.5  9.6  0.9   8 122.4 1143.7 393  378  551  173  308  592  284
19 2008 199.2  8.4  7.5  0.9  10 102.9 1246.6 396  379  541  162  305  576  271
20 2009 206.7  7.5  7.2  0.3   4  95.6 1342.2 392  386  548  162  318  548  230
21 2010 214.5  7.8  7.2  0.6   7 103.2 1445.5 397  387  523  136  308  544  236
22 2011 223.2  8.7  8.4  0.3   3 119.6 1565.1 354  348  518  170  284  518  234
23 2012 230.1  6.9  6.0  0.9  13  98.3 1663.3 410  390  542  152  322  567  245
24 2013 234.6  4.5  3.9  0.6  13  65.7 1729.0 398  375  548  173  323  563  240
25 2014 240.9  6.3  5.7  0.6   9  94.1 1823.2 384  370  523  153  302  547  245
26 2015 245.1  4.2  2.7  1.5  35  64.1 1887.3 455  406  542  136  336  583  247
27 2016 248.4  3.3  2.7  0.6  18  51.2 1938.4 416  395  511  116  330  521  191

Core Length:  248.4 mm
Core Density: 378 kg/m3
Cross-sectional Density:  380 kg/m3
Early/Latewood Threshold: 500 kg/m3
Attenuation Constant: 3.16

ִִִִִִִִִִִִִִִִִִִִִִִִִִִִִִִִִִִִִִִִִִִִִִִִִִִִִִִִִִִִִִִִִִִִִִִִִִִִִִִ
Core : 20
ֲֲֲִִִִִִִִִִִִִִִִִִִִִִִִִִִִִִִִִִִִִִִִִִִִִִִִִִִִִִִִִִִִִִִִִִִִִִִִִִִִ
       ³Widths (mm)              ³ Areas    ³ Densities (kg/m3)
       ³                         ³ (cm‎)    ³
Ring   ³Outer Ring Erly Late   % ³Incr Total³Ring E/Wd L/Wd Unif  Min  Max  Rng
 # Year³ Rad.      Wood Wood  LW ³          ³mean mean mean
ֱֱֱִִִִִִִִִִִִִִִִִִִִִִִִִִִִִִִִִִִִִִִִִִִִִִִִִִִִִִִִִִִִִִִִִִִִִִִִִִִִ

 5 1994  24.5 24.5 18.6  0.9   3  18.9   18.9 349  341  522  181  287  528  241
 6 1995  49.4 24.9 22.8  2.1   8  57.8   76.7 384  369  544  175  309  580  271
 7 1996  65.3 15.9 15.3  0.6   3  57.3  134.0 393  389  509  120  328  509  181
 8 1997  77.3 12.0 12.0  0.0   0  53.8  187.7 334  334    0    0  280  490  210
 9 1998  84.8  7.5  6.6  0.9  12  38.2  225.9 381  360  539  179  313  599  286
10 1999  89.6  4.8  3.9  0.9  18  26.3  252.2 406  376  535  159  323  542  219
11 2000  96.8  7.2  7.2  0.0   0  42.2  294.4 360  360    0    0  299  499  200
12 2001 103.1  6.3  5.4  0.9  14  39.6  333.9 395  372  530  158  336  557  221
13 2002 110.6  7.5  7.2  0.3   4  50.4  384.3 371  365  522  157  314  522  208
14 2003 116.3  5.7  5.1  0.6  10  40.6  424.9 388  371  533  162  325  544  219
15 2004 119.6  3.3  2.7  0.6  18  24.5  449.4 436  413  542  129  331  554  223
16 2005 129.2  9.6  9.0  0.6   6  75.0  524.4 351  339  535  196  285  541  256
17 2006 139.4 10.2  9.0  1.2  11  86.1  610.5 389  370  533  163  312  587  275
18 2007 149.0  9.6  8.7  0.9   9  87.0  697.5 384  367  542  175  297  590  293
19 2008 155.6  6.6  6.0  0.6   9  63.2  760.6 390  374  548  174  306  584  278
20 2009 163.1  7.5  6.6  0.9  12  75.1  835.7 387  366  534  168  322  564  242
21 2010 169.7  6.6  6.0  0.6   9  69.0  904.7 396  378  581  203  335  615  280
22 2011 179.3  9.6  8.7  0.9   9 105.3 1010.0 351  333  523  190  277  562  285
23 2012 187.7  8.4  7.2  1.2  14  96.8 1106.8 418  390  586  196  341  631  290
24 2013 192.8  5.1  4.2  0.9  17  61.0 1167.8 423  393  565  172  343  606  263
25 2014 199.1  6.3  6.0  0.3   4  77.6 1245.4 382  375  525  150  319  525  206
26 2015 203.0  3.9  2.7  1.2  30  49.3 1294.6 444  405  533  128  355  578  223
27 2016 206.6  3.6  3.0  0.6  16  46.3 1340.9 409  382  544  162  324  573  249

Core Length:  201.6 mm
Core Density: 387 kg/m3
Cross-sectional Density:  386 kg/m3
Early/Latewood Threshold: 500 kg/m3
Attenuation Constant: 3.16

ִִִִִִִִִִִִִִִִִִִִִִִִִִִִִִִִִִִִִִִִִִִִִִִִִִִִִִִִִִִִִִִִִִִִִִִִִִִִִִִ
Core : 23
ֲֲֲִִִִִִִִִִִִִִִִִִִִִִִִִִִִִִִִִִִִִִִִִִִִִִִִִִִִִִִִִִִִִִִִִִִִִִִִִִִִ
       ³Widths (mm)              ³ Areas    ³ Densities (kg/m3)
       ³                         ³ (cm‎)    ³
Ring   ³Outer Ring Erly Late   % ³Incr Total³Ring E/Wd L/Wd Unif  Min  Max  Rng
 # Year³ Rad.      Wood Wood  LW ³          ³mean mean mean
ֱֱֱִִִִִִִִִִִִִִִִִִִִִִִִִִִִִִִִִִִִִִִִִִִִִִִִִִִִִִִִִִִִִִִִִִִִִִִִִִִִ

 2 1991  17.4 17.4 14.4  0.0   0   9.5    9.5 329  329    0    0  271  481  210
 3 1992  31.8 14.4 14.4  0.0   0  22.3   31.8 316  316    0    0  268  425  157
 4 1993  47.4 15.6 15.6  0.0   0  38.8   70.6 362  362    0    0  308  452  144
 5 1994  64.2 16.8 16.8  0.0   0  58.9  129.5 335  335    0    0  282  498  216
 6 1995  79.2 15.0 14.4  0.6   4  67.6  197.1 361  354  523  169  302  531  229
 7 1996  94.5 15.3 14.7  0.6   3  83.5  280.6 335  327  530  203  271  557  286
 8 1997 110.7 16.2 15.6  0.6   3 104.4  385.0 318  310  518  208  268  521  253
 9 1998 123.9 13.2 12.3  0.9   6  97.3  482.3 352  336  565  229  291  594  303
10 1999 133.8  9.9  9.3  0.6   6  80.1  562.4 391  382  531  149  306  557  251
11 2000 144.3 10.5 10.2  0.3   2  91.7  654.2 338  332  545  213  288  545  257
12 2001 152.1  7.8  7.2  0.6   7  72.6  726.8 364  349  549  200  277  550  273
13 2002 162.3 10.2  9.9  0.3   2 100.7  827.5 348  343  502  159  263  502  239
14 2003 171.6  9.3  8.1  1.2  12  97.6  925.1 393  366  573  207  300  618  318
15 2004 177.6  6.0  5.1  0.9  15  65.8  990.9 420  396  552  156  324  574  250
16 2005 191.1 13.5 12.9  0.6   4 156.4 1147.3 319  310  510  200  258  516  258
17 2006 205.8 14.7 13.8  0.9   6 183.3 1330.6 356  345  533  188  291  549  258
18 2007 217.8 12.0 11.1  0.9   7 159.7 1490.3 353  337  546  209  285  559  274
19 2008 228.0 10.2  9.6  0.6   5 142.9 1633.1 362  350  552  202  284  588  304
20 2009 236.4  8.4  7.8  0.6   7 122.6 1755.7 355  341  534  193  283  547  264
21 2010 245.4  9.0  8.1  0.9  10 136.2 1891.9 385  368  534  166  308  574  266
22 2011 258.0 12.6 12.0  0.6   4 199.3 2091.2 333  324  526  202  268  529  261
23 2012 267.9  9.9  9.3  0.6   6 163.6 2254.7 383  370  590  220  302  614  312
24 2013 273.6  5.7  5.1  0.6  10  97.0 2351.7 382  360  570  210  314  602  288
25 2014 279.6  6.0  5.1  0.9  15 104.3 2456.0 382  359  514  155  326  523  197
26 2015 283.8  4.2  3.3  0.9  21  74.3 2530.3 427  394  546  152  329  627  298
27 2016 287.7  3.9  3.3  0.6  15  70.0 2600.3 400  371  561  190  309  623  314

Core Length:  284.7 mm
Core Density: 361 kg/m3
Cross-sectional Density:  360 kg/m3
Early/Latewood Threshold: 500 kg/m3
Attenuation Constant: 3.16

ִִִִִִִִִִִִִִִִִִִִִִִִִִִִִִִִִִִִִִִִִִִִִִִִִִִִִִִִִִִִִִִִִִִִִִִִִִִִִִִ
Core : 26
ֲֲֲִִִִִִִִִִִִִִִִִִִִִִִִִִִִִִִִִִִִִִִִִִִִִִִִִִִִִִִִִִִִִִִִִִִִִִִִִִִִ
       ³Widths (mm)              ³ Areas    ³ Densities (kg/m3)
       ³                         ³ (cm‎)    ³
Ring   ³Outer Ring Erly Late   % ³Incr Total³Ring E/Wd L/Wd Unif  Min  Max  Rng
 # Year³ Rad.      Wood Wood  LW ³          ³mean mean mean
ֱֱֱִִִִִִִִִִִִִִִִִִִִִִִִִִִִִִִִִִִִִִִִִִִִִִִִִִִִִִִִִִִִִִִִִִִִִִִִִִִִ

 2 1991  16.5 16.5 16.5  0.0   0   8.6    8.6 350  350    0    0  270  450  180
 3 1992  27.3 10.8 10.8  0.0   0  14.9   23.4 350  350    0    0  282  487  205
 4 1993  44.1 16.8 16.8  0.0   0  37.7   61.1 355  355    0    0  286  448  162
 5 1994  63.6 19.5 18.9  0.6   3  66.0  127.1 361  356  528  172  291  537  246
 6 1995  84.6 21.0 17.7  3.3  15  97.8  224.8 407  382  544  162  302  565  263
 7 1996 103.8 19.2 18.0  1.2   6 113.6  338.5 381  371  536  165  274  556  282
 8 1997 120.6 16.8 16.5  0.3   1 118.4  456.9 353  350  523  173  290  523  233
 9 1998 130.5  9.9  9.0  0.9   9  78.1  535.0 407  387  598  211  336  632  296
10 1999 139.8  9.3  8.4  0.9   9  79.0  614.0 451  439  564  125  361  607  246
11 2000 150.0 10.2  9.0  1.2  11  92.9  706.9 374  353  533  180  289  571  282
12 2001 156.0  6.0  5.1  0.9  15  57.7  764.5 397  371  545  174  322  615  293
13 2002 161.4  5.4  5.1  0.3   5  53.8  818.4 382  368  613  245  326  613  287
14 2003 169.5  8.1  5.7  2.4  29  84.2  902.6 429  361  588  227  303  634  331
15 2004 176.1  6.6  4.2  2.4  36  71.7  974.2 477  448  527   79  396  580  184
16 2005 189.6 13.5 12.0  1.5  11 155.1 1129.3 376  357  532  175  291  538  247
17 2006 203.1 13.5 10.2  3.3  24 166.5 1295.9 424  391  523  132  308  546  238
18 2007 214.5 11.4  9.3  2.1  18 149.6 1445.5 432  398  579  181  331  624  293
19 2008 223.5  9.0  7.8  1.2  13 123.8 1569.3 422  403  549  146  333  588  255
20 2009 233.7 10.2  9.3  0.9   8 146.5 1715.8 391  376  543  167  309  556  247
21 2010 242.7  9.0  7.2  1.8  20 134.7 1850.5 428  394  561  167  334  611  277
22 2011 253.5 10.8 10.5  0.3   2 168.4 2018.9 364  360  501  141  302  501  199
23 2012 262.2  8.7  8.1  0.6   6 141.0 2159.8 417  404  589  185  340  606  266
24 2013 268.8  6.6  5.4  1.2  18 110.1 2269.9 423  387  584  197  313  638  325
25 2014 278.1  9.3  8.1  1.2  12 159.8 2429.7 403  383  536  153  325  582  257
26 2015 284.1  6.0  3.9  2.1  35 106.0 2535.7 474  434  550  116  342  660  318
27 2016 289.2  5.1  4.5  0.6  11  91.9 2627.5 429  410  573  163  355  582  227

Core Length:  289.2 mm
Core Density: 402 kg/m3
Cross-sectional Density:  406 kg/m3
Early/Latewood Threshold: 500 kg/m3
Attenuation Constant: 3.16

ִִִִִִִִִִִִִִִִִִִִִִִִִִִִִִִִִִִִִִִִִִִִִִִִִִִִִִִִִִִִִִִִִִִִִִִִִִִִִִִ
Core : 32
ֲֲֲִִִִִִִִִִִִִִִִִִִִִִִִִִִִִִִִִִִִִִִִִִִִִִִִִִִִִִִִִִִִִִִִִִִִִִִִִִִִ
       ³Widths (mm)              ³ Areas    ³ Densities (kg/m3)
       ³                         ³ (cm‎)    ³
Ring   ³Outer Ring Erly Late   % ³Incr Total³Ring E/Wd L/Wd Unif  Min  Max  Rng
 # Year³ Rad.      Wood Wood  LW ³          ³mean mean mean
ֱֱֱִִִִִִִִִִִִִִִִִִִִִִִִִִִִִִִִִִִִִִִִִִִִִִִִִִִִִִִִִִִִִִִִִִִִִִִִִִִִ

 1 1990   6.0  6.0  6.0  0.0   0   1.1    1.1 390  390    0    0  279  472  193
 2 1991  18.3 12.3 12.3  0.0   0   9.4   10.5 361  361    0    0  256  477  221
 3 1992  28.5 10.2 10.2  0.0   0  15.0   25.5 348  348    0    0  284  498  214
 4 1993  46.8 18.3 18.3  0.0   0  43.3   68.8 362  362    0    0  284  465  181
 5 1994  68.4 21.6 21.0  0.6   2  78.2  147.0 342  336  539  203  275  576  301
 6 1995  87.3 18.9 17.4  1.5   7  92.4  239.4 374  359  548  189  292  586  294
 7 1996 101.4 14.1 12.3  1.8  12  83.6  323.0 389  365  555  190  297  628  331
 8 1997 114.3 12.9 12.3  0.6   4  87.4  410.4 358  351  514  163  315  517  202
 9 1998 119.4  5.1  4.8  0.3   5  37.4  447.9 406  393  611  218  351  611  260
10 1999 123.6  4.2  3.9  0.3   7  32.1  479.9 443  436  527   91  365  527  162
11 2000 127.2  3.6  3.3  0.3   8  28.4  508.3 396  382  546  164  341  546  205
12 2001 131.1  3.9  3.0  0.9  23  31.6  540.0 422  385  544  159  340  577  237
13 2002 133.8  2.7  2.4  0.3  11  22.5  562.4 419  401  559  158  356  559  203
14 2003 137.4  3.6  2.4  1.2  33  30.7  593.1 466  405  587  182  352  653  301
15 2004 141.6  4.2  1.8  2.4  57  36.8  629.9 503  444  548  104  369  620  251
16 2005 154.5 12.9 11.7  1.2   9 120.0  749.9 354  332  565  233  270  609  339
17 2006 165.9 11.4 10.2  1.2  10 114.7  864.7 367  347  541  194  290  605  315
18 2007 178.5 12.6 10.8  1.8  14 136.3 1001.0 402  375  565  190  310  637  327
19 2008 186.6  8.1  6.3  1.8  22  92.9 1093.9 420  382  552  170  322  618  296
20 2009 192.9  6.3  6.0  0.3   4  75.1 1169.0 394  387  523  136  321  523  202
21 2010 198.3  5.4  4.2  1.2  22  66.4 1235.4 420  389  532  143  301  581  280
22 2011 204.3  6.0  5.7  0.3   5  75.9 1311.3 364  354  548  194  293  548  255
23 2012 210.9  6.6  6.0  0.6   9  86.1 1397.3 411  397  543  146  342  586  244
24 2013 214.5  3.6  2.7  0.9  24  48.1 1445.5 420  376  551  175  332  581  249
25 2014 219.0  4.5  4.2  0.3   6  61.3 1506.7 378  367  544  177  320  544  224
26 2015 222.0  3.0  1.8  1.2  40  41.6 1548.3 466  405  558  153  340  658  318
27 2016 224.1  2.1  1.8  0.3  14  29.4 1577.7 438  420  551  131  395  551  156

Core Length:  224.1 mm
Core Density: 400 kg/m3
Cross-sectional Density:  393 kg/m3
Early/Latewood Threshold: 500 kg/m3
Attenuation Constant: 3.16

ִִִִִִִִִִִִִִִִִִִִִִִִִִִִִִִִִִִִִִִִִִִִִִִִִִִִִִִִִִִִִִִִִִִִִִִִִִִִִִִ
Core : 37
ֲֲֲִִִִִִִִִִִִִִִִִִִִִִִִִִִִִִִִִִִִִִִִִִִִִִִִִִִִִִִִִִִִִִִִִִִִִִִִִִִִ
       ³Widths (mm)              ³ Areas    ³ Densities (kg/m3)
       ³                         ³ (cm‎)    ³
Ring   ³Outer Ring Erly Late   % ³Incr Total³Ring E/Wd L/Wd Unif  Min  Max  Rng
 # Year³ Rad.      Wood Wood  LW ³          ³mean mean mean
ֱֱֱִִִִִִִִִִִִִִִִִִִִִִִִִִִִִִִִִִִִִִִִִִִִִִִִִִִִִִִִִִִִִִִִִִִִִִִִִִִִ

 1 1990   6.0  6.0  6.0  0.0   0   1.1    1.1 375  375    0    0  228  469  241
 2 1991  18.0 12.0 11.7  0.3   2   9.0   10.2 342  338  509  171  277  509  232
 3 1992  33.0 15.0 14.4  0.6   4  24.0   34.2 361  355  500  145  308  501  193
 4 1993  50.4 17.4 17.4  0.0   0  45.6   79.8 368  368    0    0  307  473  166
 5 1994  71.7 21.3 21.3  0.0   0  81.7  161.5 337  337    0    0  285  471  186
 6 1995  87.9 16.2 14.1  2.1  12  81.2  242.7 396  375  536  161  301  559  258
 7 1996 104.4 16.5 14.7  1.8  10  99.7  342.4 392  373  550  177  329  588  259
 8 1997 122.1 17.7 16.2  1.5   8 125.9  468.4 366  350  543  193  298  563  265
 9 1998 134.7 12.6 10.8  1.8  14 101.7  570.0 427  400  589  189  358  662  304
10 1999 142.8  8.1  6.9  1.2  14  70.6  640.6 455  433  582  149  363  628  265
11 2000 151.5  8.7  7.8  0.9  10  80.4  721.1 393  376  545  169  326  567  241
12 2001 158.1  6.6  5.7  0.9  13  64.2  785.3 401  374  568  194  325  655  330
13 2002 165.0  6.9  6.0  0.9  13  70.0  855.3 403  381  555  174  333  575  242
14 2003 171.0  6.0  4.8  1.2  20  63.3  918.6 429  387  596  209  351  631  280
15 2004 175.2  4.2  1.8  2.4  57  45.7  964.3 514  424  582  158  392  638  246
16 2005 187.2 12.0 10.5  1.5  12 136.6 1100.9 391  366  565  199  322  610  288
17 2006 197.1  9.9  7.8  2.1  21 119.5 1220.5 435  398  571  173  364  616  252
18 2007 207.3 10.2  9.0  1.2  11 129.6 1350.0 404  379  592  213  313  660  347
19 2008 216.0  8.7  6.9  1.8  20 115.7 1465.7 411  377  541  164  323  592  269
20 2009 224.4  8.4  6.9  1.5  17 116.2 1582.0 414  389  530  141  309  604  295
21 2010 231.3  6.9  6.0  0.9  13  98.8 1680.7 411  386  582  196  327  628  301
22 2011 240.9  9.6  8.7  0.9   9 142.4 1823.2 387  370  559  189  309  599  290
23 2012 249.0  8.1  6.6  1.5  18 124.7 1947.8 437  406  572  166  343  622  279
24 2013 254.4  5.4  4.5  0.9  16  85.4 2033.2 429  397  591  194  361  655  294
25 2014 260.7  6.3  5.4  0.9  14 101.9 2135.2 421  401  543  142  338  564  226
26 2015 264.6  3.9  2.4  1.5  38  64.4 2199.5 461  393  569  176  348  609  261
27 2016 267.9  3.3  2.4  0.9  27  55.2 2254.7 456  405  594  189  343  629  286

Core Length:  267.9 mm
Core Density: 408 kg/m3
Cross-sectional Density:  409 kg/m3
Early/Latewood Threshold: 500 kg/m3
Attenuation Constant: 3.16

ִִִִִִִִִִִִִִִִִִִִִִִִִִִִִִִִִִִִִִִִִִִִִִִִִִִִִִִִִִִִִִִִִִִִִִִִִִִִִִִ
Core : 41
ֲֲֲִִִִִִִִִִִִִִִִִִִִִִִִִִִִִִִִִִִִִִִִִִִִִִִִִִִִִִִִִִִִִִִִִִִִִִִִִִִִ
       ³Widths (mm)              ³ Areas    ³ Densities (kg/m3)
       ³                         ³ (cm‎)    ³
Ring   ³Outer Ring Erly Late   % ³Incr Total³Ring E/Wd L/Wd Unif  Min  Max  Rng
 # Year³ Rad.      Wood Wood  LW ³          ³mean mean mean
ֱֱֱִִִִִִִִִִִִִִִִִִִִִִִִִִִִִִִִִִִִִִִִִִִִִִִִִִִִִִִִִִִִִִִִִִִִִִִִִִִִ

 2 1990   7.0  7.0  6.0  0.0   0   1.5    1.5 382  382    0    0  345  473  128
 3 1991  20.2 13.2 12.3  0.9   6  11.3   12.8 355  342  531  189  297  571  274
 4 1992  33.7 13.5 13.2  0.3   2  22.9   35.7 348  343  578  235  299  578  279
 5 1993  49.6 15.9 15.9  0.0   0  41.6   77.3 358  358    0    0  294  489  195
 6 1994  65.8 16.2 15.6  0.6   3  58.7  136.0 368  360  568  208  294  590  296
 7 1995  81.4 15.6 14.1  1.5   9  72.1  208.2 416  396  606  210  344  653  309
 8 1996  96.7 15.3 12.3  3.0  19  85.6  293.8 409  368  575  207  321  656  335
 9 1997 111.1 14.4 12.3  2.1  14  94.0  387.8 387  358  559  201  309  608  299
10 1998 124.0 12.9 11.4  1.5  11  95.3  483.1 425  400  614  214  339  702  363
11 1999 132.1  8.1  6.6  1.5  18  65.2  548.2 460  437  562  125  403  644  241
12 2000 141.1  9.0  7.8  1.2  13  77.2  625.5 404  381  551  170  329  624  295
13 2001 147.1  6.0  4.2  1.8  30  54.3  679.8 426  372  550  178  314  642  328
14 2002 152.5  5.4  4.5  0.9  16  50.8  730.6 423  394  566  172  356  633  277
15 2003 160.3  7.8  5.1  2.7  34  76.6  807.3 479  407  616  209  349  692  343
16 2004 165.1  4.8  1.8  3.0  62  49.1  856.3 527  467  563   96  451  628  177
17 2005 178.6 13.5 10.8  2.7  20 145.8 1002.1 428  392  576  184  325  641  316
18 2006 186.1  7.5  4.5  3.0  40  85.9 1088.0 513  455  601  146  426  644  218
19 2007 193.6  7.5  6.0  1.5  20  89.5 1177.5 464  436  574  138  388  600  212
20 2008 200.5  6.9  3.9  3.0  43  85.4 1262.9 469  381  583  202  337  654  317
21 2009 208.9  8.4  5.1  3.3  39 108.0 1371.0 452  395  540  145  317  593  276
22 2010 216.4  7.5  5.7  1.8  24 100.2 1471.2 444  410  550  140  340  582  242
23 2011 226.3  9.9  8.1  1.8  18 137.7 1608.9 413  382  551  169  296  588  292
24 2012 233.5  7.2  3.6  3.6  49 104.0 1712.9 490  410  569  159  375  675  300
25 2013 238.9  5.4  3.0  2.4  44  80.1 1793.0 478  423  548  125  384  626  242
26 2014 245.2  6.3  4.5  1.8  28  95.8 1888.8 450  412  546  134  332  595  263
27 2015 249.4  4.2  1.8  2.4  57  65.3 1954.1 516  441  572  131  404  641  237
28 2016 253.0  3.6  2.1  1.5  41  56.8 2010.9 470  401  566  165  349  615  266

Core Length:  252.0 mm
Core Density: 435 kg/m3
Cross-sectional Density:  442 kg/m3
Early/Latewood Threshold: 500 kg/m3
Attenuation Constant: 3.16

ִִִִִִִִִִִִִִִִִִִִִִִִִִִִִִִִִִִִִִִִִִִִִִִִִִִִִִִִִִִִִִִִִִִִִִִִִִִִִִִ
Core : 46
ֲֲֲִִִִִִִִִִִִִִִִִִִִִִִִִִִִִִִִִִִִִִִִִִִִִִִִִִִִִִִִִִִִִִִִִִִִִִִִִִִִ
       ³Widths (mm)              ³ Areas    ³ Densities (kg/m3)
       ³                         ³ (cm‎)    ³
Ring   ³Outer Ring Erly Late   % ³Incr Total³Ring E/Wd L/Wd Unif  Min  Max  Rng
 # Year³ Rad.      Wood Wood  LW ³          ³mean mean mean
ֱֱֱִִִִִִִִִִִִִִִִִִִִִִִִִִִִִִִִִִִִִִִִִִִִִִִִִִִִִִִִִִִִִִִִִִִִִִִִִִִִ

 5 1994   6.9  6.9  6.0  0.9  13   1.5    1.5 406  386  536  150  320  552  232
 6 1995  14.7  7.8  4.5  3.3  42   5.3    6.8 469  412  547  135  359  628  269
 7 1996  21.6  6.9  4.8  2.1  30   7.9   14.7 450  398  569  171  353  635  282
 8 1997  28.5  6.9  6.0  0.9  13  10.9   25.5 410  389  545  156  344  569  225
 9 1998  32.7  4.2  3.0  1.2  28   8.1   33.6 443  400  551  151  375  641  266
10 1999  35.1  2.4  1.8  0.6  24   5.1   38.7 463  434  553  119  376  567  191
11 2000  37.2  2.1  1.5  0.6  28   4.8   43.5 419  379  521  142  361  536  175
12 2001  39.3  2.1  1.5  0.6  28   5.0   48.5 445  387  592  205  353  666  313
13 2002  41.1  1.8  1.5  0.3  16   4.5   53.1 422  399  541  142  365  541  176
14 2003  43.8  2.7  1.5  1.2  44   7.2   60.3 470  396  562  166  362  664  302
15 2004  45.6  1.8  0.6  1.2  66   5.1   65.3 512  426  555  129  387  614  227
16 2005  50.1  4.5  3.9  0.6  13  13.5   78.9 416  393  567  174  344  620  276
17 2006  54.9  4.8  3.6  1.2  25  15.8   94.7 436  384  591  207  332  637  305
18 2007  59.7  4.8  3.9  0.9  18  17.3  112.0 435  409  552  143  351  610  259
19 2008  63.6  3.9  3.3  0.6  15  15.1  127.1 396  369  543  174  311  566  255
20 2009  66.9  3.3  3.0  0.3   9  13.5  140.6 393  376  563  187  293  563  270
21 2010  69.9  3.0  2.4  0.6  20  12.9  153.5 442  402  604  202  316  650  334
22 2011  73.2  3.3  2.7  0.6  18  14.8  168.3 405  375  540  165  309  571  262
23 2012  75.9  2.7  1.5  1.2  44  12.6  181.0 457  388  545  157  343  621  278
24 2013  78.6  2.7  2.1  0.6  22  13.1  194.1 430  383  595  212  327  627  300
25 2014  80.7  2.1  1.8  0.3  14  10.5  204.6 424  402  560  158  324  560  236
26 2015  82.5  1.8  1.2  0.6  33   9.2  213.8 484  412  628  216  353  655  302
27 2016  84.0  1.5  1.2  0.3  20   7.8  221.7 439  400  596  196  340  596  256

Core Length:  84.0 mm
Core Density: 437 kg/m3
Cross-sectional Density:  433 kg/m3
Early/Latewood Threshold: 500 kg/m3
Attenuation Constant: 3.16

