File : C:\DENSITOM\TAIRUA~1\TAIR9.DAT
Cores :
7
9
13
24
26
30
35
38
40
44
47
48

ִִִִִִִִִִִִִִִִִִִִִִִִִִִִִִִִִִִִִִִִִִִִִִִִִִִִִִִִִִִִִִִִִִִִִִִִִִִִִִִ
Core : 7
ֲֲֲִִִִִִִִִִִִִִִִִִִִִִִִִִִִִִִִִִִִִִִִִִִִִִִִִִִִִִִִִִִִִִִִִִִִִִִִִִִִ
       ³Widths (mm)              ³ Areas    ³ Densities (kg/m3)
       ³                         ³ (cm‎)    ³
Ring   ³Outer Ring Erly Late   % ³Incr Total³Ring E/Wd L/Wd Unif  Min  Max  Rng
 # Year³ Rad.      Wood Wood  LW ³          ³mean mean mean
ֱֱֱִִִִִִִִִִִִִִִִִִִִִִִִִִִִִִִִִִִִִִִִִִִִִִִִִִִִִִִִִִִִִִִִִִִִִִִִִִִִ

 1 1991   2.7  2.7  2.7  0.0   0   0.2    0.2 257  257    0    0  140  396  256
 2 1992   8.7  6.0  6.0  0.0   0   2.1    2.4 353  353    0    0  275  467  192
 3 1993  29.1 20.4 20.4  0.0   0  24.2   26.6 329  329    0    0  266  467  201
 4 1994  48.0 18.9 17.1  1.8   9  45.8   72.4 379  363  527  164  303  536  233
 5 1995  62.7 14.7 13.5  1.2   8  51.1  123.5 388  373  556  183  315  569  254
 6 1996  73.2 10.5  9.6  0.9   8  44.8  168.3 407  393  547  154  354  590  236
 7 1997  83.4 10.2  6.9  3.3  32  50.2  218.5 449  407  538  131  311  553  242
 8 1998  97.8 14.4 13.8  0.6   4  82.0  300.5 429  426  507   81  361  514  153
 9 1999 112.5 14.7 13.2  1.5  10  97.1  397.6 429  418  524  106  378  577  199
10 2000 125.7 13.2 11.7  1.5  11  98.8  496.4 434  424  508   84  347  519  172
11 2001 141.3 15.6 13.8  1.8  11 130.9  627.2 414  397  542  145  324  601  277
12 2002 150.9  9.6  6.6  3.0  31  88.1  715.4 440  390  552  162  329  627  298
13 2003 164.4 13.5  9.9  3.6  26 133.7  849.1 480  449  565  116  402  632  230
14 2004 169.8  5.4  3.6  1.8  33  56.7  905.8 474  432  559  127  389  599  210
15 2005 174.6  4.8  3.3  1.5  31  51.9  957.7 483  439  579  140  408  620  212
16 2006 179.1  4.5  3.3  1.2  26  50.0 1007.7 467  421  592  171  354  625  271
17 2007 181.5  2.4  1.5  0.9  37  27.2 1034.9 492  447  567  120  397  587  190
18 2008 184.2  2.7  1.8  0.9  33  31.0 1065.9 481  424  594  170  377  633  256
19 2009 186.9  2.7  1.8  0.9  33  31.5 1097.4 486  444  570  126  404  618  214
20 2010 190.5  3.6  2.4  1.2  33  42.7 1140.1 497  444  604  160  363  656  293
21 2011 193.8  3.3  2.1  1.2  36  39.8 1179.9 445  393  537  144  366  558  192
22 2012 196.2  2.4  1.5  0.9  37  29.4 1209.3 470  420  553  133  362  618  256
23 2013 198.9  2.7  1.5  1.2  44  33.5 1242.9 489  404  595  191  381  637  256
24 2014 201.3  2.4  1.5  0.9  37  30.2 1273.0 488  435  576  141  406  616  210
25 2015 203.7  2.4  1.5  0.9  37  30.5 1303.6 492  445  571  126  382  621  239
26 2016 205.2  1.5  1.2  0.3  20  19.3 1322.8 452  427  551  124  401  551  150

Core Length:  205.2 mm
Core Density: 438 kg/m3
Cross-sectional Density:  446 kg/m3
Early/Latewood Threshold: 500 kg/m3
Attenuation Constant: 3.11

ִִִִִִִִִִִִִִִִִִִִִִִִִִִִִִִִִִִִִִִִִִִִִִִִִִִִִִִִִִִִִִִִִִִִִִִִִִִִִִִ
Core : 9
ֲֲֲִִִִִִִִִִִִִִִִִִִִִִִִִִִִִִִִִִִִִִִִִִִִִִִִִִִִִִִִִִִִִִִִִִִִִִִִִִִִ
       ³Widths (mm)              ³ Areas    ³ Densities (kg/m3)
       ³                         ³ (cm‎)    ³
Ring   ³Outer Ring Erly Late   % ³Incr Total³Ring E/Wd L/Wd Unif  Min  Max  Rng
 # Year³ Rad.      Wood Wood  LW ³          ³mean mean mean
ֱֱֱִִִִִִִִִִִִִִִִִִִִִִִִִִִִִִִִִִִִִִִִִִִִִִִִִִִִִִִִִִִִִִִִִִִִִִִִִִִִ

 1 1991   3.4  3.4  2.4  0.0   0   0.4    0.4 313  313    0    0  229  364  135
 2 1992  16.6 13.2 12.9  0.3   2   8.3    8.7 318  314  502  188  239  502  263
 3 1993  40.6 24.0 24.0  0.0   0  43.1   51.8 315  315    0    0  239  456  217
 4 1994  60.4 19.8 18.6  1.2   6  62.8  114.6 387  379  519  140  325  527  202
 5 1995  75.4 15.0 14.7  0.3   2  64.0  178.6 335  331  527  196  259  527  268
 6 1996  87.1 11.7 10.2  1.5  12  59.7  238.3 383  361  529  168  297  547  250
 7 1997  93.4  6.3  4.8  1.5  23  35.7  274.1 383  335  536  201  279  573  294
 8 1998 102.4  9.0  7.2  1.8  20  55.4  329.4 427  407  508  101  292  517  225
 9 1999 119.2 16.8 16.2  0.6   3 117.0  446.4 388  383  513  130  271  525  254
10 2000 133.0 13.8 13.8  0.0   0 109.3  555.7 358  358    0    0  251  480  229
11 2001 146.5 13.5 12.6  0.9   6 118.5  674.3 382  372  524  152  255  534  279
12 2002 162.1 15.6 12.3  3.3  21 151.2  825.5 400  362  540  178  264  597  333
13 2003 176.2 14.1 12.6  1.5  10 149.9  975.4 407  391  537  146  330  571  241
14 2004 184.9  8.7  6.6  2.1  24  98.7 1074.0 417  379  534  155  292  563  271
15 2005 193.6  8.7  5.1  3.6  41 103.5 1177.5 440  353  563  210  285  590  305
16 2006 206.2 12.6 10.5  2.1  16 158.3 1335.8 428  405  541  136  321  592  271
17 2007 217.6 11.4  9.0  2.4  21 151.8 1487.5 423  389  552  163  331  637  306
18 2008 225.7  8.1  6.0  2.1  25 112.8 1600.3 419  363  578  215  319  642  323
19 2009 230.2  4.5  3.3  1.2  26  64.5 1664.8 422  363  587  224  318  651  333
20 2010 234.7  4.5  3.0  1.5  33  65.7 1730.5 422  354  556  202  294  599  305
21 2011 241.3  6.6  4.5  2.1  31  98.7 1829.2 421  361  550  189  293  587  294
22 2012 247.9  6.6  4.5  2.1  31 101.4 1930.6 443  369  601  232  318  651  333
23 2013 253.6  5.7  3.6  2.1  36  89.8 2020.5 463  383  601  218  328  681  353
24 2014 257.5  3.9  2.7  1.2  30  62.6 2083.1 446  382  591  209  328  649  321
25 2015 260.8  3.3  2.1  1.2  36  53.7 2136.8 458  384  588  204  337  641  304
26 2016 262.9  2.1  1.5  0.6  28  34.6 2171.4 447  388  596  208  289  645  356

Core Length:  261.9 mm
Core Density: 401 kg/m3
Cross-sectional Density:  410 kg/m3
Early/Latewood Threshold: 500 kg/m3
Attenuation Constant: 3.11

ִִִִִִִִִִִִִִִִִִִִִִִִִִִִִִִִִִִִִִִִִִִִִִִִִִִִִִִִִִִִִִִִִִִִִִִִִִִִִִִ
Core : 13
ֲֲֲִִִִִִִִִִִִִִִִִִִִִִִִִִִִִִִִִִִִִִִִִִִִִִִִִִִִִִִִִִִִִִִִִִִִִִִִִִִִ
       ³Widths (mm)              ³ Areas    ³ Densities (kg/m3)
       ³                         ³ (cm‎)    ³
Ring   ³Outer Ring Erly Late   % ³Incr Total³Ring E/Wd L/Wd Unif  Min  Max  Rng
 # Year³ Rad.      Wood Wood  LW ³          ³mean mean mean
ֱֱֱִִִִִִִִִִִִִִִִִִִִִִִִִִִִִִִִִִִִִִִִִִִִִִִִִִִִִִִִִִִִִִִִִִִִִִִִִִִִ

 1 1991   3.7  3.7  2.7  0.0   0   0.4    0.4 292  292    0    0  247  323   76
 2 1992  15.1 11.4 11.4  0.0   0   6.7    7.2 294  294    0    0  244  390  146
 3 1993  35.8 20.7 20.7  0.0   0  33.1   40.3 267  267    0    0  207  413  206
 4 1994  51.1 15.3 14.7  0.6   3  41.8   82.0 277  266  540  274  185  548  363
 5 1995  66.7 15.6 15.0  0.6   3  57.7  139.8 331  323  539  216  254  544  290
 6 1996  84.4 17.7 17.4  0.3   1  84.0  223.8 333  330  557  227  280  557  277
 7 1997  99.4 15.0 15.0  0.0   0  86.6  310.4 367  367    0    0  286  475  189
 8 1998 115.9 16.5 16.5  0.0   0 111.6  422.0 360  360    0    0  272  480  208
 9 1999 138.1 22.2 22.2  0.0   0 177.1  599.2 338  338    0    0  261  482  221
10 2000 155.8 17.7 17.7  0.0   0 163.4  762.6 354  354    0    0  248  495  247
11 2001 174.7 18.9 18.3  0.6   3 196.2  958.8 356  351  516  165  259  520  261
12 2002 189.7 15.0 13.5  1.5  10 171.7 1130.5 372  355  519  164  242  540  298
13 2003 204.4 14.7 11.4  3.3  22 182.0 1312.5 409  371  539  168  300  564  264
14 2004 214.6 10.2  9.6  0.6   5 134.3 1446.8 389  382  509  127  295  518  223
15 2005 223.0  8.4  5.7  2.7  32 115.5 1562.3 412  359  524  165  276  543  267
16 2006 230.8  7.8  5.4  2.4  30 111.2 1673.5 431  375  558  183  289  591  302
17 2007 239.2  8.4  6.0  2.4  28 124.0 1797.5 422  374  543  169  289  557  268
18 2008 248.5  9.3  7.5  1.8  19 142.5 1940.0 415  379  566  187  299  586  287
19 2009 258.7 10.2  7.8  2.4  23 162.5 2102.5 423  395  513  118  334  526  192
20 2010 266.5  7.8  6.0  1.8  23 128.7 2231.2 407  371  530  159  324  567  243
21 2011 273.7  7.2  5.7  1.5  20 122.2 2353.4 381  339  540  201  290  571  281
22 2012 280.9  7.2  5.1  2.1  29 125.4 2478.9 414  361  546  185  290  571  281
23 2013 290.5  9.6  6.3  3.3  34 172.3 2651.2 444  393  541  148  320  582  262
24 2014 298.9  8.4  5.7  2.7  32 155.5 2806.7 438  378  565  187  296  618  322
25 2015 306.7  7.8  4.8  3.0  38 148.4 2955.1 455  380  576  196  342  635  293
26 2016 313.9  7.2  5.4  1.8  24 140.4 3095.5 420  382  531  149  324  565  241

Core Length:  312.9 mm
Core Density: 376 kg/m3
Cross-sectional Density:  393 kg/m3
Early/Latewood Threshold: 500 kg/m3
Attenuation Constant: 3.11

ִִִִִִִִִִִִִִִִִִִִִִִִִִִִִִִִִִִִִִִִִִִִִִִִִִִִִִִִִִִִִִִִִִִִִִִִִִִִִִִ
Core : 24
ֲֲֲִִִִִִִִִִִִִִִִִִִִִִִִִִִִִִִִִִִִִִִִִִִִִִִִִִִִִִִִִִִִִִִִִִִִִִִִִִִִ
       ³Widths (mm)              ³ Areas    ³ Densities (kg/m3)
       ³                         ³ (cm‎)    ³
Ring   ³Outer Ring Erly Late   % ³Incr Total³Ring E/Wd L/Wd Unif  Min  Max  Rng
 # Year³ Rad.      Wood Wood  LW ³          ³mean mean mean
ֱֱֱִִִִִִִִִִִִִִִִִִִִִִִִִִִִִִִִִִִִִִִִִִִִִִִִִִִִִִִִִִִִִִִִִִִִִִִִִִִִ

 1 1992   4.3  4.3  3.3  0.0   0   0.6    0.6 317  317    0    0  205  435  230
 2 1993  21.1 16.8 16.8  0.0   0  13.4   14.0 322  322    0    0  243  473  230
 3 1994  44.5 23.4 21.3  2.1   8  48.2   62.2 350  332  530  198  268  581  313
 4 1995  67.0 22.5 21.0  1.5   6  78.8  141.0 353  340  548  208  266  578  312
 5 1996  89.5 22.5 21.0  1.5   6 110.6  251.6 377  367  514  147  263  527  264
 6 1997 118.3 28.8 26.4  2.4   8 188.0  439.7 378  365  517  152  303  542  239
 7 1998 139.9 21.6 20.7  0.9   4 175.2  614.9 393  388  507  119  315  512  197
 8 1999 159.4 19.5 17.1  2.4  12 183.4  798.2 410  393  530  137  338  560  222
 9 2000 171.1 11.7  9.6  2.1  17 121.5  919.7 410  388  510  122  315  522  207
10 2001 187.9 16.8 16.2  0.6   3 189.5 1109.2 413  409  522  113  329  533  204
11 2002 199.3 11.4  7.8  3.6  31 138.7 1247.9 432  385  534  149  314  565  251
12 2003 213.7 14.4 12.9  1.5  10 186.8 1434.7 412  396  552  156  345  588  243
13 2004 222.4  8.7  6.0  2.7  31 119.2 1553.9 427  379  533  154  325  570  245
14 2005 228.7  6.3  5.4  0.9  14  89.3 1643.2 389  362  550  188  297  552  255
15 2006 233.8  5.1  3.6  1.5  29  74.1 1717.3 426  376  547  171  336  593  257
16 2007 238.0  4.2  3.3  0.9  21  62.3 1779.5 438  400  576  176  328  584  256
17 2008 243.4  5.4  3.6  1.8  33  81.7 1861.2 455  396  573  177  352  610  258
18 2009 247.3  3.9  2.7  1.2  30  60.1 1921.3 448  394  567  173  347  611  264
19 2010 251.2  3.9  3.3  0.6  15  61.1 1982.4 429  409  538  129  332  561  229
20 2011 253.9  2.7  1.8  0.9  33  42.8 2025.2 425  364  548  184  339  596  257
21 2012 256.9  3.0  2.4  0.6  19  48.1 2073.4 440  406  576  170  331  577  246
22 2013 259.9  3.0  2.4  0.6  20  48.7 2122.1 438  403  579  176  361  602  241
23 2014 262.6  2.7  1.5  1.2  44  44.3 2166.4 478  400  575  175  352  611  259
24 2015 266.5  3.9  2.4  1.5  38  64.8 2231.2 485  423  583  160  400  643  243
25 2016 268.3  1.8  1.2  0.6  33  30.2 2261.5 477  430  572  142  379  610  231

Core Length:  267.3 mm
Core Density: 412 kg/m3
Cross-sectional Density:  412 kg/m3
Early/Latewood Threshold: 500 kg/m3
Attenuation Constant: 3.11

ִִִִִִִִִִִִִִִִִִִִִִִִִִִִִִִִִִִִִִִִִִִִִִִִִִִִִִִִִִִִִִִִִִִִִִִִִִִִִִִ
Core : 26
ֲֲֲִִִִִִִִִִִִִִִִִִִִִִִִִִִִִִִִִִִִִִִִִִִִִִִִִִִִִִִִִִִִִִִִִִִִִִִִִִִִ
       ³Widths (mm)              ³ Areas    ³ Densities (kg/m3)
       ³                         ³ (cm‎)    ³
Ring   ³Outer Ring Erly Late   % ³Incr Total³Ring E/Wd L/Wd Unif  Min  Max  Rng
 # Year³ Rad.      Wood Wood  LW ³          ³mean mean mean
ֱֱֱִִִִִִִִִִִִִִִִִִִִִִִִִִִִִִִִִִִִִִִִִִִִִִִִִִִִִִִִִִִִִִִִִִִִִִִִִִִִ

 2 1992  15.4 15.4 11.4  0.0   0   7.5    7.5 336  336    0    0  269  478  209
 3 1993  40.6 25.2 25.2  0.0   0  44.3   51.8 325  325    0    0  252  497  245
 4 1994  62.8 22.2 21.0  1.2   5  72.1  123.9 372  364  513  149  280  543  263
 5 1995  88.6 25.8 22.8  3.0  11 122.7  246.6 402  385  529  144  323  551  228
 6 1996 117.4 28.8 27.3  1.5   5 186.4  433.0 386  378  529  151  304  540  236
 7 1997 143.5 26.1 24.9  1.2   4 213.9  646.9 383  377  509  132  300  523  223
 8 1998 162.1 18.6 15.9  2.7  14 178.6  825.5 424  408  523  115  343  540  197
 9 1999 180.7 18.6 17.1  1.5   8 200.3 1025.8 414  405  513  108  328  526  198
10 2000 196.0 15.3 15.3  0.0   0 181.1 1206.9 381  381    0    0  269  484  215
11 2001 213.1 17.1 14.7  2.4  14 219.8 1426.6 387  364  524  160  278  566  288
12 2002 226.0 12.9  9.6  3.3  25 178.0 1604.6 424  383  546  163  279  569  290
13 2003 242.8 16.8 13.5  3.3  19 247.4 1852.0 427  401  535  134  319  563  244
14 2004 253.6 10.8  5.7  5.1  47 168.4 2020.5 455  386  533  147  298  569  271
15 2005 262.9  9.3  5.7  3.6  38 150.9 2171.4 453  393  547  154  299  597  298
16 2006 268.9  6.0  3.3  2.7  45 100.2 2271.6 477  380  596  216  307  658  351
17 2007 273.1  4.2  1.8  2.4  57  71.5 2343.1 506  407  579  172  359  642  283
18 2008 277.9  4.8  2.4  2.4  49  83.1 2426.2 486  391  581  190  353  686  333
19 2009 280.9  3.0  1.5  1.5  50  52.7 2478.9 506  414  598  184  383  637  254
20 2010 283.6  2.7  1.5  1.2  44  47.9 2526.8 476  393  579  186  352  631  279
21 2011 285.1  1.5  1.2  0.3  20  26.8 2553.5 442  416  549  133  363  549  186
22 2012 286.6  1.5  0.6  0.9  60  26.9 2580.5 491  422  537  115  422  581  159
23 2013 288.4  1.8  0.9  0.9  49  32.5 2613.0 529  446  613  167  387  687  300
24 2014 289.9  1.5  0.6  0.9  60  27.3 2640.3 531  443  591  148  431  622  191
25 2015 292.6  2.7  0.9  1.8  66  49.4 2689.7 580  452  644  192  407  715  308
26 2016 295.3  2.7  1.5  1.2  44  49.9 2739.5 498  418  598  180  332  614  282

Core Length:  291.3 mm
Core Density: 443 kg/m3
Cross-sectional Density:  426 kg/m3
Early/Latewood Threshold: 500 kg/m3
Attenuation Constant: 3.11

ִִִִִִִִִִִִִִִִִִִִִִִִִִִִִִִִִִִִִִִִִִִִִִִִִִִִִִִִִִִִִִִִִִִִִִִִִִִִִִִ
Core : 30
ֲֲֲִִִִִִִִִִִִִִִִִִִִִִִִִִִִִִִִִִִִִִִִִִִִִִִִִִִִִִִִִִִִִִִִִִִִִִִִִִִִ
       ³Widths (mm)              ³ Areas    ³ Densities (kg/m3)
       ³                         ³ (cm‎)    ³
Ring   ³Outer Ring Erly Late   % ³Incr Total³Ring E/Wd L/Wd Unif  Min  Max  Rng
 # Year³ Rad.      Wood Wood  LW ³          ³mean mean mean
ֱֱֱִִִִִִִִִִִִִִִִִִִִִִִִִִִִִִִִִִִִִִִִִִִִִִִִִִִִִִִִִִִִִִִִִִִִִִִִִִִִ

 1 1991   2.4  2.4  2.4  0.0   0   0.2    0.2 404  404    0    0  327  499  172
 2 1992  11.1  8.7  8.7  0.0   0   3.7    3.9 336  336    0    0  255  439  184
 3 1993  29.1 18.0 18.0  0.0   0  22.7   26.6 315  315    0    0  256  448  192
 4 1994  45.6 16.5 16.2  0.3   1  38.7   65.3 335  332  509  177  265  509  244
 5 1995  65.7 20.1 19.2  0.9   4  70.3  135.6 357  350  513  163  284  515  231
 6 1996  90.3 24.6 24.6  0.0   0 120.6  256.2 352  352    0    0  277  491  214
 7 1997 115.5 25.2 25.2  0.0   0 162.9  419.1 345  345    0    0  273  480  207
 8 1998 135.0 19.5 19.5  0.0   0 153.5  572.6 348  348    0    0  253  436  183
 9 1999 153.0 18.0 18.0  0.0   0 162.9  735.4 336  336    0    0  271  456  185
10 2000 168.0 15.0 15.0  0.0   0 151.3  886.7 333  333    0    0  258  421  163
11 2001 186.0 18.0 18.0  0.0   0 200.2 1086.9 335  335    0    0  264  452  188
12 2002 198.0 12.0 12.0  0.0   0 144.8 1231.6 351  351    0    0  264  489  225
13 2003 213.6 15.6 15.0  0.6   3 201.7 1433.4 401  396  514  118  320  526  206
14 2004 223.8 10.2 10.2  0.0   0 140.2 1573.5 373  373    0    0  288  485  197
15 2005 231.0  7.2  6.0  1.2  16 102.9 1676.4 391  363  531  168  272  563  291
16 2006 237.3  6.3  5.7  0.6   9  92.7 1769.1 402  389  520  131  274  521  247
17 2007 243.6  6.3  4.5  1.8  28  95.2 1864.3 408  359  530  171  285  550  265
18 2008 250.8  7.2  5.4  1.8  25 111.8 1976.1 406  363  535  172  280  559  279
19 2009 255.6  4.8  3.9  0.9  18  76.4 2052.4 415  379  573  194  305  584  279
20 2010 261.9  6.3  4.5  1.8  28 102.4 2154.9 424  379  537  158  281  569  288
21 2011 269.4  7.5  6.6  0.9  12 125.2 2280.1 398  378  546  168  294  594  300
22 2012 275.1  5.7  3.6  2.1  36  97.5 2377.6 442  358  585  227  287  617  330
23 2013 284.4  9.3  4.8  4.5  48 163.5 2541.0 470  393  553  160  322  604  282
24 2014 293.7  9.3  6.3  3.0  32 168.9 2709.9 435  386  538  152  309  570  261
25 2015 304.5 10.8  8.1  2.7  25 203.0 2912.9 440  403  548  145  315  587  272
26 2016 312.0  7.5  6.3  1.2  16 145.3 3058.2 407  382  543  161  330  553  223

Core Length:  312.6 mm
Core Density: 383 kg/m3
Cross-sectional Density:  386 kg/m3
Early/Latewood Threshold: 500 kg/m3
Attenuation Constant: 3.11

ִִִִִִִִִִִִִִִִִִִִִִִִִִִִִִִִִִִִִִִִִִִִִִִִִִִִִִִִִִִִִִִִִִִִִִִִִִִִִִִ
Core : 35
ֲֲֲִִִִִִִִִִִִִִִִִִִִִִִִִִִִִִִִִִִִִִִִִִִִִִִִִִִִִִִִִִִִִִִִִִִִִִִִִִִִ
       ³Widths (mm)              ³ Areas    ³ Densities (kg/m3)
       ³                         ³ (cm‎)    ³
Ring   ³Outer Ring Erly Late   % ³Incr Total³Ring E/Wd L/Wd Unif  Min  Max  Rng
 # Year³ Rad.      Wood Wood  LW ³          ³mean mean mean
ֱֱֱִִִִִִִִִִִִִִִִִִִִִִִִִִִִִִִִִִִִִִִִִִִִִִִִִִִִִִִִִִִִִִִִִִִִִִִִִִִִ

 1 1992   4.5  4.5  2.4  2.1  46   0.6    0.6 463  403  531  128  228  559  331
 2 1993  16.5 12.0 12.0  0.0   0   7.9    8.6 398  398    0    0  336  497  161
 3 1994  34.2 17.7 17.4  0.3   1  28.2   36.7 376  374  506  132  273  506  233
 4 1995  49.8 15.6 14.1  1.5   9  41.2   77.9 368  352  512  160  288  524  236
 5 1996  71.7 21.9 20.1  1.8   8  83.6  161.5 376  364  505  141  294  514  220
 6 1997  98.1 26.4 24.6  1.8   6 140.8  302.3 382  372  520  148  300  535  235
 7 1998 127.5 29.4 29.4  0.0   0 208.4  510.7 382  382    0    0  295  485  190
 8 1999 149.1 21.6 21.6  0.0   0 187.7  698.4 409  409    0    0  303  488  185
 9 2000 171.9 22.8 19.5  3.3  14 229.9  928.3 427  411  518  107  320  539  219
10 2001 190.8 18.9 18.9  0.0   0 215.4 1143.7 389  389    0    0  290  494  204
11 2002 201.6 10.8  9.9  0.9   8 133.1 1276.8 388  376  516  140  293  531  238
12 2003 208.5  6.9  3.9  3.0  43  88.9 1365.7 440  366  537  171  304  577  273
13 2004 221.4 12.9 11.7  1.2   9 174.2 1539.9 421  410  527  117  319  542  223
14 2005 228.9  7.5  5.4  2.1  28 106.1 1646.0 434  386  555  169  322  571  249
15 2006 236.4  7.5  4.8  2.7  36 109.6 1755.7 459  403  557  154  330  579  249
16 2007 241.8  5.4  4.2  1.2  22  81.1 1836.8 425  396  525  129  344  558  214
17 2008 245.7  3.9  3.0  0.9  23  59.7 1896.5 465  419  621  202  338  632  294
18 2009 251.1  5.4  3.0  2.4  44  84.3 1980.8 479  409  566  157  357  648  291
19 2010 255.0  3.9  2.4  1.5  38  62.0 2042.8 474  410  576  166  362  614  252
20 2011 259.5  4.5  2.7  1.8  40  72.7 2115.6 483  424  572  148  378  653  275
21 2012 263.4  3.9  2.4  1.5  38  64.1 2179.6 484  419  590  171  368  635  267
22 2013 266.4  3.0  1.8  1.2  40  49.9 2229.6 496  424  603  179  384  676  292
23 2014 271.8  5.4  2.7  2.7  50  91.3 2320.9 528  451  604  153  397  699  302
24 2015 275.7  3.9  1.8  2.1  53  67.1 2387.9 536  457  603  146  421  649  228
25 2016 278.7  3.0  0.9  2.1  70  52.3 2440.2 567  437  623  186  405  690  285

Core Length:  279.9 mm
Core Density: 441 kg/m3
Cross-sectional Density:  430 kg/m3
Early/Latewood Threshold: 500 kg/m3
Attenuation Constant: 3.11

ִִִִִִִִִִִִִִִִִִִִִִִִִִִִִִִִִִִִִִִִִִִִִִִִִִִִִִִִִִִִִִִִִִִִִִִִִִִִִִִ
Core : 38
ֲֲֲִִִִִִִִִִִִִִִִִִִִִִִִִִִִִִִִִִִִִִִִִִִִִִִִִִִִִִִִִִִִִִִִִִִִִִִִִִִִ
       ³Widths (mm)              ³ Areas    ³ Densities (kg/m3)
       ³                         ³ (cm‎)    ³
Ring   ³Outer Ring Erly Late   % ³Incr Total³Ring E/Wd L/Wd Unif  Min  Max  Rng
 # Year³ Rad.      Wood Wood  LW ³          ³mean mean mean
ֱֱֱִִִִִִִִִִִִִִִִִִִִִִִִִִִִִִִִִִִִִִִִִִִִִִִִִִִִִִִִִִִִִִִִִִִִִִִִִִִִ

 2 1992   9.4  9.4  8.4  0.0   0   2.8    2.8 316  316    0    0  273  379  106
 3 1993  41.5 32.1 32.1  0.0   0  51.3   54.1 323  323    0    0  241  427  186
 4 1994  58.0 16.5 16.5  0.0   0  51.6  105.7 354  354    0    0  278  449  171
 5 1995  83.2 25.2 25.2  0.0   0 111.8  217.5 316  316    0    0  251  464  213
 6 1996 106.6 23.4 23.4  0.0   0 139.5  357.0 319  319    0    0  251  466  215
 7 1997 132.4 25.8 25.8  0.0   0 193.7  550.7 330  330    0    0  271  421  150
 8 1998 153.7 21.3 19.5  1.8   8 191.4  742.2 365  351  512  161  272  527  255
 9 1999 174.4 20.7 19.8  0.9   4 213.4  955.5 380  374  518  144  307  528  221
10 2000 189.7 15.3 14.7  0.6   3 175.0 1130.5 376  370  514  144  303  526  223
11 2001 202.0 12.3 11.7  0.6   4 151.4 1281.9 352  344  510  166  287  521  234
12 2002 211.0  9.0  7.8  1.2  13 116.8 1398.7 381  359  520  161  279  531  252
13 2003 222.7 11.7 11.4  0.3   2 159.4 1558.1 379  375  524  149  314  524  210
14 2004 229.6  6.9  5.1  1.8  26  98.0 1656.1 402  352  543  191  276  561  285
15 2005 237.7  8.1  6.6  1.5  18 118.9 1775.0 402  367  554  187  299  580  281
16 2006 245.2  7.5  6.6  0.9  12 113.8 1888.8 401  385  525  140  280  535  255
17 2007 251.5  6.3  4.5  1.8  28  98.3 1987.1 414  357  555  198  296  578  282
18 2008 258.4  6.9  5.1  1.8  26 110.5 2097.7 422  383  533  150  315  566  251
19 2009 261.7  3.3  2.4  0.9  27  53.9 2151.6 431  384  558  174  334  618  284
20 2010 264.7  3.0  2.1  0.9  30  49.6 2201.2 447  389  583  194  317  658  341
21 2011 269.5  4.8  3.0  1.8  37  80.6 2281.7 441  372  555  183  317  584  267
22 2012 273.7  4.2  3.3  0.9  21  71.7 2353.4 413  377  543  166  299  581  282
23 2013 278.8  5.1  3.3  1.8  35  88.5 2441.9 453  373  600  227  305  635  330
24 2014 282.7  3.9  2.7  1.2  30  68.8 2510.7 447  406  538  132  330  578  248
25 2015 287.2  4.5  3.3  1.2  26  80.6 2591.3 426  382  547  165  310  568  258
26 2016 291.4  4.2  3.3  0.9  21  76.3 2667.7 429  389  577  188  314  598  284

Core Length:  290.4 mm
Core Density: 388 kg/m3
Cross-sectional Density:  383 kg/m3
Early/Latewood Threshold: 500 kg/m3
Attenuation Constant: 3.11

ִִִִִִִִִִִִִִִִִִִִִִִִִִִִִִִִִִִִִִִִִִִִִִִִִִִִִִִִִִִִִִִִִִִִִִִִִִִִִִִ
Core : 40
ֲֲֲִִִִִִִִִִִִִִִִִִִִִִִִִִִִִִִִִִִִִִִִִִִִִִִִִִִִִִִִִִִִִִִִִִִִִִִִִִִִ
       ³Widths (mm)              ³ Areas    ³ Densities (kg/m3)
       ³                         ³ (cm‎)    ³
Ring   ³Outer Ring Erly Late   % ³Incr Total³Ring E/Wd L/Wd Unif  Min  Max  Rng
 # Year³ Rad.      Wood Wood  LW ³          ³mean mean mean
ֱֱֱִִִִִִִִִִִִִִִִִִִִִִִִִִִִִִִִִִִִִִִִִִִִִִִִִִִִִִִִִִִִִִִִִִִִִִִִִִִִ

 1 1992   1.5  1.5  1.5  0.0   0   0.0    0.0 395  395    0    0  358  438   80
 2 1993   9.3  7.8  7.8  0.0   0   2.6    2.7 377  377    0    0  331  469  138
 3 1994  19.8 10.5 10.5  0.0   0   9.6   12.3 370  370    0    0  311  467  156
 4 1995  42.6 22.8 22.8  0.0   0  44.7   57.0 367  367    0    0  312  480  168
 5 1996  67.2 24.6 23.4  1.2   4  84.9  141.9 370  362  510  148  304  518  214
 6 1997  91.5 24.3 22.8  1.5   6 121.2  263.0 401  393  521  128  345  532  187
 7 1998 117.0 25.5 25.5  0.0   0 167.0  430.1 396  396    0    0  346  487  141
 8 1999 140.7 23.7 23.7  0.0   0 191.9  621.9 408  408    0    0  338  490  152
 9 2000 159.6 18.9 16.2  2.7  14 178.3  800.2 440  426  522   96  347  549  202
10 2001 176.7 17.1 16.5  0.6   3 180.7  980.9 407  403  517  114  339  524  185
11 2002 188.1 11.4 11.4  0.0   0 130.6 1111.5 394  394    0    0  297  484  187
12 2003 194.7  6.6  6.6  0.0   0  79.4 1190.9 392  392    0    0  306  474  168
13 2004 199.8  5.1  4.8  0.3   5  63.2 1254.1 418  413  507   94  352  507  155
14 2005 206.4  6.6  6.3  0.3   4  84.2 1338.3 391  386  506  120  309  506  197
15 2006 216.9 10.5  6.9  3.6  34 139.6 1478.0 470  435  536  101  362  593  231
16 2007 224.4  7.5  4.8  2.7  36 104.0 1582.0 458  421  524  103  350  550  200
17 2008 229.2  4.8  3.0  1.8  37  68.4 1650.4 492  430  596  166  364  650  286
18 2009 232.5  3.3  1.8  1.5  45  47.9 1698.2 515  447  597  150  402  659  257
19 2010 234.6  2.1  0.9  1.2  57  30.8 1729.0 504  421  567  146  396  625  229
20 2011 237.3  2.7  1.5  1.2  44  40.0 1769.1 515  434  617  183  373  650  277
21 2012 239.4  2.1  1.2  0.9  42  31.4 1800.5 518  459  596  137  392  648  256
22 2013 241.5  2.1  0.9  1.2  57  31.7 1832.2 511  424  576  152  402  629  227
23 2014 242.4  0.9  0.3  0.6  66  13.7 1845.9 516  426  561  135  426  563  137
24 2015 244.2  1.8  0.9  0.9  49  27.5 1873.4 522  473  571   98  428  624  196
25 2016 246.6  2.4  1.2  1.2  50  37.0 1910.5 537  462  612  150  428  657  229

Core Length:  248.4 mm
Core Density: 443 kg/m3
Cross-sectional Density:  429 kg/m3
Early/Latewood Threshold: 500 kg/m3
Attenuation Constant: 3.11

ִִִִִִִִִִִִִִִִִִִִִִִִִִִִִִִִִִִִִִִִִִִִִִִִִִִִִִִִִִִִִִִִִִִִִִִִִִִִִִִ
Core : 44
ֲֲֲִִִִִִִִִִִִִִִִִִִִִִִִִִִִִִִִִִִִִִִִִִִִִִִִִִִִִִִִִִִִִִִִִִִִִִִִִִִִ
       ³Widths (mm)              ³ Areas    ³ Densities (kg/m3)
       ³                         ³ (cm‎)    ³
Ring   ³Outer Ring Erly Late   % ³Incr Total³Ring E/Wd L/Wd Unif  Min  Max  Rng
 # Year³ Rad.      Wood Wood  LW ³          ³mean mean mean
ֱֱֱִִִִִִִִִִִִִִִִִִִִִִִִִִִִִִִִִִִִִִִִִִִִִִִִִִִִִִִִִִִִִִִִִִִִִִִִִִִִ

 1 1993   4.5  4.5  4.5  0.0   0   0.6    0.6 369  369    0    0  210  443  233
 2 1994  20.4 15.9 15.0  0.9   5  12.4   13.1 344  334  507  173  271  514  243
 3 1995  43.8 23.4 22.5  0.9   3  47.2   60.3 355  349  511  162  286  516  230
 4 1996  65.4 21.6 19.2  2.4  11  74.1  134.4 383  363  539  176  283  563  280
 5 1997  84.6 19.2 16.8  2.4  12  90.5  224.8 405  384  555  171  335  595  260
 6 1998 108.3 23.7 21.3  2.4  10 143.6  368.5 420  409  517  108  357  530  173
 7 1999 138.0 29.7 29.7  0.0   0 229.8  598.3 390  390    0    0  310  493  183
 8 2000 166.5 28.5 26.7  1.8   6 272.6  870.9 402  395  511  116  322  520  198
 9 2001 185.7 19.2 18.3  0.9   4 212.4 1083.4 393  387  506  119  327  514  187
10 2002 195.9 10.2 10.2  0.0   0 122.3 1205.6 349  349    0    0  264  484  220
11 2003 204.3  8.4  7.2  1.2  14 105.6 1311.3 364  338  518  180  261  527  266
12 2004 214.2  9.9  8.1  1.8  18 130.2 1441.4 383  347  543  196  273  569  296
13 2005 225.6 11.4  9.9  1.5  13 157.5 1598.9 402  379  553  174  317  578  261
14 2006 231.3  5.7  4.2  1.5  26  81.8 1680.7 394  336  557  221  293  606  313
15 2007 236.7  5.4  3.3  2.1  38  79.4 1760.1 451  376  568  192  292  619  327
16 2008 240.3  3.6  2.7  0.9  25  53.9 1814.1 450  402  593  191  337  617  280
17 2009 242.7  2.4  1.5  0.9  37  36.4 1850.5 446  381  556  175  329  627  298
18 2010 246.0  3.3  2.1  1.2  36  50.7 1901.2 461  381  600  219  303  655  352
19 2011 247.5  1.5  0.9  0.6  40  23.3 1924.4 469  396  579  183  366  595  229
20 2012 248.7  1.2  0.6  0.6  50  18.7 1943.1 461  371  551  180  353  593  240
21 2013 249.6  0.9  0.6  0.3  33  14.1 1957.2 444  414  505   91  362  505  143
22 2014 250.8  1.2  0.9  0.3  25  18.9 1976.1 442  411  537  126  340  537  197
23 2015 252.3  1.5  1.2  0.3  20  23.7 1999.8 410  385  510  125  345  510  165
24 2016 253.2  0.9  0.3  0.6  66  14.3 2014.1 533  445  578  133  445  587  142

Core Length:  253.2 mm
Core Density: 413 kg/m3
Cross-sectional Density:  400 kg/m3
Early/Latewood Threshold: 500 kg/m3
Attenuation Constant: 3.11

ִִִִִִִִִִִִִִִִִִִִִִִִִִִִִִִִִִִִִִִִִִִִִִִִִִִִִִִִִִִִִִִִִִִִִִִִִִִִִִִ
Core : 47
ֲֲֲִִִִִִִִִִִִִִִִִִִִִִִִִִִִִִִִִִִִִִִִִִִִִִִִִִִִִִִִִִִִִִִִִִִִִִִִִִִִ
       ³Widths (mm)              ³ Areas    ³ Densities (kg/m3)
       ³                         ³ (cm‎)    ³
Ring   ³Outer Ring Erly Late   % ³Incr Total³Ring E/Wd L/Wd Unif  Min  Max  Rng
 # Year³ Rad.      Wood Wood  LW ³          ³mean mean mean
ֱֱֱִִִִִִִִִִִִִִִִִִִִִִִִִִִִִִִִִִִִִִִִִִִִִִִִִִִִִִִִִִִִִִִִִִִִִִִִִִִִ

 1 1991   4.3  4.3  3.3  0.0   0   0.6    0.6 264  264    0    0  217  294   77
 2 1992  16.0 11.7 11.7  0.0   0   7.5    8.0 277  277    0    0  219  447  228
 3 1993  37.0 21.0 21.0  0.0   0  35.0   43.0 300  300    0    0  215  458  243
 4 1994  57.7 20.7 20.7  0.0   0  61.6  104.6 300  300    0    0  226  474  248
 5 1995  80.2 22.5 22.5  0.0   0  97.5  202.1 326  326    0    0  255  458  203
 6 1996 103.3 23.1 23.1  0.0   0 133.2  335.2 345  345    0    0  249  475  226
 7 1997 129.7 26.4 26.4  0.0   0 193.2  528.5 336  336    0    0  258  475  217
 8 1998 150.7 21.0 21.0  0.0   0 185.0  713.5 348  348    0    0  261  462  201
 9 1999 170.8 20.1 20.1  0.0   0 203.0  916.5 353  353    0    0  261  467  206
10 2000 182.8 12.0 12.0  0.0   0 133.3 1049.8 343  343    0    0  227  483  256
11 2001 193.3 10.5 10.5  0.0   0 124.1 1173.9 357  357    0    0  264  453  189
12 2002 198.4  5.1  3.9  1.2  23  62.8 1236.6 375  331  519  188  236  530  294
13 2003 208.3  9.9  8.4  1.5  15 126.5 1363.1 392  365  545  180  277  574  297
14 2004 214.3  6.0  4.8  1.2  20  79.7 1442.8 402  364  556  192  268  581  313
15 2005 220.3  6.0  4.8  1.2  20  81.9 1524.7 406  367  560  193  276  604  328
16 2006 223.9  3.6  2.7  0.9  24  50.2 1574.9 381  331  532  201  271  557  286
17 2007 226.6  2.7  1.8  0.9  33  38.2 1613.1 434  364  574  210  283  614  331
18 2008 229.6  3.0  2.1  0.9  30  43.0 1656.1 398  340  533  193  277  552  275
19 2009 230.8  1.2  1.2  0.0   0  17.4 1673.5 421  421    0    0  358  494  136
20 2010 231.7  0.9  0.6  0.3  33  13.1 1686.6 431  382  528  146  360  528  168
21 2011 232.3  0.6  0.6  0.0   0   8.7 1695.3 392  392    0    0  341  444  103
22 2012 232.9  0.6  0.6  0.0   0   8.8 1704.1 381  381    0    0  373  389   16
23 2013 233.5  0.6  0.6  0.0   0   8.8 1712.9 390  390    0    0  347  433   86
24 2014 234.1  0.6  0.6  0.0   0   8.8 1721.7 390  390    0    0  308  473  165
25 2015 236.2  2.1  1.2  0.9  42  31.0 1752.7 492  408  603  195  329  616  287
26 2016 238.6  2.4  1.5  0.9  37  35.8 1788.5 484  401  623  222  333  662  329

Core Length:  237.6 mm
Core Density: 373 kg/m3
Cross-sectional Density:  363 kg/m3
Early/Latewood Threshold: 500 kg/m3
Attenuation Constant: 3.11

ִִִִִִִִִִִִִִִִִִִִִִִִִִִִִִִִִִִִִִִִִִִִִִִִִִִִִִִִִִִִִִִִִִִִִִִִִִִִִִִ
Core : 48
ֲֲֲִִִִִִִִִִִִִִִִִִִִִִִִִִִִִִִִִִִִִִִִִִִִִִִִִִִִִִִִִִִִִִִִִִִִִִִִִִִִ
       ³Widths (mm)              ³ Areas    ³ Densities (kg/m3)
       ³                         ³ (cm‎)    ³
Ring   ³Outer Ring Erly Late   % ³Incr Total³Ring E/Wd L/Wd Unif  Min  Max  Rng
 # Year³ Rad.      Wood Wood  LW ³          ³mean mean mean
ֱֱֱִִִִִִִִִִִִִִִִִִִִִִִִִִִִִִִִִִִִִִִִִִִִִִִִִִִִִִִִִִִִִִִִִִִִִִִִִִִִ

 1 1991   4.0  4.0  3.0  0.0   0   0.5    0.5 327  327    0    0  299  365   66
 2 1992  13.0  9.0  9.0  0.0   0   4.8    5.3 314  314    0    0  252  464  212
 3 1993  33.4 20.4 20.4  0.0   0  29.7   35.0 324  324    0    0  240  482  242
 4 1994  57.7 24.3 23.1  1.2   4  69.5  104.6 334  325  521  196  254  529  275
 5 1995  84.1 26.4 25.8  0.6   2 117.6  222.2 351  348  510  162  277  514  237
 6 1996 110.5 26.4 25.2  1.2   4 161.4  383.6 377  371  510  139  316  516  200
 7 1997 139.6 29.1 28.8  0.3   1 228.6  612.2 376  374  521  147  303  521  218
 8 1998 158.8 19.2 18.9  0.3   1 180.0  792.2 387  385  512  127  322  512  190
 9 1999 176.5 17.7 16.8  0.9   5 186.4  978.7 374  365  537  172  316  595  279
10 2000 187.6 11.1 11.1  0.0   0 127.0 1105.6 366  366    0    0  299  484  185
11 2001 201.4 13.8 12.6  1.2   8 168.6 1274.3 384  371  513  142  316  536  220
12 2002 213.7 12.3 11.1  1.2   9 160.4 1434.7 386  371  526  155  318  542  224
13 2003 224.5 10.8  9.6  1.2  11 148.7 1583.4 403  384  557  173  321  598  277
14 2004 231.1  6.6  4.5  2.1  31  94.5 1677.8 422  371  531  160  323  551  228
15 2005 240.1  9.0  6.0  3.0  33 133.2 1811.1 433  371  557  186  334  624  290
16 2006 245.2  5.1  3.6  1.5  29  77.8 1888.8 436  389  548  159  331  594  263
17 2007 248.8  3.6  2.4  1.2  33  55.9 1944.7 431  381  530  149  326  546  220
18 2008 253.9  5.1  4.5  0.6  11  80.5 2025.2 409  393  528  135  319  540  221
19 2009 256.9  3.0  2.4  0.6  19  48.1 2073.4 403  375  519  144  327  526  199
20 2010 260.2  3.3  3.0  0.3   9  53.6 2127.0 382  368  530  162  287  530  243
21 2011 262.6  2.4  2.4  0.0   0  39.4 2166.4 371  371    0    0  328  482  154
22 2012 264.4  1.8  1.2  0.6  33  29.8 2196.2 421  371  520  149  326  520  194
23 2013 266.8  2.4  1.8  0.6  25  40.1 2236.3 429  391  543  152  328  566  238
24 2014 269.5  2.7  2.4  0.3  11  45.5 2281.7 383  368  508  140  292  508  216
25 2015 272.8  3.3  2.4  0.9  27  56.2 2338.0 440  407  529  122  308  548  240
26 2016 275.5  2.7  2.4  0.3  11  46.5 2384.5 390  375  517  142  309  517  208

Core Length:  274.5 mm
Core Density: 386 kg/m3
Cross-sectional Density:  389 kg/m3
Early/Latewood Threshold: 500 kg/m3
Attenuation Constant: 3.11

