File : C:\DENSITOM\TAIRUA~1\TAIR16.DAT
Cores :
3
5
7
19
23
25
31
39
42
47

ִִִִִִִִִִִִִִִִִִִִִִִִִִִִִִִִִִִִִִִִִִִִִִִִִִִִִִִִִִִִִִִִִִִִִִִִִִִִִִִ
Core : 3
ֲֲֲִִִִִִִִִִִִִִִִִִִִִִִִִִִִִִִִִִִִִִִִִִִִִִִִִִִִִִִִִִִִִִִִִִִִִִִִִִִִ
       ³Widths (mm)              ³ Areas    ³ Densities (kg/m3)
       ³                         ³ (cm‎)    ³
Ring   ³Outer Ring Erly Late   % ³Incr Total³Ring E/Wd L/Wd Unif  Min  Max  Rng
 # Year³ Rad.      Wood Wood  LW ³          ³mean mean mean
ֱֱֱִִִִִִִִִִִִִִִִִִִִִִִִִִִִִִִִִִִִִִִִִִִִִִִִִִִִִִִִִִִִִִִִִִִִִִִִִִִִ

 2 1993  11.2 11.2  9.6  0.6   5   3.9    3.9 350  339  526  187  291  528  237
 3 1994  24.7 13.5 12.0  1.5  11  15.2   19.2 353  330  541  211  263  571  308
 4 1995  39.1 14.4 12.9  1.5  10  28.9   48.0 363  343  538  195  284  556  272
 5 1996  53.8 14.7 13.2  1.5  10  42.9   90.9 390  371  555  184  286  585  299
 6 1997  69.7 15.9 12.3  3.6  22  61.7  152.6 419  383  543  160  304  590  286
 7 1998  81.7 12.0  8.7  3.3  27  57.1  209.7 436  398  536  138  333  581  248
 8 1999  89.8  8.1  6.3  1.8  22  43.6  253.3 431  402  532  130  327  555  228
 9 2000  95.2  5.4  3.9  1.5  27  31.4  284.7 432  381  565  184  321  628  307
10 2001 100.6  5.4  4.5  0.9  16  33.2  317.9 458  432  587  155  327  611  284
11 2002 104.5  3.9  2.7  1.2  30  25.1  343.1 455  391  599  208  320  615  295
12 2003 108.4  3.9  1.5  2.4  61  26.1  369.2 522  441  573  132  374  634  260
13 2004 112.3  3.9  2.1  1.8  46  27.0  396.2 507  432  594  162  391  637  246
14 2005 115.3  3.0  1.5  1.5  50  21.5  417.6 491  424  557  133  366  675  309
15 2006 117.1  1.8  0.9  0.9  49  13.1  430.8 529  458  601  143  407  641  234
16 2007 118.9  1.8  0.9  0.9  50  13.3  444.1 502  408  597  189  354  634  280
17 2008 121.3  2.4  1.2  1.2  49  18.1  462.2 516  460  572  112  415  593  178
18 2009 124.0  2.7  0.9  1.8  66  20.8  483.1 523  400  585  185  366  646  280
19 2010 126.1  2.1  0.9  1.2  57  16.5  499.6 488  397  557  160  372  589  217
20 2011 128.8  2.7  0.9  1.8  66  21.6  521.2 537  440  586  146  387  630  243
21 2012 132.1  3.3  1.5  1.8  54  27.0  548.2 500  426  562  136  343  593  250
22 2013 135.4  3.3  1.5  1.8  54  27.7  576.0 505  395  597  202  329  678  349
23 2014 138.1  2.7  0.9  1.8  66  23.2  599.2 510  382  574  192  340  622  282
24 2015 142.9  4.8  1.5  3.3  68  42.4  641.5 526  393  586  193  358  638  280
25 2016 145.3  2.4  1.2  1.2  50  21.7  663.3 478  378  579  201  341  613  272

Core Length:  144.3 mm
Core Density: 467 kg/m3
Cross-sectional Density:  463 kg/m3
Early/Latewood Threshold: 500 kg/m3
Attenuation Constant: 3.11

ִִִִִִִִִִִִִִִִִִִִִִִִִִִִִִִִִִִִִִִִִִִִִִִִִִִִִִִִִִִִִִִִִִִִִִִִִִִִִִִ
Core : 5
ֲֲֲִִִִִִִִִִִִִִִִִִִִִִִִִִִִִִִִִִִִִִִִִִִִִִִִִִִִִִִִִִִִִִִִִִִִִִִִִִִִ
       ³Widths (mm)              ³ Areas    ³ Densities (kg/m3)
       ³                         ³ (cm‎)    ³
Ring   ³Outer Ring Erly Late   % ³Incr Total³Ring E/Wd L/Wd Unif  Min  Max  Rng
 # Year³ Rad.      Wood Wood  LW ³          ³mean mean mean
ֱֱֱִִִִִִִִִִִִִִִִִִִִִִִִִִִִִִִִִִִִִִִִִִִִִִִִִִִִִִִִִִִִִִִִִִִִִִִִִִִִ

 2 1992  17.7 17.7 11.7  0.0   0   9.8    9.8 341  341    0    0  261  495  234
 3 1993  36.3 18.6 18.6  0.0   0  31.6   41.4 362  362    0    0  265  470  205
 4 1994  48.9 12.6 12.6  0.0   0  33.7   75.1 316  316    0    0  263  464  201
 5 1995  62.1 13.2 12.9  0.3   2  46.0  121.2 331  326  534  208  267  534  267
 6 1996  72.9 10.8 10.5  0.3   2  45.8  167.0 331  326  503  177  274  503  229
 7 1997  83.7 10.8 10.2  0.6   5  53.1  220.1 353  344  509  165  287  512  225
 8 1998  91.5  7.8  6.6  1.2  15  42.9  263.0 392  363  550  187  285  562  277
 9 1999  96.3  4.8  4.8  0.0   0  28.3  291.3 384  384    0    0  338  465  127
10 2000 100.8  4.5  4.2  0.3   6  27.9  319.2 389  380  512  132  287  512  225
11 2001 104.7  3.9  2.4  1.5  38  25.2  344.4 483  427  573  146  388  674  286
12 2002 108.6  3.9  2.4  1.5  38  26.1  370.5 460  393  568  175  321  651  330
13 2003 111.9  3.3  1.2  2.1  63  22.9  393.4 527  445  575  130  385  667  282
14 2004 116.1  4.2  2.4  1.8  42  30.1  423.5 486  401  599  198  345  719  374
15 2005 119.7  3.6  2.1  1.5  41  26.7  450.1 499  434  590  156  382  711  329
16 2006 122.4  2.7  1.5  1.2  44  20.5  470.7 511  412  633  221  348  733  385
17 2007 125.4  3.0  1.2  1.8  60  23.4  494.0 536  417  615  198  387  710  323
18 2008 129.9  4.5  1.8  2.7  59  36.1  530.1 536  414  617  203  374  726  352
19 2009 133.5  3.6  2.1  1.5  41  29.8  559.9 509  431  618  187  381  694  313
20 2010 137.7  4.2  2.1  2.1  49  35.8  595.7 488  399  577  178  348  735  387
21 2011 141.3  3.6  1.8  1.8  50  31.6  627.2 520  430  610  180  394  669  275
22 2012 146.1  4.8  2.4  2.4  49  43.3  670.6 509  408  611  203  358  688  330
23 2013 150.3  4.2  2.1  2.1  50  39.1  709.7 525  429  622  193  400  667  267
24 2014 155.1  4.8  2.4  2.4  49  46.1  755.7 488  381  595  214  329  681  352
25 2015 159.6  4.5  2.4  2.1  46  44.5  800.2 508  402  628  226  357  684  327
26 2016 163.5  3.9  1.8  2.1  53  39.6  839.8 520  426  601  175  383  678  295

Core Length:  157.5 mm
Core Density: 452 kg/m3
Cross-sectional Density:  448 kg/m3
Early/Latewood Threshold: 500 kg/m3
Attenuation Constant: 3.11

ִִִִִִִִִִִִִִִִִִִִִִִִִִִִִִִִִִִִִִִִִִִִִִִִִִִִִִִִִִִִִִִִִִִִִִִִִִִִִִִ
Core : 7
ֲֲֲִִִִִִִִִִִִִִִִִִִִִִִִִִִִִִִִִִִִִִִִִִִִִִִִִִִִִִִִִִִִִִִִִִִִִִִִִִִִ
       ³Widths (mm)              ³ Areas    ³ Densities (kg/m3)
       ³                         ³ (cm‎)    ³
Ring   ³Outer Ring Erly Late   % ³Incr Total³Ring E/Wd L/Wd Unif  Min  Max  Rng
 # Year³ Rad.      Wood Wood  LW ³          ³mean mean mean
ֱֱֱִִִִִִִִִִִִִִִִִִִִִִִִִִִִִִִִִִִִִִִִִִִִִִִִִִִִִִִִִִִִִִִִִִִִִִִִִִִִ

 2 1992  17.8 17.8 13.5  0.3   1  10.0   10.0 385  382  512  130  344  512  168
 3 1993  36.4 18.6 17.7  0.9   4  31.7   41.6 391  385  517  132  320  529  209
 4 1994  52.0 15.6 14.1  1.5   9  43.3   84.9 391  373  557  184  328  586  258
 5 1995  68.5 16.5 15.0  1.5   9  62.5  147.4 418  402  581  179  356  600  244
 6 1996  85.6 17.1 15.3  1.8  10  82.8  230.2 404  386  556  170  325  580  255
 7 1997 104.2 18.6 16.5  2.1  11 110.9  341.1 412  399  514  115  331  540  209
 8 1998 116.5 12.3 10.5  1.8  14  85.3  426.4 416  396  537  141  330  557  227
 9 1999 124.3  7.8  6.0  1.8  23  59.0  485.4 439  406  550  144  350  617  267
10 2000 129.4  5.1  3.9  1.2  23  40.6  526.0 440  398  577  179  353  616  263
11 2001 136.0  6.6  5.7  0.9  13  55.0  581.1 442  418  593  175  372  629  257
12 2002 141.1  5.1  3.3  1.8  35  44.4  625.5 438  356  588  232  323  643  320
13 2003 146.8  5.7  3.3  2.4  42  51.6  677.0 479  413  569  156  353  640  287
14 2004 150.7  3.9  2.7  1.2  30  36.5  713.5 468  395  630  235  337  684  347
15 2005 154.6  3.9  2.4  1.5  38  37.4  750.9 500  416  636  220  336  670  334
16 2006 158.5  3.9  2.4  1.5  38  38.4  789.2 486  419  594  175  335  667  332
17 2007 162.4  3.9  2.4  1.5  38  39.3  828.6 484  402  614  212  326  673  347
18 2008 165.4  3.0  1.8  1.2  40  30.9  859.5 484  399  612  213  325  657  332
19 2009 167.8  2.4  1.2  1.2  50  25.1  884.6 467  364  571  207  332  620  288
20 2010 169.3  1.5  1.2  0.3  20  15.9  900.5 466  425  627  202  336  627  291
21 2011 171.1  1.8  1.2  0.6  33  19.2  919.7 423  354  561  207  314  573  259
22 2012 173.8  2.7  1.5  1.2  44  29.3  949.0 467  382  574  192  332  624  292
23 2013 175.9  2.1  1.2  0.9  42  23.1  972.0 490  407  602  195  381  635  254
24 2014 177.7  1.8  0.9  0.9  49  20.0  992.0 487  380  594  214  367  623  256
25 2015 180.4  2.7  0.6  2.1  77  30.4 1022.4 545  409  584  175  379  669  290
26 2016 182.5  2.1  1.2  0.9  42  23.9 1046.3 497  425  593  168  403  634  231

Core Length:  178.5 mm
Core Density: 452 kg/m3
Cross-sectional Density:  444 kg/m3
Early/Latewood Threshold: 500 kg/m3
Attenuation Constant: 3.11

ִִִִִִִִִִִִִִִִִִִִִִִִִִִִִִִִִִִִִִִִִִִִִִִִִִִִִִִִִִִִִִִִִִִִִִִִִִִִִִִ
Core : 19
ֲֲֲִִִִִִִִִִִִִִִִִִִִִִִִִִִִִִִִִִִִִִִִִִִִִִִִִִִִִִִִִִִִִִִִִִִִִִִִִִִִ
       ³Widths (mm)              ³ Areas    ³ Densities (kg/m3)
       ³                         ³ (cm‎)    ³
Ring   ³Outer Ring Erly Late   % ³Incr Total³Ring E/Wd L/Wd Unif  Min  Max  Rng
 # Year³ Rad.      Wood Wood  LW ³          ³mean mean mean
ֱֱֱִִִִִִִִִִִִִִִִִִִִִִִִִִִִִִִִִִִִִִִִִִִִִִִִִִִִִִִִִִִִִִִִִִִִִִִִִִִִ

 1 1992  10.5 10.5 10.2  0.3   2   3.5    3.5 372  367  550  183  302  550  248
 2 1993  25.8 15.3 12.0  3.3  21  17.4   20.9 435  401  559  158  336  621  285
 3 1994  41.1 15.3 13.5  1.8  11  32.2   53.1 393  368  581  213  322  617  295
 4 1995  57.3 16.2 15.3  0.9   5  50.1  103.1 405  394  588  194  354  619  265
 5 1996  72.0 14.7 14.1  0.6   4  59.7  162.9 393  384  596  212  334  598  264
 6 1997  84.0 12.0 10.2  1.8  15  58.8  221.7 417  396  538  142  342  561  219
 7 1998  95.7 11.7 10.2  1.5  12  66.1  287.7 433  414  559  145  356  603  247
 8 1999 105.9 10.2  9.0  1.2  11  64.6  352.3 418  400  557  157  349  591  242
 9 2000 113.4  7.5  6.3  1.2  16  51.7  404.0 411  389  531  142  331  595  264
10 2001 119.4  6.0  4.5  1.5  25  43.9  447.9 462  430  557  127  357  635  278
11 2002 122.7  3.3  2.4  0.9  27  25.1  473.0 467  409  622  213  339  656  317
12 2003 127.2  4.5  1.5  3.0  66  35.3  508.3 534  467  567  100  439  615  176
13 2004 130.5  3.3  2.1  1.2  36  26.7  535.0 516  457  619  162  442  697  255
14 2005 134.1  3.6  1.8  1.8  49  29.9  564.9 523  459  587  128  433  714  281
15 2006 137.4  3.3  1.2  2.1  63  28.1  593.1 512  424  563  139  411  644  233
16 2007 139.5  2.1  0.6  1.5  71  18.3  611.4 565  459  607  148  451  678  227
17 2008 142.2  2.7  1.2  1.5  55  23.9  635.3 521  465  566  101  442  655  213
18 2009 144.0  1.8  0.6  1.2  66  16.2  651.4 527  478  552   74  478  619  141
19 2010 145.2  1.2  0.3  0.9  74  10.9  662.3 550  483  573   90  483  607  124
20 2011 147.0  1.8  1.2  0.6  33  16.5  678.9 478  432  572  140  390  582  192
21 2012 148.8  1.8  0.9  0.9  49  16.7  695.6 480  412  549  137  374  582  208
22 2013 150.9  2.1  1.2  0.9  42  19.8  715.4 525  451  624  173  398  655  257
23 2014 153.0  2.1  0.9  1.2  57  20.0  735.4 506  415  575  160  384  620  236
24 2015 155.1  2.1  0.9  1.2  57  20.3  755.7 532  435  605  170  414  650  236
25 2016 156.0  0.9  0.3  0.6  66   8.8  764.5 524  435  569  134  435  622  187

Core Length:  156.0 mm
Core Density: 475 kg/m3
Cross-sectional Density:  458 kg/m3
Early/Latewood Threshold: 500 kg/m3
Attenuation Constant: 3.11

ִִִִִִִִִִִִִִִִִִִִִִִִִִִִִִִִִִִִִִִִִִִִִִִִִִִִִִִִִִִִִִִִִִִִִִִִִִִִִִִ
Core : 23
ֲֲֲִִִִִִִִִִִִִִִִִִִִִִִִִִִִִִִִִִִִִִִִִִִִִִִִִִִִִִִִִִִִִִִִִִִִִִִִִִִִ
       ³Widths (mm)              ³ Areas    ³ Densities (kg/m3)
       ³                         ³ (cm‎)    ³
Ring   ³Outer Ring Erly Late   % ³Incr Total³Ring E/Wd L/Wd Unif  Min  Max  Rng
 # Year³ Rad.      Wood Wood  LW ³          ³mean mean mean
ֱֱֱִִִִִִִִִִִִִִִִִִִִִִִִִִִִִִִִִִִִִִִִִִִִִִִִִִִִִִִִִִִִִִִִִִִִִִִִִִִִ

 3 1993  18.2 18.2 12.3  0.9   4  10.4   10.4 386  375  525  150  310  545  235
 4 1994  42.2 24.0 21.0  3.0  12  45.5   55.9 381  358  543  185  291  571  280
 5 1995  65.0 22.8 20.7  2.1   9  76.8  132.7 418  405  546  141  353  598  245
 6 1996  83.9 18.9 16.5  2.4  12  88.4  221.1 410  390  547  157  326  582  256
 7 1997 104.9 21.0 17.7  3.3  15 124.6  345.7 427  407  536  129  340  574  234
 8 1998 121.7 16.8 13.5  3.3  19 119.6  465.3 436  414  527  113  328  550  222
 9 1999 134.6 12.9 11.4  1.5  11 103.9  569.2 429  414  546  132  351  599  248
10 2000 141.8  7.2  5.4  1.8  25  62.5  631.7 420  370  571  201  314  629  315
11 2001 150.8  9.0  5.7  3.3  36  82.7  714.4 476  421  572  151  368  637  269
12 2002 155.9  5.1  3.0  2.1  41  49.1  763.6 461  395  556  161  334  644  310
13 2003 162.5  6.6  3.0  3.6  54  66.0  829.6 515  448  572  124  401  704  303
14 2004 165.8  3.3  1.2  2.1  63  34.0  863.6 565  449  632  183  421  708  287
15 2005 171.5  5.7  1.8  3.9  68  60.4  924.0 547  429  601  172  379  710  331
16 2006 174.2  2.7  0.9  1.8  66  29.3  953.3 560  446  616  170  407  715  308
17 2007 175.7  1.5  0.6  0.9  60  16.5  969.8 542  472  589  117  448  667  219
18 2008 177.5  1.8  0.6  1.2  66  20.0  989.8 509  413  557  144  382  634  252
19 2009 180.2  2.7  1.5  1.2  44  30.3 1020.1 515  436  613  177  396  683  287
20 2010 182.3  2.1  1.2  0.9  42  23.9 1044.1 495  429  582  153  385  635  250
21 2011 187.1  4.8  2.4  2.4  49  55.7 1099.8 511  412  611  199  360  682  322
22 2012 190.7  3.6  1.5  2.1  58  42.7 1142.5 504  383  590  207  357  703  346
23 2013 194.0  3.3  1.5  1.8  54  39.9 1182.4 515  419  595  176  375  680  305
24 2014 197.3  3.3  1.8  1.5  45  40.6 1222.9 530  432  647  215  365  696  331
25 2015 201.8  4.5  2.1  2.4  53  56.4 1279.4 523  423  611  188  368  695  327
26 2016 204.2  2.4  1.5  0.9  37  30.6 1310.0 482  429  570  141  370  657  287

Core Length:  199.2 mm
Core Density: 481 kg/m3
Cross-sectional Density:  468 kg/m3
Early/Latewood Threshold: 500 kg/m3
Attenuation Constant: 3.11

ִִִִִִִִִִִִִִִִִִִִִִִִִִִִִִִִִִִִִִִִִִִִִִִִִִִִִִִִִִִִִִִִִִִִִִִִִִִִִִִ
Core : 25
ֲֲֲִִִִִִִִִִִִִִִִִִִִִִִִִִִִִִִִִִִִִִִִִִִִִִִִִִִִִִִִִִִִִִִִִִִִִִִִִִִִ
       ³Widths (mm)              ³ Areas    ³ Densities (kg/m3)
       ³                         ³ (cm‎)    ³
Ring   ³Outer Ring Erly Late   % ³Incr Total³Ring E/Wd L/Wd Unif  Min  Max  Rng
 # Year³ Rad.      Wood Wood  LW ³          ³mean mean mean
ֱֱֱִִִִִִִִִִִִִִִִִִִִִִִִִִִִִִִִִִִִִִִִִִִִִִִִִִִִִִִִִִִִִִִִִִִִִִִִִִִִ

 1 1992   7.2  7.2  7.2  0.0   0   1.6    1.6 352  352    0    0  312  418  106
 2 1993  33.6 26.4 26.4  0.0   0  33.8   35.5 334  334    0    0  248  448  200
 3 1994  58.8 25.2 22.2  3.0  11  73.2  108.6 368  343  552  209  285  575  290
 4 1995  81.9 23.1 20.4  2.7  11 102.1  210.7 399  380  544  164  340  573  233
 5 1996 105.6 23.7 21.3  2.4  10 139.6  350.3 406  392  531  139  335  561  226
 6 1997 128.1 22.5 19.8  2.7  12 165.2  515.5 408  391  536  145  344  581  237
 7 1998 142.5 14.4 14.1  0.3   2 122.4  637.9 438  436  507   71  352  507  155
 8 1999 151.5  9.0  8.4  0.6   6  83.1  721.1 403  395  524  129  298  546  248
 9 2000 159.0  7.5  7.5  0.0   0  73.2  794.2 403  403    0    0  276  497  221
10 2001 167.7  8.7  6.6  2.1  24  89.3  883.5 442  413  530  117  328  614  286
11 2002 174.3  6.6  4.5  2.1  31  70.9  954.4 471  433  552  119  329  610  281
12 2003 180.6  6.3  3.6  2.7  42  70.2 1024.7 480  438  537   99  373  626  253
13 2004 186.0  5.4  1.8  3.6  66  62.2 1086.9 522  392  588  196  341  656  315
14 2005 189.9  3.9  1.5  2.4  61  46.1 1132.9 517  414  582  168  360  690  330
15 2006 192.6  2.7  1.2  1.5  55  32.4 1165.4 523  426  600  174  375  647  272
16 2007 195.6  3.0  0.9  2.1  70  36.6 1202.0 544  423  596  173  368  677  309
17 2008 199.5  3.9  1.2  2.7  69  48.4 1250.4 548  418  606  188  387  683  296
18 2009 201.6  2.1  0.9  1.2  57  26.5 1276.8 539  458  600  142  411  652  241
19 2010 203.4  1.8  0.6  1.2  66  22.9 1299.7 513  412  563  151  394  617  223
20 2011 204.9  1.5  0.6  0.9  60  19.2 1319.0 547  474  596  122  456  650  194
21 2012 206.7  1.8  0.9  0.9  49  23.3 1342.2 516  467  564   97  429  597  168
22 2013 208.5  1.8  0.3  1.5  83  23.5 1365.7 588  481  609  128  481  675  194
23 2014 210.3  1.8  0.3  1.5  83  23.7 1389.4 543  496  553   57  496  588   92
24 2015 211.8  1.5  0.0  1.5 100  19.9 1409.3 566    0  566  566  510  634  124
25 2016 213.3  1.5  0.3  1.2  80  20.0 1429.3 550  461  573  112  461  611  150

Core Length:  213.3 mm
Core Density: 476 kg/m3
Cross-sectional Density:  450 kg/m3
Early/Latewood Threshold: 500 kg/m3
Attenuation Constant: 3.11

ִִִִִִִִִִִִִִִִִִִִִִִִִִִִִִִִִִִִִִִִִִִִִִִִִִִִִִִִִִִִִִִִִִִִִִִִִִִִִִִ
Core : 31
ֲֲֲִִִִִִִִִִִִִִִִִִִִִִִִִִִִִִִִִִִִִִִִִִִִִִִִִִִִִִִִִִִִִִִִִִִִִִִִִִִִ
       ³Widths (mm)              ³ Areas    ³ Densities (kg/m3)
       ³                         ³ (cm‎)    ³
Ring   ³Outer Ring Erly Late   % ³Incr Total³Ring E/Wd L/Wd Unif  Min  Max  Rng
 # Year³ Rad.      Wood Wood  LW ³          ³mean mean mean
ֱֱֱִִִִִִִִִִִִִִִִִִִִִִִִִִִִִִִִִִִִִִִִִִִִִִִִִִִִִִִִִִִִִִִִִִִִִִִִִִִִ

 1 1992   4.8  4.8  4.8  0.0   0   0.7    0.7 315  315    0    0  281  338   57
 2 1993  14.7  9.9  9.9  0.0   0   6.1    6.8 355  355    0    0  279  472  193
 3 1994  31.8 17.1 15.6  1.5   8  25.0   31.8 367  352  517  165  289  534  245
 4 1995  45.3 13.5 12.3  1.2   8  32.7   64.5 398  383  551  168  320  621  301
 5 1996  57.6 12.3 10.5  1.8  14  39.8  104.2 416  392  556  164  313  616  303
 6 1997  69.9 12.3  9.9  2.4  19  49.3  153.5 455  428  564  136  342  620  278
 7 1998  77.4  7.5  4.2  3.3  44  34.7  188.2 473  393  575  182  323  634  311
 8 1999  84.9  7.5  5.1  2.4  32  38.2  226.4 488  454  560  106  395  650  255
 9 2000  91.5  6.6  5.1  1.5  22  36.6  263.0 450  411  583  172  320  643  323
10 2001  98.4  6.9  5.4  1.5  21  41.2  304.2 464  434  574  140  351  628  277
11 2002 103.2  4.8  2.7  2.1  43  30.4  334.6 458  370  572  202  320  653  333
12 2003 108.0  4.8  2.1  2.7  56  31.8  366.4 512  447  563  116  374  620  246
13 2004 112.8  4.8  2.7  2.1  43  33.3  399.7 506  426  609  183  374  629  255
14 2005 116.7  3.9  2.4  1.5  38  28.1  427.9 491  430  590  160  349  690  341
15 2006 119.7  3.0  1.5  1.5  50  22.3  450.1 507  420  595  175  362  661  299
16 2007 123.6  3.9  1.8  2.1  53  29.8  479.9 530  433  612  179  368  700  332
17 2008 129.6  6.0  3.0  3.0  50  47.7  527.7 523  425  621  196  370  687  317
18 2009 135.6  6.0  3.0  3.0  50  50.0  577.7 512  436  587  151  352  639  287
19 2010 140.4  4.8  2.4  2.4  49  41.6  619.3 518  425  612  187  368  683  315
20 2011 146.4  6.0  3.3  2.7  45  54.1  673.3 494  414  592  178  361  644  283
21 2012 152.7  6.3  4.2  2.1  33  59.2  732.5 487  432  596  164  372  673  301
22 2013 159.3  6.6  3.3  3.3  50  64.7  797.2 518  436  601  165  401  650  249
23 2014 166.8  7.5  3.9  3.6  48  76.8  874.1 500  436  568  132  390  641  251
24 2015 174.9  8.1  4.8  3.3  40  87.0  961.0 504  448  586  138  410  656  246
25 2016 182.4  7.5  5.4  2.1  28  84.2 1045.2 467  417  595  178  377  638  261

Core Length:  182.4 mm
Core Density: 468 kg/m3
Cross-sectional Density:  483 kg/m3
Early/Latewood Threshold: 500 kg/m3
Attenuation Constant: 3.11

ִִִִִִִִִִִִִִִִִִִִִִִִִִִִִִִִִִִִִִִִִִִִִִִִִִִִִִִִִִִִִִִִִִִִִִִִִִִִִִִ
Core : 39
ֲֲֲִִִִִִִִִִִִִִִִִִִִִִִִִִִִִִִִִִִִִִִִִִִִִִִִִִִִִִִִִִִִִִִִִִִִִִִִִִִִ
       ³Widths (mm)              ³ Areas    ³ Densities (kg/m3)
       ³                         ³ (cm‎)    ³
Ring   ³Outer Ring Erly Late   % ³Incr Total³Ring E/Wd L/Wd Unif  Min  Max  Rng
 # Year³ Rad.      Wood Wood  LW ³          ³mean mean mean
ֱֱֱִִִִִִִִִִִִִִִִִִִִִִִִִִִִִִִִִִִִִִִִִִִִִִִִִִִִִִִִִִִִִִִִִִִִִִִִִִִִ

 3 1993  18.8 18.8 13.2  0.6   3  11.1   11.1 376  370  518  148  302  521  219
 4 1994  37.4 18.6 18.0  0.6   3  32.8   43.9 377  372  512  140  303  524  221
 5 1995  52.7 15.3 13.5  1.8  11  43.3   87.3 382  360  541  181  312  568  256
 6 1996  64.7 12.0 10.2  1.8  14  44.3  131.5 414  389  557  168  334  608  274
 7 1997  76.4 11.7  9.0  2.7  23  51.9  183.4 422  390  531  141  339  586  247
 8 1998  88.7 12.3 10.8  1.5  12  63.8  247.2 410  388  568  180  318  602  284
 9 1999  98.9 10.2  8.1  2.1  20  60.1  307.3 430  399  552  153  332  605  273
10 2000 104.3  5.4  4.5  0.9  16  34.5  341.8 419  396  533  137  337  554  217
11 2001 108.2  3.9  2.7  1.2  30  26.0  367.8 428  372  555  183  307  575  268
12 2002 111.8  3.6  2.1  1.5  41  24.9  392.7 477  432  540  108  343  594  251
13 2003 113.9  2.1  1.2  0.9  42  14.9  407.6 481  412  574  162  363  647  284
14 2004 116.0  2.1  0.6  1.5  71  15.2  422.7 548  492  570   78  491  630  139
15 2005 117.5  1.5  0.6  0.9  60  11.0  433.7 521  430  582  152  424  629  205
16 2006 118.7  1.2  0.3  0.9  75   8.9  442.6 546  468  572  104  468  642  174
17 2007 119.6  0.9  0.0  0.9  99   6.7  449.4 576    0  576  576  547  623   76
18 2008 120.5  0.9  0.3  0.6  66   6.8  456.2 543  497  566   69  497  606  109
19 2009 121.7  1.2  0.3  0.9  75   9.1  465.3 531  496  542   46  496  580   84
20 2010 122.9  1.2  0.3  0.9  75   9.2  474.5 533  484  549   65  484  599  115
21 2011 124.4  1.5  0.9  0.6  40  11.7  486.2 468  429  528   99  399  553  154
22 2012 125.9  1.5  0.6  0.9  60  11.8  498.0 514  465  547   82  445  581  136
23 2013 127.7  1.8  1.2  0.6  33  14.3  512.3 469  438  530   92  410  554  144
24 2014 128.9  1.2  0.6  0.6  49   9.7  522.0 489  442  536   94  409  559  150
25 2015 130.7  1.8  1.2  0.6  33  14.7  536.7 463  421  547  126  387  554  167
26 2016 131.9  1.2  1.2  0.0   0   9.9  546.6 432  432    0    0  372  486  114

Core Length:  126.9 mm
Core Density: 468 kg/m3
Cross-sectional Density:  439 kg/m3
Early/Latewood Threshold: 500 kg/m3
Attenuation Constant: 3.11

ִִִִִִִִִִִִִִִִִִִִִִִִִִִִִִִִִִִִִִִִִִִִִִִִִִִִִִִִִִִִִִִִִִִִִִִִִִִִִִִ
Core : 42
ֲֲֲִִִִִִִִִִִִִִִִִִִִִִִִִִִִִִִִִִִִִִִִִִִִִִִִִִִִִִִִִִִִִִִִִִִִִִִִִִִִ
       ³Widths (mm)              ³ Areas    ³ Densities (kg/m3)
       ³                         ³ (cm‎)    ³
Ring   ³Outer Ring Erly Late   % ³Incr Total³Ring E/Wd L/Wd Unif  Min  Max  Rng
 # Year³ Rad.      Wood Wood  LW ³          ³mean mean mean
ֱֱֱִִִִִִִִִִִִִִִִִִִִִִִִִִִִִִִִִִִִִִִִִִִִִִִִִִִִִִִִִִִִִִִִִִִִִִִִִִִִ

 1 1991   4.2  4.2  4.2  0.0   0   0.6    0.6 331  331    0    0  279  372   93
 2 1992  12.6  8.4  8.4  0.0   0   4.4    5.0 320  320    0    0  245  482  237
 3 1993  32.4 19.8 19.5  0.3   1  28.0   33.0 360  357  502  145  255  502  247
 4 1994  50.1 17.7 16.2  1.5   8  45.9   78.9 373  357  550  193  313  602  289
 5 1995  63.9 13.8 13.2  0.6   4  49.4  128.3 388  382  521  139  301  534  233
 6 1996  75.9 12.0  7.5  4.5  37  52.7  181.0 464  417  542  125  367  613  246
 7 1997  86.7 10.8  9.3  1.5  13  55.2  236.2 445  425  567  142  398  590  192
 8 1998  95.4  8.7  6.6  2.1  24  49.8  285.9 452  422  545  123  377  601  224
 9 1999 101.7  6.3  6.0  0.3   4  39.0  324.9 433  430  506   76  387  506  119
10 2000 108.9  7.2  5.7  1.5  20  47.6  372.6 430  407  518  111  357  546  189
11 2001 116.4  7.5  6.0  1.5  20  53.1  425.7 446  424  536  112  364  557  193
12 2002 120.6  4.2  3.0  1.2  28  31.3  456.9 442  403  542  139  351  565  214
13 2003 125.1  4.5  3.9  0.6  13  34.7  491.7 460  446  551  105  394  564  170
14 2004 128.7  3.6  2.4  1.2  33  28.7  520.4 462  418  550  132  366  590  224
15 2005 132.6  3.9  2.4  1.5  38  32.0  552.4 481  430  563  133  354  650  296
16 2006 135.0  2.4  1.5  0.9  37  20.2  572.6 476  422  567  145  381  578  197
17 2007 136.8  1.8  1.5  0.3  16  15.4  587.9 471  444  608  164  358  608  250
18 2008 138.6  1.8  1.2  0.6  33  15.6  603.5 455  427  511   84  354  517  163
19 2009 140.1  1.5  0.6  0.9  60  13.1  616.6 467  374  529  155  341  554  213
20 2010 141.6  1.5  0.6  0.9  60  13.3  629.9 483  395  542  147  393  613  220
21 2011 143.1  1.5  1.2  0.3  20  13.4  643.3 445  408  594  186  355  594  239
22 2012 144.3  1.2  0.6  0.6  50  10.8  654.2 494  414  573  159  412  614  202
23 2013 145.2  0.9  0.6  0.3  33   8.2  662.3 497  462  569  107  436  569  133
24 2014 147.3  2.1  1.2  0.9  42  19.3  681.6 466  397  559  162  372  611  239
25 2015 149.4  2.1  1.5  0.6  28  19.6  701.2 450  422  522  100  382  535  153
26 2016 150.3  0.9  0.3  0.6  66   8.5  709.7 503  432  539  107  432  562  130

Core Length:  150.3 mm
Core Density: 442 kg/m3
Cross-sectional Density:  440 kg/m3
Early/Latewood Threshold: 500 kg/m3
Attenuation Constant: 3.11

ִִִִִִִִִִִִִִִִִִִִִִִִִִִִִִִִִִִִִִִִִִִִִִִִִִִִִִִִִִִִִִִִִִִִִִִִִִִִִִִ
Core : 47
ֲֲֲִִִִִִִִִִִִִִִִִִִִִִִִִִִִִִִִִִִִִִִִִִִִִִִִִִִִִִִִִִִִִִִִִִִִִִִִִִִִ
       ³Widths (mm)              ³ Areas    ³ Densities (kg/m3)
       ³                         ³ (cm‎)    ³
Ring   ³Outer Ring Erly Late   % ³Incr Total³Ring E/Wd L/Wd Unif  Min  Max  Rng
 # Year³ Rad.      Wood Wood  LW ³          ³mean mean mean
ֱֱֱִִִִִִִִִִִִִִִִִִִִִִִִִִִִִִִִִִִִִִִִִִִִִִִִִִִִִִִִִִִִִִִִִִִִִִִִִִִִ

 1 1992  10.2 10.2  9.3  0.9   8   3.3    3.3 370  353  543  190  224  558  334
 2 1993  27.9 17.7 14.4  3.3  18  21.2   24.5 400  369  535  166  280  587  307
 3 1994  44.1 16.2 13.2  3.0  18  36.6   61.1 409  367  592  225  318  652  334
 4 1995  60.0 15.9 13.5  2.4  15  52.0  113.1 436  410  580  170  369  627  258
 5 1996  73.5 13.5 11.4  2.1  15  56.6  169.7 432  403  592  189  364  647  283
 6 1997  88.8 15.3 11.7  3.6  23  78.0  247.7 445  412  554  142  346  616  270
 7 1998 102.3 13.5  9.3  4.2  31  81.0  328.8 469  424  567  143  346  631  285
 8 1999 112.5 10.2  6.3  3.9  38  68.8  397.6 494  439  584  145  393  686  293
 9 2000 119.7  7.2  4.5  2.7  37  52.5  450.1 493  416  622  206  362  725  363
10 2001 126.9  7.2  3.9  3.3  45  55.8  505.9 516  428  620  192  398  711  313
11 2002 132.0  5.1  3.3  1.8  35  41.5  547.4 492  417  631  214  369  688  319
12 2003 138.3  6.3  2.1  4.2  66  53.5  600.9 564  454  619  165  432  729  297
13 2004 141.9  3.6  1.5  2.1  58  31.7  632.6 549  456  616  160  406  692  286
14 2005 145.5  3.6  1.5  2.1  58  32.5  665.1 521  416  596  180  398  702  304
15 2006 148.5  3.0  1.2  1.8  60  27.7  692.8 556  435  637  202  413  734  321
16 2007 150.9  2.4  1.2  1.2  49  22.6  715.4 533  433  633  200  409  713  304
17 2008 154.2  3.3  1.2  2.1  63  31.6  747.0 533  437  588  151  412  720  308
18 2009 156.6  2.4  0.9  1.5  62  23.4  770.4 565  446  637  191  422  715  293
19 2010 159.3  2.7  0.9  1.8  66  26.8  797.2 519  411  572  161  374  692  318
20 2011 161.7  2.4  1.5  0.9  37  24.2  821.4 502  434  615  181  407  648  241
21 2012 163.8  2.1  1.5  0.6  28  21.5  842.9 488  437  617  180  371  639  268
22 2013 165.6  1.8  0.9  0.9  49  18.6  861.5 491  409  574  165  375  658  283
23 2014 167.1  1.5  0.6  0.9  60  15.7  877.2 540  452  600  148  442  665  223
24 2015 170.1  3.0  1.5  1.5  50  31.8  909.0 501  425  578  153  391  642  251
25 2016 172.8  2.7  1.2  1.5  55  29.1  938.1 500  414  568  154  390  677  287

Core Length:  172.8 mm
Core Density: 492 kg/m3
Cross-sectional Density:  490 kg/m3
Early/Latewood Threshold: 500 kg/m3
Attenuation Constant: 3.11

