File : C:\DENSITOM\TAIRUA~1\TAIR15.DAT
Cores :
2
5
9
14
18
20
26
40
27
42

ִִִִִִִִִִִִִִִִִִִִִִִִִִִִִִִִִִִִִִִִִִִִִִִִִִִִִִִִִִִִִִִִִִִִִִִִִִִִִִִ
Core : 2
ֲֲֲִִִִִִִִִִִִִִִִִִִִִִִִִִִִִִִִִִִִִִִִִִִִִִִִִִִִִִִִִִִִִִִִִִִִִִִִִִִִ
       ³Widths (mm)              ³ Areas    ³ Densities (kg/m3)
       ³                         ³ (cm‎)    ³
Ring   ³Outer Ring Erly Late   % ³Incr Total³Ring E/Wd L/Wd Unif  Min  Max  Rng
 # Year³ Rad.      Wood Wood  LW ³          ³mean mean mean
ֱֱֱִִִִִִִִִִִִִִִִִִִִִִִִִִִִִִִִִִִִִִִִִִִִִִִִִִִִִִִִִִִִִִִִִִִִִִִִִִִִ

 2 1992   9.7  9.7  8.7  0.0   0   3.0    3.0 384  384    0    0  291  468  177
 3 1993  25.0 15.3 15.3  0.0   0  16.7   19.6 351  351    0    0  290  438  148
 4 1994  43.0 18.0 17.4  0.6   3  38.5   58.1 366  360  543  183  283  545  262
 5 1995  60.1 17.1 15.6  1.5   8  55.4  113.5 367  351  534  183  298  589  291
 6 1996  74.2 14.1 12.9  1.2   8  59.5  173.0 382  365  562  197  289  594  305
 7 1997  87.1 12.9 11.7  1.2   9  65.4  238.3 392  376  553  177  303  615  312
 8 1998  97.6 10.5  8.1  2.4  22  60.9  299.3 418  378  554  176  311  621  310
 9 1999 108.4 10.8 10.2  0.6   5  69.9  369.2 399  389  561  172  342  578  236
10 2000 113.8  5.4  4.8  0.6  11  37.7  406.9 375  354  549  195  298  582  284
11 2001 119.2  5.4  5.1  0.3   5  39.5  446.4 382  371  573  202  329  573  244
12 2002 122.5  3.3  2.7  0.6  18  25.1  471.4 394  355  570  215  324  606  282
13 2003 125.8  3.3  1.8  1.5  45  25.7  497.2 485  427  556  129  379  604  225
14 2004 130.0  4.2  2.4  1.8  42  33.8  530.9 499  424  600  176  357  665  308
15 2005 134.5  4.5  3.6  0.9  20  37.4  568.3 426  392  563  171  331  634  303
16 2006 137.2  2.7  1.8  0.9  33  23.0  591.4 446  396  547  151  325  610  285
17 2007 139.6  2.4  1.8  0.6  25  20.9  612.2 432  400  527  127  332  550  218
18 2008 142.6  3.0  1.8  1.2  40  26.6  638.8 471  390  593  203  356  634  278
19 2009 146.8  4.2  2.1  2.1  50  38.2  677.0 492  408  576  168  349  628  279
20 2010 149.5  2.7  1.8  0.9  33  25.1  702.2 452  405  545  140  343  572  229
21 2011 151.9  2.4  2.1  0.3  12  22.7  724.9 411  389  565  176  343  565  222
22 2012 153.7  1.8  1.8  0.0   0  17.3  742.2 433  433    0    0  366  489  123
23 2013 155.2  1.5  0.9  0.6  40  14.6  756.7 499  460  559   99  438  586  148
24 2014 156.4  1.2  0.9  0.3  25  11.7  768.5 433  405  518  113  376  518  142
25 2015 158.2  1.8  0.9  0.9  49  17.8  786.3 478  412  545  133  387  592  205
26 2016 159.1  0.9  0.9  0.0   0   9.0  795.2 403  403    0    0  364  474  110

Core Length:  158.1 mm
Core Density: 422 kg/m3
Cross-sectional Density:  415 kg/m3
Early/Latewood Threshold: 500 kg/m3
Attenuation Constant: 3.09

ִִִִִִִִִִִִִִִִִִִִִִִִִִִִִִִִִִִִִִִִִִִִִִִִִִִִִִִִִִִִִִִִִִִִִִִִִִִִִִִ
Core : 5
ֲֲֲִִִִִִִִִִִִִִִִִִִִִִִִִִִִִִִִִִִִִִִִִִִִִִִִִִִִִִִִִִִִִִִִִִִִִִִִִִִִ
       ³Widths (mm)              ³ Areas    ³ Densities (kg/m3)
       ³                         ³ (cm‎)    ³
Ring   ³Outer Ring Erly Late   % ³Incr Total³Ring E/Wd L/Wd Unif  Min  Max  Rng
 # Year³ Rad.      Wood Wood  LW ³          ³mean mean mean
ֱֱֱִִִִִִִִִִִִִִִִִִִִִִִִִִִִִִִִִִִִִִִִִִִִִִִִִִִִִִִִִִִִִִִִִִִִִִִִִִִִ

 1 1991   3.3  3.3  3.3  0.0   0   0.3    0.3 328  328    0    0  211  388  177
 2 1992  13.2  9.9  8.7  1.2  12   5.1    5.5 404  387  527  140  288  542  254
 3 1993  34.5 21.3 20.7  0.6   2  31.9   37.4 386  383  513  130  311  521  210
 4 1994  56.4 21.9 19.8  2.1   9  62.5   99.9 354  334  536  202  278  569  291
 5 1995  75.9 19.5 17.4  2.1  10  81.0  181.0 373  348  582  234  288  619  331
 6 1996  92.7 16.8 14.1  2.7  16  89.0  270.0 395  360  578  218  311  645  334
 7 1997 109.2 16.5 13.2  3.3  20 104.7  374.6 390  341  585  244  296  641  345
 8 1998 123.9 14.7 10.8  3.9  26 107.6  482.3 422  375  554  179  310  618  308
 9 1999 135.3 11.4  8.1  3.3  28  92.8  575.1 440  382  584  202  340  661  321
10 2000 147.6 12.3  7.8  4.5  36 109.3  684.4 479  386  640  254  348  701  353
11 2001 162.9 15.3 11.1  4.2  27 149.2  833.7 482  431  617  186  380  686  306
12 2002 171.0  8.1  6.0  2.1  25  85.0  918.6 442  374  636  262  316  688  372
13 2003 181.2 10.2  7.2  3.0  29 112.9 1031.5 467  412  601  189  366  675  309
14 2004 188.1  6.9  4.8  2.1  30  80.1 1111.5 449  375  618  243  327  684  357
15 2005 196.5  8.4  6.3  2.1  24 101.5 1213.0 446  382  636  254  323  704  381
16 2006 204.3  7.8  5.7  2.1  26  98.2 1311.3 436  379  591  212  326  687  361
17 2007 211.5  7.2  5.7  1.5  20  94.1 1405.3 461  413  646  233  352  709  357
18 2008 219.0  7.5  5.1  2.4  32 101.4 1506.7 466  397  611  214  353  691  338
19 2009 224.4  5.4  3.6  1.8  33  75.2 1582.0 472  398  620  222  357  704  347
20 2010 228.9  4.5  3.3  1.2  26  64.1 1646.0 468  423  591  168  368  705  337
21 2011 234.0  5.1  3.0  2.1  41  74.2 1720.2 495  404  624  220  359  701  342
22 2012 239.1  5.1  3.6  1.5  29  75.8 1796.0 480  413  640  227  369  707  338
23 2013 243.9  4.8  2.1  2.7  56  72.8 1868.8 530  396  635  239  362  725  363
24 2014 248.1  4.2  2.7  1.5  35  64.9 1933.8 511  424  667  243  369  746  377
25 2015 253.2  5.1  2.1  3.0  58  80.3 2014.1 527  406  612  206  376  737  361
26 2016 258.0  4.8  3.0  1.8  37  77.1 2091.2 488  417  607  190  389  730  341

Core Length:  258.0 mm
Core Density: 445 kg/m3
Cross-sectional Density:  453 kg/m3
Early/Latewood Threshold: 500 kg/m3
Attenuation Constant: 3.09

ִִִִִִִִִִִִִִִִִִִִִִִִִִִִִִִִִִִִִִִִִִִִִִִִִִִִִִִִִִִִִִִִִִִִִִִִִִִִִִִ
Core : 9
ֲֲֲִִִִִִִִִִִִִִִִִִִִִִִִִִִִִִִִִִִִִִִִִִִִִִִִִִִִִִִִִִִִִִִִִִִִִִִִִִִִ
       ³Widths (mm)              ³ Areas    ³ Densities (kg/m3)
       ³                         ³ (cm‎)    ³
Ring   ³Outer Ring Erly Late   % ³Incr Total³Ring E/Wd L/Wd Unif  Min  Max  Rng
 # Year³ Rad.      Wood Wood  LW ³          ³mean mean mean
ֱֱֱִִִִִִִִִִִִִִִִִִִִִִִִִִִִִִִִִִִִִִִִִִִִִִִִִִִִִִִִִִִִִִִִִִִִִִִִִִִִ

 2 1992  16.4 16.4 11.4  0.0   0   8.4    8.4 336  336    0    0  277  495  218
 3 1993  35.3 18.9 18.3  0.6   3  30.7   39.1 386  382  503  121  316  507  191
 4 1994  59.0 23.7 22.2  1.5   6  70.2  109.4 355  344  520  176  297  542  245
 5 1995  80.3 21.3 20.1  1.2   5  93.2  202.6 402  394  538  144  338  565  227
 6 1996  99.5 19.2 16.2  3.0  15 108.5  311.0 407  381  545  164  317  579  262
 7 1997 122.9 23.4 18.3  5.1  21 163.5  474.5 447  421  542  121  328  596  268
 8 1998 139.7 16.8  7.2  9.6  57 138.6  613.1 485  401  548  147  330  615  285
 9 1999 152.3 12.6 11.1  1.5  11 115.6  728.7 439  420  579  159  375  618  243
10 2000 162.5 10.2  8.1  2.1  20 100.9  829.6 427  390  571  181  334  621  287
11 2001 170.9  8.4  5.4  3.0  35  88.0  917.6 490  437  585  148  392  654  262
12 2002 178.4  7.5  4.8  2.7  36  82.3  999.9 468  396  596  200  345  648  303
13 2003 184.4  6.0  2.1  3.9  65  68.4 1068.2 550  468  593  125  421  712  291
14 2004 190.1  5.7  3.0  2.7  47  67.1 1135.3 533  449  625  176  425  705  280
15 2005 194.9  4.8  2.7  2.1  43  58.1 1193.4 524  430  645  215  384  735  351
16 2006 198.2  3.3  1.2  2.1  63  40.8 1234.1 550  428  620  192  413  737  324
17 2007 201.5  3.3  0.9  2.4  72  41.4 1275.6 602  458  656  198  447  747  300
18 2008 206.3  4.8  2.1  2.7  56  61.5 1337.1 550  454  625  171  431  728  297
19 2009 210.8  4.5  1.5  3.0  66  59.0 1396.0 545  458  589  131  439  696  257
20 2010 213.5  2.7  1.5  1.2  44  36.0 1432.0 524  446  621  175  390  716  326
21 2011 216.5  3.0  1.2  1.8  60  40.5 1472.5 561  465  625  160  426  706  280
22 2012 221.0  4.5  1.2  3.3  73  61.9 1534.4 577  441  626  185  425  763  338
23 2013 225.8  4.8  1.2  3.6  75  67.4 1601.8 602  462  649  187  450  758  308
24 2014 231.5  5.7  1.5  4.2  73  81.9 1683.7 592  472  635  163  462  772  310
25 2015 238.7  7.2  2.7  4.5  62 106.4 1790.0 592  475  661  186  445  753  308
26 2016 245.3  6.6  2.4  4.2  63 100.4 1890.4 573  476  629  153  455  749  294

Core Length:  240.3 mm
Core Density: 500 kg/m3
Cross-sectional Density:  497 kg/m3
Early/Latewood Threshold: 500 kg/m3
Attenuation Constant: 3.09

ִִִִִִִִִִִִִִִִִִִִִִִִִִִִִִִִִִִִִִִִִִִִִִִִִִִִִִִִִִִִִִִִִִִִִִִִִִִִִִִ
Core : 14
ֲֲֲִִִִִִִִִִִִִִִִִִִִִִִִִִִִִִִִִִִִִִִִִִִִִִִִִִִִִִִִִִִִִִִִִִִִִִִִִִִִ
       ³Widths (mm)              ³ Areas    ³ Densities (kg/m3)
       ³                         ³ (cm‎)    ³
Ring   ³Outer Ring Erly Late   % ³Incr Total³Ring E/Wd L/Wd Unif  Min  Max  Rng
 # Year³ Rad.      Wood Wood  LW ³          ³mean mean mean
ֱֱֱִִִִִִִִִִִִִִִִִִִִִִִִִִִִִִִִִִִִִִִִִִִִִִִִִִִִִִִִִִִִִִִִִִִִִִִִִִִִ

 1 1991   2.4  2.4  2.4  0.0   0   0.2    0.2 407  407    0    0  236  482  246
 2 1992  12.9 10.5 10.5  0.0   0   5.0    5.2 327  327    0    0  271  420  149
 3 1993  31.8 18.9 18.9  0.0   0  26.5   31.8 327  327    0    0  264  445  181
 4 1994  52.5 20.7 18.6  2.1  10  54.8   86.6 347  328  514  186  262  531  269
 5 1995  69.6 17.1 14.7  2.4  14  65.6  152.2 388  365  532  167  283  560  277
 6 1996  86.4 16.8 15.3  1.5   8  82.3  234.5 386  371  541  170  274  557  283
 7 1997 105.9 19.5 17.1  2.4  12 117.8  352.3 395  377  526  149  316  556  240
 8 1998 120.0 14.1  9.9  4.2  29 100.1  452.4 419  364  547  183  311  596  285
 9 1999 135.3 15.3 12.9  2.4  15 122.7  575.1 416  391  550  159  341  590  249
10 2000 142.8  7.5  6.0  1.5  20  65.5  640.6 400  362  553  191  283  573  290
11 2001 151.2  8.4  7.2  1.2  14  77.6  718.2 447  418  621  203  336  662  326
12 2002 156.3  5.1  3.3  1.8  35  49.3  767.5 449  358  614  256  280  678  398
13 2003 160.2  3.9  2.1  1.8  46  38.8  806.3 508  425  605  180  363  705  342
14 2004 162.9  2.7  1.8  0.9  33  27.4  833.7 467  392  616  224  322  673  351
15 2005 165.0  2.1  1.2  0.9  42  21.6  855.3 490  418  586  168  326  650  324
16 2006 167.4  2.4  0.9  1.5  62  25.1  880.4 526  400  602  202  376  682  306
17 2007 169.2  1.8  0.9  0.9  49  19.0  899.4 488  394  583  189  327  635  308
18 2008 171.3  2.1  0.9  1.2  57  22.5  921.9 521  401  611  210  370  681  311
19 2009 172.5  1.2  0.3  0.9  75  13.0  934.8 523  463  543   80  463  574  111
20 2010 174.0  1.5  0.6  0.9  60  16.3  951.1 488  417  536  119  386  571  185
21 2011 175.5  1.5  1.2  0.3  20  16.5  967.6 434  407  546  139  342  546  204
22 2012 177.0  1.5  0.6  0.9  60  16.6  984.2 499  428  547  119  391  554  163
23 2013 178.8  1.8  0.6  1.2  66  20.1 1004.3 541  429  597  168  378  657  279
24 2014 181.2  2.4  0.6  1.8  74  27.1 1031.5 533  409  575  166  365  637  272
25 2015 183.9  2.7  0.9  1.8  66  31.0 1062.5 534  393  604  211  380  673  293
26 2016 186.0  2.1  0.6  1.5  71  24.4 1086.9 529  407  578  171  382  635  253

Core Length:  186.0 mm
Core Density: 453 kg/m3
Cross-sectional Density:  433 kg/m3
Early/Latewood Threshold: 500 kg/m3
Attenuation Constant: 3.09

ִִִִִִִִִִִִִִִִִִִִִִִִִִִִִִִִִִִִִִִִִִִִִִִִִִִִִִִִִִִִִִִִִִִִִִִִִִִִִִִ
Core : 18
ֲֲֲִִִִִִִִִִִִִִִִִִִִִִִִִִִִִִִִִִִִִִִִִִִִִִִִִִִִִִִִִִִִִִִִִִִִִִִִִִִִ
       ³Widths (mm)              ³ Areas    ³ Densities (kg/m3)
       ³                         ³ (cm‎)    ³
Ring   ³Outer Ring Erly Late   % ³Incr Total³Ring E/Wd L/Wd Unif  Min  Max  Rng
 # Year³ Rad.      Wood Wood  LW ³          ³mean mean mean
ֱֱֱִִִִִִִִִִִִִִִִִִִִִִִִִִִִִִִִִִִִִִִִִִִִִִִִִִִִִִִִִִִִִִִִִִִִִִִִִִִִ

 1 1992   3.9  3.9  3.9  0.0   0   0.5    0.5 321  321    0    0  285  346   61
 2 1993  15.3 11.4 11.4  0.0   0   6.9    7.4 336  336    0    0  285  433  148
 3 1994  35.1 19.8 19.8  0.0   0  31.4   38.7 314  314    0    0  250  451  201
 4 1995  57.6 22.5 21.0  1.5   6  65.5  104.2 365  354  512  158  242  526  284
 5 1996  82.5 24.9 22.8  2.1   8 109.6  213.8 366  351  529  178  257  562  305
 6 1997 107.1 24.6 23.4  1.2   4 146.5  360.4 360  352  514  162  278  526  248
 7 1998 126.6 19.5 17.4  2.1  10 143.2  503.5 385  365  545  180  283  578  295
 8 1999 142.5 15.9 14.4  1.5   9 134.4  637.9 388  368  576  208  307  610  303
 9 2000 155.1 12.6 11.4  1.2   9 117.8  755.7 385  370  525  155  313  535  222
10 2001 166.5 11.4 10.2  1.2  10 115.2  870.9 397  378  556  178  321  570  249
11 2002 174.9  8.4  7.2  1.2  14  90.1  961.0 420  395  570  175  302  587  285
12 2003 188.1 13.2 10.2  3.0  22 150.5 1111.5 450  416  562  146  357  637  280
13 2004 194.7  6.6  4.2  2.4  36  79.4 1190.9 440  376  551  175  329  623  294
14 2005 203.7  9.0  7.2  1.8  20 112.6 1303.6 436  398  588  190  304  644  340
15 2006 209.1  5.4  3.6  1.8  33  70.0 1373.6 463  400  588  188  326  638  312
16 2007 215.1  6.0  4.2  1.8  30  80.0 1453.6 476  422  601  179  345  654  309
17 2008 222.6  7.5  5.7  1.8  24 103.1 1556.7 458  428  552  124  371  603  232
18 2009 227.7  5.1  2.4  2.7  52  72.1 1628.8 487  404  560  156  355  642  287
19 2010 231.9  4.2  2.1  2.1  50  60.6 1689.5 502  427  577  150  362  689  327
20 2011 236.4  4.5  2.1  2.4  53  66.2 1755.7 506  426  577  151  379  639  260
21 2012 242.4  6.0  3.6  2.4  40  90.3 1845.9 511  457  591  134  386  633  247
22 2013 249.9  7.5  4.2  3.3  44 116.0 1961.9 503  453  566  113  412  642  230
23 2014 253.8  3.9  2.1  1.8  46  61.7 2023.6 490  417  577  160  373  638  265
24 2015 257.4  3.6  1.2  2.4  66  57.8 2081.5 515  435  555  120  403  661  258
25 2016 261.0  3.6  2.4  1.2  33  58.6 2140.1 473  434  550  116  340  572  232

Core Length:  261.0 mm
Core Density: 429 kg/m3
Cross-sectional Density:  432 kg/m3
Early/Latewood Threshold: 500 kg/m3
Attenuation Constant: 3.09

ִִִִִִִִִִִִִִִִִִִִִִִִִִִִִִִִִִִִִִִִִִִִִִִִִִִִִִִִִִִִִִִִִִִִִִִִִִִִִִִ
Core : 20
ֲֲֲִִִִִִִִִִִִִִִִִִִִִִִִִִִִִִִִִִִִִִִִִִִִִִִִִִִִִִִִִִִִִִִִִִִִִִִִִִִִ
       ³Widths (mm)              ³ Areas    ³ Densities (kg/m3)
       ³                         ³ (cm‎)    ³
Ring   ³Outer Ring Erly Late   % ³Incr Total³Ring E/Wd L/Wd Unif  Min  Max  Rng
 # Year³ Rad.      Wood Wood  LW ³          ³mean mean mean
ֱֱֱִִִִִִִִִִִִִִִִִִִִִִִִִִִִִִִִִִִִִִִִִִִִִִִִִִִִִִִִִִִִִִִִִִִִִִִִִִִִ

 1 1993  11.4 11.4  9.9  1.5  13   4.1    4.1 392  371  530  159  305  563  258
 2 1994  27.6 16.2 14.1  2.1  12  19.8   23.9 371  340  582  242  264  613  349
 3 1995  47.1 19.5 17.4  2.1  10  45.8   69.7 353  328  560  232  276  602  326
 4 1996  68.1 21.0 18.9  2.1   9  76.0  145.7 382  364  550  186  287  582  295
 5 1997  89.7 21.6 19.2  2.4  11 107.1  252.8 387  372  513  141  280  534  254
 6 1998 108.6 18.9 16.2  2.7  14 117.7  370.5 404  377  567  190  286  602  316
 7 1999 127.2 18.6 15.3  3.3  17 137.8  508.3 402  369  550  181  299  606  307
 8 2000 149.1 21.9 16.5  5.4  24 190.1  698.4 398  353  533  180  260  574  314
 9 2001 167.1 18.0 13.2  4.8  26 178.8  877.2 427  377  563  186  320  618  298
10 2002 179.7 12.6 11.1  1.5  11 137.3 1014.5 384  359  569  210  292  616  324
11 2003 195.0 15.3 11.1  4.2  27 180.1 1194.6 455  403  592  189  343  684  341
12 2004 202.5  7.5  4.8  2.7  36  93.7 1288.2 465  395  589  194  340  679  339
13 2005 210.0  7.5  5.7  1.8  24  97.2 1385.4 445  392  614  222  332  657  325
14 2006 215.7  5.7  4.2  1.5  26  76.2 1461.7 442  395  572  177  339  636  297
15 2007 223.5  7.8  5.7  2.1  26 107.6 1569.3 479  424  629  205  369  683  314
16 2008 232.5  9.0  6.0  3.0  33 128.9 1698.2 473  413  593  180  349  698  349
17 2009 240.3  7.8  4.8  3.0  38 115.9 1814.1 482  406  605  199  352  674  322
18 2010 247.5  7.2  4.8  2.4  33 110.3 1924.4 477  410  610  200  345  674  329
19 2011 254.4  6.9  3.6  3.3  47 108.8 2033.2 487  395  588  193  364  640  276
20 2012 259.8  5.4  3.3  2.1  38  87.2 2120.5 501  410  644  234  372  691  319
21 2013 266.7  6.9  4.2  2.7  39 114.1 2234.6 511  433  631  198  402  680  278
22 2014 272.4  5.7  3.0  2.7  47  96.5 2331.1 497  410  594  184  365  654  289
23 2015 278.7  6.3  4.2  2.1  33 109.1 2440.2 497  431  630  199  374  684  310
24 2016 283.5  4.8  2.4  2.4  50  84.8 2525.0 503  429  577  148  402  679  277

Core Length:  283.5 mm
Core Density: 442 kg/m3
Cross-sectional Density:  446 kg/m3
Early/Latewood Threshold: 500 kg/m3
Attenuation Constant: 3.09

ִִִִִִִִִִִִִִִִִִִִִִִִִִִִִִִִִִִִִִִִִִִִִִִִִִִִִִִִִִִִִִִִִִִִִִִִִִִִִִִ
Core : 26
ֲֲֲִִִִִִִִִִִִִִִִִִִִִִִִִִִִִִִִִִִִִִִִִִִִִִִִִִִִִִִִִִִִִִִִִִִִִִִִִִִִ
       ³Widths (mm)              ³ Areas    ³ Densities (kg/m3)
       ³                         ³ (cm‎)    ³
Ring   ³Outer Ring Erly Late   % ³Incr Total³Ring E/Wd L/Wd Unif  Min  Max  Rng
 # Year³ Rad.      Wood Wood  LW ³          ³mean mean mean
ֱֱֱִִִִִִִִִִִִִִִִִִִִִִִִִִִִִִִִִִִִִִִִִִִִִִִִִִִִִִִִִִִִִִִִִִִִִִִִִִִִ

 1 1991   3.9  3.9  3.9  0.0   0   0.5    0.5 336  336    0    0  293  376   83
 2 1992  10.8  6.9  6.9  0.0   0   3.2    3.7 344  344    0    0  304  442  138
 3 1993  30.3 19.5 19.5  0.0   0  25.2   28.8 351  351    0    0  264  490  226
 4 1994  50.1 19.8 18.9  0.9   4  50.0   78.9 345  336  546  210  283  586  303
 5 1995  67.5 17.4 16.8  0.6   3  64.3  143.1 366  358  587  229  316  612  296
 6 1996  85.2 17.7 16.2  1.5   8  84.9  228.0 370  356  526  170  288  548  260
 7 1997 106.5 21.3 19.2  2.1   9 128.3  356.3 384  366  545  179  296  627  331
 8 1998 120.9 14.4 12.0  2.4  16 102.9  459.2 386  353  552  199  291  589  298
 9 1999 135.0 14.1 12.3  1.8  12 113.4  572.6 408  389  535  146  327  557  230
10 2000 147.3 12.3 10.2  2.1  17 109.1  681.6 379  351  518  167  291  526  235
11 2001 161.7 14.4 12.6  1.8  12 139.8  821.4 385  360  555  195  281  587  306
12 2002 169.2  7.5  6.6  0.9  12  78.0  899.4 388  368  540  172  310  567  257
13 2003 181.2 12.0  8.1  3.9  32 132.1 1031.5 459  419  543  124  351  601  250
14 2004 191.7 10.5  8.7  1.8  17 123.0 1154.5 412  387  528  141  313  542  229
15 2005 202.5 10.8  7.8  3.0  27 133.7 1288.2 434  374  592  218  310  649  339
16 2006 211.5  9.0  7.5  1.5  16 117.1 1405.3 424  396  561  165  322  590  268
17 2007 219.0  7.5  5.7  1.8  24 101.4 1506.7 441  396  586  190  331  621  290
18 2008 227.7  8.7  7.2  1.5  17 122.1 1628.8 430  403  559  156  342  596  254
19 2009 235.8  8.1  6.3  1.8  22 117.9 1746.8 446  416  552  136  363  618  255
20 2010 241.2  5.4  3.9  1.5  27  80.9 1827.7 458  419  559  140  329  612  283
21 2011 246.3  5.1  3.9  1.2  23  78.1 1905.8 440  402  563  161  347  584  237
22 2012 252.3  6.0  4.2  1.8  30  94.0 1999.8 438  389  551  162  342  618  276
23 2013 259.8  7.5  5.4  2.1  27 120.7 2120.5 466  418  589  171  371  655  284
24 2014 266.1  6.3  3.9  2.4  38 104.1 2224.5 487  437  568  131  350  649  299
25 2015 271.8  5.7  2.4  3.3  57  96.3 2320.9 525  456  575  119  427  655  228
26 2016 273.9  2.1  1.5  0.6  28  36.0 2356.9 475  450  536   86  431  557  126

Core Length:  273.9 mm
Core Density: 414 kg/m3
Cross-sectional Density:  423 kg/m3
Early/Latewood Threshold: 500 kg/m3
Attenuation Constant: 3.09

ִִִִִִִִִִִִִִִִִִִִִִִִִִִִִִִִִִִִִִִִִִִִִִִִִִִִִִִִִִִִִִִִִִִִִִִִִִִִִִִ
Core : 40
ֲֲֲִִִִִִִִִִִִִִִִִִִִִִִִִִִִִִִִִִִִִִִִִִִִִִִִִִִִִִִִִִִִִִִִִִִִִִִִִִִִ
       ³Widths (mm)              ³ Areas    ³ Densities (kg/m3)
       ³                         ³ (cm‎)    ³
Ring   ³Outer Ring Erly Late   % ³Incr Total³Ring E/Wd L/Wd Unif  Min  Max  Rng
 # Year³ Rad.      Wood Wood  LW ³          ³mean mean mean
ֱֱֱִִִִִִִִִִִִִִִִִִִִִִִִִִִִִִִִִִִִִִִִִִִִִִִִִִִִִִִִִִִִִִִִִִִִִִִִִִִִ

 1 1992   5.4  5.4  5.4  0.0   0   0.9    0.9 336  336    0    0  182  440  258
 2 1993  22.8 17.4 16.5  0.9   5  15.4   16.3 371  363  515  152  275  529  254
 3 1994  47.1 24.3 20.7  3.6  14  53.4   69.7 390  364  537  173  308  584  276
 4 1995  74.7 27.6 24.9  2.7   9 105.6  175.3 391  372  568  196  323  613  290
 5 1996 102.6 27.9 26.7  1.2   4 155.4  330.7 382  377  509  132  288  516  228
 6 1997 127.2 24.6 19.5  5.1  20 177.6  508.3 422  391  540  149  287  569  282
 7 1998 145.5 18.3 14.4  3.9  21 156.8  665.1 426  399  528  129  331  548  217
 8 1999 169.5 24.0 20.7  3.3  13 237.5  902.6 408  388  536  148  307  590  283
 9 2000 184.5 15.0 12.0  3.0  20 166.8 1069.4 400  369  525  156  297  562  265
10 2001 198.0 13.5 11.1  2.4  17 162.2 1231.6 417  394  524  130  301  591  290
11 2002 204.9  6.9  5.4  1.5  21  87.3 1319.0 401  362  543  181  302  575  273
12 2003 215.4 10.5  5.7  4.8  45 138.6 1457.6 460  387  547  160  324  583  259
13 2004 219.3  3.9  2.7  1.2  30  53.3 1510.9 459  394  604  210  333  671  338
14 2005 224.4  5.1  4.2  0.9  17  71.1 1582.0 443  413  586  173  357  636  279
15 2006 228.0  3.6  1.8  1.8  49  51.2 1633.1 482  370  593  223  324  667  343
16 2007 231.3  3.3  2.1  1.2  36  47.6 1680.7 493  419  624  205  348  689  341
17 2008 236.7  5.4  3.3  2.1  38  79.4 1760.1 484  410  601  191  341  686  345
18 2009 240.9  4.2  2.7  1.5  35  63.0 1823.2 492  417  629  212  375  686  311
19 2010 245.4  4.5  3.0  1.5  33  68.7 1891.9 487  417  627  210  347  678  331
20 2011 249.3  3.9  2.4  1.5  38  60.6 1952.5 497  421  619  198  376  660  284
21 2012 252.9  3.6  2.1  1.5  41  56.8 2009.3 503  449  578  129  417  638  221
22 2013 257.1  4.2  1.8  2.4  57  67.3 2076.6 507  384  598  214  357  672  315
23 2014 261.0  3.9  1.2  2.7  69  63.5 2140.1 570  419  638  219  377  692  315
24 2015 267.3  6.3  2.4  3.9  61 104.6 2244.6 546  449  606  157  397  686  289
25 2016 272.1  4.8  2.1  2.7  56  81.3 2326.0 546  414  648  234  371  754  383

Core Length:  272.1 mm
Core Density: 452 kg/m3
Cross-sectional Density:  445 kg/m3
Early/Latewood Threshold: 500 kg/m3
Attenuation Constant: 3.09

ִִִִִִִִִִִִִִִִִִִִִִִִִִִִִִִִִִִִִִִִִִִִִִִִִִִִִִִִִִִִִִִִִִִִִִִִִִִִִִִ
Core : 27
ֲֲֲִִִִִִִִִִִִִִִִִִִִִִִִִִִִִִִִִִִִִִִִִִִִִִִִִִִִִִִִִִִִִִִִִִִִִִִִִִִִ
       ³Widths (mm)              ³ Areas    ³ Densities (kg/m3)
       ³                         ³ (cm‎)    ³
Ring   ³Outer Ring Erly Late   % ³Incr Total³Ring E/Wd L/Wd Unif  Min  Max  Rng
 # Year³ Rad.      Wood Wood  LW ³          ³mean mean mean
ֱֱֱִִִִִִִִִִִִִִִִִִִִִִִִִִִִִִִִִִִִִִִִִִִִִִִִִִִִִִִִִִִִִִִִִִִִִִִִִִִִ

 1 1992  12.7 12.7 11.1  0.6   4   5.1    5.1 345  337  501  164  301  502  201
 2 1993  31.3 18.6 18.6  0.0   0  25.7   30.8 353  353    0    0  282  473  191
 3 1994  49.3 18.0 16.8  1.2   6  45.6   76.4 320  304  536  232  255  560  305
 4 1995  62.5 13.2 12.9  0.3   2  46.4  122.7 343  337  599  262  289  599  310
 5 1996  72.4  9.9  8.7  1.2  12  42.0  164.7 401  379  562  183  295  588  293
 6 1997  86.5 14.1 12.0  2.1  14  70.4  235.1 379  352  528  176  276  558  282
 7 1998  94.0  7.5  6.0  1.5  20  42.5  277.6 402  368  536  168  279  603  324
 8 1999 102.4  8.4  6.9  1.5  17  51.8  329.4 402  373  534  161  304  573  269
 9 2000 108.7  6.3  4.5  1.8  28  41.8  371.2 422  362  573  211  296  618  322
10 2001 113.2  4.5  3.0  1.5  33  31.4  402.6 450  398  555  157  317  668  351
11 2002 115.3  2.1  1.5  0.6  28  15.1  417.6 447  374  630  256  292  664  372
12 2003 119.2  3.9  0.9  3.0  76  28.7  446.4 547  430  582  152  387  685  298
13 2004 121.9  2.7  1.2  1.5  55  20.5  466.8 490  379  578  199  340  624  284
14 2005 123.7  1.8  0.9  0.9  49  13.9  480.7 512  438  586  148  405  609  204
15 2006 124.6  0.9  0.3  0.6  66   7.0  487.7 554  433  615  182  433  653  220
16 2007 127.3  2.7  0.6  2.1  77  21.4  509.1 560  428  598  170  410  702  292
17 2008 129.7  2.4  0.6  1.8  74  19.4  528.5 570  447  611  164  407  698  291
18 2009 131.8  2.1  0.6  1.5  71  17.3  545.7 591  470  640  170  470  706  236
19 2010 134.2  2.4  0.9  1.5  62  20.1  565.8 556  427  633  206  385  725  340
20 2011 135.4  1.2  0.3  0.9  75  10.2  576.0 565  478  594  116  478  661  183
21 2012 136.6  1.2  0.3  0.9  75  10.3  586.2 540  471  564   93  471  607  136
22 2013 138.1  1.5  0.3  1.2  80  12.9  599.2 582  405  627  222  405  707  302
23 2014 139.3  1.2  0.3  0.9  75  10.5  609.6 606  486  646  160  486  692  206
24 2015 140.8  1.5  0.6  0.9  60  13.2  622.8 572  474  637  163  459  667  208
25 2016 141.4  0.6  0.0  0.6  99   5.3  628.1 556    0  556  556  524  589   65

Core Length:  140.4 mm
Core Density: 482 kg/m3
Cross-sectional Density:  442 kg/m3
Early/Latewood Threshold: 500 kg/m3
Attenuation Constant: 3.09

ִִִִִִִִִִִִִִִִִִִִִִִִִִִִִִִִִִִִִִִִִִִִִִִִִִִִִִִִִִִִִִִִִִִִִִִִִִִִִִִ
Core : 42
ֲֲֲִִִִִִִִִִִִִִִִִִִִִִִִִִִִִִִִִִִִִִִִִִִִִִִִִִִִִִִִִִִִִִִִִִִִִִִִִִִִ
       ³Widths (mm)              ³ Areas    ³ Densities (kg/m3)
       ³                         ³ (cm‎)    ³
Ring   ³Outer Ring Erly Late   % ³Incr Total³Ring E/Wd L/Wd Unif  Min  Max  Rng
 # Year³ Rad.      Wood Wood  LW ³          ³mean mean mean
ֱֱֱִִִִִִִִִִִִִִִִִִִִִִִִִִִִִִִִִִִִִִִִִִִִִִִִִִִִִִִִִִִִִִִִִִִִִִִִִִִִ

 2 1992   8.0  8.0  6.0  0.0   0   2.0    2.0 385  385    0    0  334  473  139
 3 1993  24.2 16.2 14.4  1.8  11  16.4   18.4 380  360  539  179  286  573  287
 4 1994  43.4 19.2 17.1  2.1  10  40.8   59.2 370  346  568  222  302  587  285
 5 1995  60.5 17.1 15.9  1.2   7  55.8  115.0 396  382  578  196  327  589  262
 6 1996  77.9 17.4 16.2  1.2   6  75.7  190.6 375  362  550  188  297  570  273
 7 1997  96.8 18.9 15.9  3.0  15 103.7  294.4 408  384  537  153  331  601  270
 8 1998 111.5 14.7 11.1  3.6  24  96.2  390.6 430  399  527  128  312  556  244
 9 1999 127.4 15.9 12.6  3.3  20 119.3  509.9 444  413  563  150  351  620  269
10 2000 138.2 10.8  9.3  1.5  13  90.1  600.0 420  399  547  148  353  586  233
11 2001 147.8  9.6  7.2  2.4  25  86.3  686.3 439  391  584  193  327  649  322
12 2002 154.1  6.3  4.2  2.1  33  59.8  746.0 444  384  563  179  343  629  286
13 2003 161.9  7.8  3.9  3.9  49  77.4  823.5 486  388  584  196  351  677  326
14 2004 167.6  5.7  3.9  1.8  31  59.0  882.5 433  368  573  205  326  653  327
15 2005 170.9  3.3  1.8  1.5  45  35.1  917.6 483  388  597  209  330  670  340
16 2006 174.5  3.6  1.5  2.1  58  39.1  956.6 485  363  572  209  314  629  315
17 2007 179.0  4.5  3.0  1.5  33  50.0 1006.6 467  415  572  157  338  620  282
18 2008 183.5  4.5  2.7  1.8  40  51.2 1057.8 443  369  554  185  316  610  294
19 2009 186.8  3.3  1.8  1.5  45  38.4 1096.2 478  394  580  186  311  624  313
20 2010 190.1  3.3  2.4  0.9  27  39.1 1135.3 435  373  600  227  286  633  347
21 2011 192.2  2.1  1.8  0.3  14  25.2 1160.5 407  378  582  204  315  582  267
22 2012 194.3  2.1  1.5  0.6  28  25.5 1186.0 430  372  576  204  287  591  304
23 2013 196.7  2.4  0.9  1.5  62  29.5 1215.5 531  397  612  215  344  649  305
24 2014 200.9  4.2  1.5  2.7  64  52.5 1268.0 521  396  591  195  352  643  291
25 2015 206.6  5.7  2.4  3.3  57  73.0 1340.9 513  429  574  145  358  615  257
26 2016 209.6  3.0  1.8  1.2  40  39.2 1380.2 498  433  596  163  375  634  259

Core Length:  207.6 mm
Core Density: 444 kg/m3
Cross-sectional Density:  444 kg/m3
Early/Latewood Threshold: 500 kg/m3
Attenuation Constant: 3.09

