File : C:\DENSITOM\TAIRUA~1\TAIR13.DAT
Cores :
8
16
17
19
21
26
31
32
34
54
58

ִִִִִִִִִִִִִִִִִִִִִִִִִִִִִִִִִִִִִִִִִִִִִִִִִִִִִִִִִִִִִִִִִִִִִִִִִִִִִִִ
Core : 8
ֲֲֲִִִִִִִִִִִִִִִִִִִִִִִִִִִִִִִִִִִִִִִִִִִִִִִִִִִִִִִִִִִִִִִִִִִִִִִִִִִִ
       ³Widths (mm)              ³ Areas    ³ Densities (kg/m3)
       ³                         ³ (cm‎)    ³
Ring   ³Outer Ring Erly Late   % ³Incr Total³Ring E/Wd L/Wd Unif  Min  Max  Rng
 # Year³ Rad.      Wood Wood  LW ³          ³mean mean mean
ֱֱֱִִִִִִִִִִִִִִִִִִִִִִִִִִִִִִִִִִִִִִִִִִִִִִִִִִִִִִִִִִִִִִִִִִִִִִִִִִִִ

 3 1993  15.7 15.7 10.8  0.9   5   7.7    7.7 368  355  525  170  299  545  246
 4 1994  28.0 12.3 10.8  1.5  12  16.9   24.6 393  368  575  207  325  611  286
 5 1995  40.6 12.6 11.4  1.2   9  27.2   51.8 399  382  554  172  325  571  246
 6 1996  55.6 15.0 13.5  1.5  10  45.3   97.1 389  370  558  188  302  578  276
 7 1997  73.3 17.7 15.3  2.4  13  71.7  168.8 421  403  538  135  338  611  273
 8 1998  85.0 11.7  9.6  2.1  17  58.2  227.0 448  427  543  116  339  573  234
 9 1999  94.6  9.6  8.7  0.9   9  54.2  281.1 433  422  541  119  364  570  206
10 2000 101.8  7.2  6.6  0.6   8  44.4  325.6 414  402  549  147  320  550  230
11 2001 109.6  7.8  6.3  1.5  19  51.8  377.4 438  401  595  194  313  629  316
12 2002 114.1  4.5  3.0  1.5  33  31.6  409.0 443  373  582  209  315  610  295
13 2003 119.5  5.4  2.1  3.3  61  39.6  448.6 525  460  566  106  421  673  252
14 2004 124.3  4.8  2.4  2.4  50  36.8  485.4 535  455  615  160  423  711  288
15 2005 129.1  4.8  1.8  3.0  62  38.2  523.6 529  445  580  135  354  696  342
16 2006 133.3  4.2  3.0  1.2  28  34.6  558.2 458  403  595  192  358  655  297
17 2007 137.2  3.9  2.7  1.2  30  33.1  591.4 491  426  638  212  375  710  335
18 2008 141.7  4.5  3.0  1.5  33  39.4  630.8 503  427  656  229  366  720  354
19 2009 145.6  3.9  2.1  1.8  46  35.2  666.0 514  431  610  179  378  718  340
20 2010 149.2  3.6  2.1  1.5  41  33.3  699.3 523  430  652  222  372  729  357
21 2011 154.0  4.8  2.1  2.7  56  45.7  745.1 521  434  589  155  368  629  261
22 2012 157.3  3.3  1.5  1.8  54  32.3  777.3 519  388  629  241  346  698  352
23 2013 160.9  3.6  1.2  2.4  66  36.0  813.3 551  414  620  206  371  745  374
24 2014 164.5  3.6  1.5  2.1  58  36.8  850.1 566  447  652  205  408  727  319
25 2015 168.1  3.6  1.2  2.4  66  37.6  887.7 580  450  645  195  414  741  327
26 2016 169.9  1.8  0.9  0.9  49  19.1  906.9 525  458  593  135  432  614  182

Core Length:  165.9 mm
Core Density: 478 kg/m3
Cross-sectional Density:  478 kg/m3
Early/Latewood Threshold: 500 kg/m3
Attenuation Constant: 3.11

ִִִִִִִִִִִִִִִִִִִִִִִִִִִִִִִִִִִִִִִִִִִִִִִִִִִִִִִִִִִִִִִִִִִִִִִִִִִִִִִ
Core : 16
ֲֲֲִִִִִִִִִִִִִִִִִִִִִִִִִִִִִִִִִִִִִִִִִִִִִִִִִִִִִִִִִִִִִִִִִִִִִִִִִִִִ
       ³Widths (mm)              ³ Areas    ³ Densities (kg/m3)
       ³                         ³ (cm‎)    ³
Ring   ³Outer Ring Erly Late   % ³Incr Total³Ring E/Wd L/Wd Unif  Min  Max  Rng
 # Year³ Rad.      Wood Wood  LW ³          ³mean mean mean
ֱֱֱִִִִִִִִִִִִִִִִִִִִִִִִִִִִִִִִִִִִִִִִִִִִִִִִִִִִִִִִִִִִִִִִִִִִִִִִִִִִ

 1 1991   2.4  2.4  2.4  0.0   0   0.2    0.2 336  336    0    0  318  368   50
 2 1992  22.8 20.4 20.4  0.0   0  16.2   16.3 340  340    0    0  260  499  239
 3 1993  43.2 20.4 20.1  0.3   1  42.3   58.6 354  351  504  153  280  504  224
 4 1994  60.3 17.1 15.3  1.8  10  55.6  114.2 352  328  556  228  267  604  337
 5 1995  73.5 13.2 12.3  0.9   6  55.5  169.7 373  358  575  217  296  618  322
 6 1996  87.0 13.5 12.0  1.5  11  68.1  237.8 391  370  559  189  300  602  302
 7 1997 105.0 18.0 15.9  2.1  11 108.6  346.4 394  373  550  177  310  612  302
 8 1998 117.0 12.0  9.9  2.1  17  83.7  430.1 415  388  542  154  320  594  274
 9 1999 127.5 10.5  8.7  1.8  17  80.7  510.7 412  386  536  150  319  574  255
10 2000 137.1  9.6  6.3  3.3  34  79.8  590.5 455  386  586  200  315  640  325
11 2001 147.0  9.9  7.2  2.7  27  88.4  678.9 459  413  582  169  358  643  285
12 2002 155.1  8.1  5.1  3.0  37  76.9  755.7 447  368  581  213  324  658  334
13 2003 163.5  8.4  6.0  2.4  28  84.1  839.8 473  439  559  120  391  624  233
14 2004 170.1  6.6  4.5  2.1  31  69.2  909.0 466  412  581  169  367  627  260
15 2005 177.6  7.5  5.1  2.4  32  81.9  990.9 466  408  590  182  328  643  315
16 2006 182.4  4.8  3.3  1.5  31  54.3 1045.2 439  380  570  190  307  585  278
17 2007 185.7  3.3  2.7  0.6  18  38.2 1083.4 397  366  539  173  292  567  275
18 2008 188.4  2.7  1.8  0.9  33  31.7 1115.1 431  380  533  153  330  554  224
19 2009 190.2  1.8  1.5  0.3  16  21.4 1136.5 430  415  506   91  329  506  177
20 2010 191.4  1.2  1.2  0.0   0  14.4 1150.9 404  404    0    0  351  448   97
21 2011 192.6  1.2  1.2  0.0   0  14.5 1165.4 370  370    0    0  332  464  132
22 2012 194.4  1.8  1.8  0.0   0  21.9 1187.3 343  343    0    0  284  449  165
23 2013 196.8  2.4  1.5  0.9  37  29.5 1216.7 430  369  532  163  347  541  194
24 2014 199.5  2.7  1.8  0.9  33  33.6 1250.4 435  372  560  188  314  602  288
25 2015 202.2  2.7  1.5  1.2  44  34.1 1284.4 465  393  554  161  349  610  261
26 2016 204.3  2.1  1.5  0.6  28  26.8 1311.3 422  381  526  145  339  534  195

Core Length:  204.3 mm
Core Density: 411 kg/m3
Cross-sectional Density:  422 kg/m3
Early/Latewood Threshold: 500 kg/m3
Attenuation Constant: 3.11

ִִִִִִִִִִִִִִִִִִִִִִִִִִִִִִִִִִִִִִִִִִִִִִִִִִִִִִִִִִִִִִִִִִִִִִִִִִִִִִִ
Core : 17
ֲֲֲִִִִִִִִִִִִִִִִִִִִִִִִִִִִִִִִִִִִִִִִִִִִִִִִִִִִִִִִִִִִִִִִִִִִִִִִִִִִ
       ³Widths (mm)              ³ Areas    ³ Densities (kg/m3)
       ³                         ³ (cm‎)    ³
Ring   ³Outer Ring Erly Late   % ³Incr Total³Ring E/Wd L/Wd Unif  Min  Max  Rng
 # Year³ Rad.      Wood Wood  LW ³          ³mean mean mean
ֱֱֱִִִִִִִִִִִִִִִִִִִִִִִִִִִִִִִִִִִִִִִִִִִִִִִִִִִִִִִִִִִִִִִִִִִִִִִִִִִִ

 4 1994  24.9 24.9 19.2  2.7  10  19.5   19.5 366  344  526  182  288  553  265
 5 1995  48.0 23.1 21.0  2.1   9  52.9   72.4 387  372  530  158  334  566  232
 6 1996  71.4 23.4 21.3  2.1   8  87.8  160.2 395  381  535  154  291  557  266
 7 1997  93.9 22.5 20.7  1.8   8 116.8  277.0 387  377  505  128  311  512  201
 8 1998 114.3 20.4 18.0  2.4  11 133.4  410.4 394  379  509  130  294  518  224
 9 1999 131.4 17.1 14.1  3.0  17 132.0  542.4 424  399  538  139  321  563  242
10 2000 144.3 12.9 10.2  2.7  20 111.7  654.2 412  387  510  123  285  529  244
11 2001 156.9 12.6  9.0  3.6  28 119.2  773.4 424  377  542  165  282  601  319
12 2002 164.1  7.2  4.5  2.7  37  72.6  846.0 443  358  586  228  294  650  356
13 2003 172.5  8.4  5.4  3.0  35  88.8  934.8 466  410  568  158  359  622  263
14 2004 178.8  6.3  4.2  2.1  33  69.5 1004.3 456  393  581  188  325  611  286
15 2005 184.8  6.0  3.6  2.4  40  68.5 1072.9 470  390  589  199  330  654  324
16 2006 192.3  7.5  4.8  2.7  36  88.9 1161.7 473  407  592  185  310  639  329
17 2007 200.4  8.1  4.5  3.6  44  99.9 1261.7 497  420  594  174  349  647  298
18 2008 206.4  6.0  3.6  2.4  40  76.7 1338.3 486  413  596  183  367  665  298
19 2009 209.1  2.7  1.2  1.5  55  35.2 1373.6 489  380  577  197  357  637  280
20 2010 213.0  3.9  1.5  2.4  61  51.7 1425.3 534  421  604  183  371  674  303
21 2011 218.7  5.7  3.6  2.1  36  77.3 1502.6 496  424  618  194  346  670  324
22 2012 223.5  4.8  2.7  2.1  43  66.7 1569.3 492  413  592  179  377  693  316
23 2013 230.4  6.9  3.9  3.0  43  98.4 1667.7 512  439  606  167  397  673  276
24 2014 234.3  3.9  2.1  1.8  46  56.9 1724.6 488  400  592  192  340  673  333
25 2015 238.8  4.5  1.8  2.7  60  66.9 1791.5 522  407  599  192  359  655  296
26 2016 242.7  3.9  2.4  1.5  38  59.0 1850.5 508  435  626  191  380  682  302

Core Length:  239.7 mm
Core Density: 457 kg/m3
Cross-sectional Density:  452 kg/m3
Early/Latewood Threshold: 500 kg/m3
Attenuation Constant: 3.11

ִִִִִִִִִִִִִִִִִִִִִִִִִִִִִִִִִִִִִִִִִִִִִִִִִִִִִִִִִִִִִִִִִִִִִִִִִִִִִִִ
Core : 19
ֲֲֲִִִִִִִִִִִִִִִִִִִִִִִִִִִִִִִִִִִִִִִִִִִִִִִִִִִִִִִִִִִִִִִִִִִִִִִִִִִִ
       ³Widths (mm)              ³ Areas    ³ Densities (kg/m3)
       ³                         ³ (cm‎)    ³
Ring   ³Outer Ring Erly Late   % ³Incr Total³Ring E/Wd L/Wd Unif  Min  Max  Rng
 # Year³ Rad.      Wood Wood  LW ³          ³mean mean mean
ֱֱֱִִִִִִִִִִִִִִִִִִִִִִִִִִִִִִִִִִִִִִִִִִִִִִִִִִִִִִִִִִִִִִִִִִִִִִִִִִִִ

 1 1991   2.1  2.1  2.1  0.0   0   0.1    0.1 361  361    0    0  331  413   82
 2 1992   8.1  6.0  6.0  0.0   0   1.9    2.1 357  357    0    0  287  459  172
 3 1993  24.3 16.2 16.2  0.0   0  16.5   18.6 342  342    0    0  253  437  184
 4 1994  37.5 13.2 12.0  1.2   9  25.6   44.2 317  295  531  236  242  556  314
 5 1995  51.3 13.8 13.2  0.6   4  38.5   82.7 391  384  546  162  328  559  231
 6 1996  66.3 15.0 14.1  0.9   6  55.4  138.1 366  356  519  163  284  525  241
 7 1997  82.2 15.9 15.0  0.9   5  74.2  212.3 359  349  528  179  253  531  278
 8 1998  97.2 15.0 13.5  1.5  10  84.5  296.8 380  364  520  156  274  547  273
 9 1999 112.2 15.0 14.7  0.3   2  98.7  395.5 398  396  521  125  295  521  226
10 2000 122.4 10.2  8.4  1.8  17  75.2  470.7 415  394  511  117  255  534  279
11 2001 134.1 11.7 10.5  1.2  10  94.3  564.9 431  415  570  155  320  629  309
12 2002 142.5  8.4  5.7  2.7  32  73.0  637.9 438  386  546  160  308  627  319
13 2003 147.6  5.1  3.6  1.5  29  46.5  684.4 492  456  579  123  408  681  273
14 2004 150.3  2.7  0.9  1.8  66  25.3  709.7 543  411  608  197  388  679  291
15 2005 154.2  3.9  1.8  2.1  53  37.3  747.0 501  408  580  172  338  657  319
16 2006 157.2  3.0  1.5  1.5  50  29.3  776.3 509  407  611  204  339  671  332
17 2007 160.2  3.0  1.2  1.8  60  29.9  806.3 521  420  588  168  379  676  297
18 2008 162.6  2.4  0.6  1.8  75  24.3  830.6 551  441  588  147  418  681  263
19 2009 165.0  2.4  0.6  1.8  75  24.7  855.3 553  431  594  163  422  685  263
20 2010 166.8  1.8  0.3  1.5  83  18.8  874.1 591  383  633  250  383  696  313
21 2011 169.5  2.7  0.9  1.8  66  28.5  902.6 535  433  587  154  386  642  256
22 2012 172.2  2.7  0.9  1.8  66  29.0  931.6 560  446  617  171  426  681  255
23 2013 175.2  3.0  0.9  2.1  70  32.7  964.3 580  445  638  193  404  702  298
24 2014 178.2  3.0  0.6  2.4  80  33.3  997.6 560  411  597  186  395  666  271
25 2015 182.4  4.2  1.2  3.0  71  47.6 1045.2 557  455  598  143  423  672  249
26 2016 185.1  2.7  0.9  1.8  66  31.2 1076.4 530  446  573  127  405  648  243

Core Length:  185.1 mm
Core Density: 466 kg/m3
Cross-sectional Density:  453 kg/m3
Early/Latewood Threshold: 500 kg/m3
Attenuation Constant: 3.11

ִִִִִִִִִִִִִִִִִִִִִִִִִִִִִִִִִִִִִִִִִִִִִִִִִִִִִִִִִִִִִִִִִִִִִִִִִִִִִִִ
Core : 21
ֲֲֲִִִִִִִִִִִִִִִִִִִִִִִִִִִִִִִִִִִִִִִִִִִִִִִִִִִִִִִִִִִִִִִִִִִִִִִִִִִִ
       ³Widths (mm)              ³ Areas    ³ Densities (kg/m3)
       ³                         ³ (cm‎)    ³
Ring   ³Outer Ring Erly Late   % ³Incr Total³Ring E/Wd L/Wd Unif  Min  Max  Rng
 # Year³ Rad.      Wood Wood  LW ³          ³mean mean mean
ֱֱֱִִִִִִִִִִִִִִִִִִִִִִִִִִִִִִִִִִִִִִִִִִִִִִִִִִִִִִִִִִִִִִִִִִִִִִִִִִִִ

 1 1991   3.6  3.6  3.6  0.0   0   0.4    0.4 315  315    0    0  223  367  144
 2 1992  13.8 10.2  9.0  1.2  11   5.6    6.0 365  341  544  203  286  593  307
 3 1993  30.6 16.8 14.1  2.7  16  23.4   29.4 378  348  532  184  270  573  303
 4 1994  45.9 15.3 13.2  2.1  13  36.8   66.2 407  376  600  224  332  683  351
 5 1995  63.9 18.0 15.3  2.7  15  62.1  128.3 434  409  571  162  352  606  254
 6 1996  86.7 22.8 19.8  3.0  13 107.9  236.2 427  405  574  169  343  614  271
 7 1997 111.3 24.6 19.8  4.8  19 153.0  389.2 430  398  562  164  330  646  316
 8 1998 130.8 19.5 15.9  3.6  18 148.3  537.5 439  410  570  160  337  606  269
 9 1999 145.2 14.4 11.7  2.7  18 124.9  662.3 456  422  605  183  356  672  316
10 2000 153.3  8.1  5.4  2.7  33  76.0  738.3 469  424  558  134  370  658  288
11 2001 163.2  9.9  5.4  4.5  45  98.4  836.7 509  447  584  137  386  696  310
12 2002 170.7  7.5  5.1  2.4  32  78.7  915.4 486  429  609  180  377  696  319
13 2003 176.1  5.4  1.2  4.2  77  58.8  974.2 567  473  594  121  462  715  253
14 2004 180.0  3.9  1.2  2.7  69  43.6 1017.9 554  442  604  162  397  700  303
15 2005 183.0  3.0  1.2  1.8  60  34.2 1052.1 514  416  579  163  394  645  251
16 2006 185.4  2.4  0.9  1.5  62  27.8 1079.9 537  435  598  163  386  678  292
17 2007 186.9  1.5  0.9  0.6  40  17.5 1097.4 492  429  588  159  384  603  219
18 2008 189.3  2.4  0.9  1.5  62  28.4 1125.8 558  455  621  166  430  661  231
19 2009 192.6  3.3  0.9  2.4  72  39.6 1165.4 551  443  592  149  424  678  254
20 2010 194.4  1.8  0.6  1.2  66  21.9 1187.3 502  432  537  105  420  570  150
21 2011 195.9  1.5  1.2  0.3  20  18.4 1205.6 453  441  502   61  422  502   80
22 2012 197.1  1.2  0.3  0.9  75  14.8 1220.5 572  475  605  130  475  683  208
23 2013 199.2  2.1  0.3  1.8  85  26.1 1246.6 573  471  591  120  471  693  222
24 2014 201.3  2.1  0.6  1.5  71  26.4 1273.0 573  474  613  139  452  668  216
25 2015 203.1  1.8  0.0  1.8  99  22.9 1295.9 605    0  605  605  523  701  178
26 2016 204.3  1.2  0.3  0.9  75  15.4 1311.3 570  479  601  122  479  635  156

Core Length:  204.3 mm
Core Density: 489 kg/m3
Cross-sectional Density:  478 kg/m3
Early/Latewood Threshold: 500 kg/m3
Attenuation Constant: 3.11

ִִִִִִִִִִִִִִִִִִִִִִִִִִִִִִִִִִִִִִִִִִִִִִִִִִִִִִִִִִִִִִִִִִִִִִִִִִִִִִִ
Core : 26
ֲֲֲִִִִִִִִִִִִִִִִִִִִִִִִִִִִִִִִִִִִִִִִִִִִִִִִִִִִִִִִִִִִִִִִִִִִִִִִִִִִ
       ³Widths (mm)              ³ Areas    ³ Densities (kg/m3)
       ³                         ³ (cm‎)    ³
Ring   ³Outer Ring Erly Late   % ³Incr Total³Ring E/Wd L/Wd Unif  Min  Max  Rng
 # Year³ Rad.      Wood Wood  LW ³          ³mean mean mean
ֱֱֱִִִִִִִִִִִִִִִִִִִִִִִִִִִִִִִִִִִִִִִִִִִִִִִִִִִִִִִִִִִִִִִִִִִִִִִִִִִִ

 1 1991   6.5  6.5  4.5  0.0   0   1.3    1.3 340  340    0    0  308  371   63
 2 1992  19.1 12.6 12.6  0.0   0  10.1   11.5 333  333    0    0  259  461  202
 3 1993  43.7 24.6 24.6  0.0   0  48.5   60.0 332  332    0    0  264  395  131
 4 1994  66.2 22.5 22.5  0.0   0  77.7  137.7 336  336    0    0  279  479  200
 5 1995  84.5 18.3 16.2  2.1  11  86.6  224.3 396  376  552  176  300  586  286
 6 1996 103.4 18.9 18.3  0.6   3 111.6  335.9 419  417  502   85  338  503  165
 7 1997 121.7 18.3 17.1  1.2   6 129.4  465.3 406  399  506  107  322  509  187
 8 1998 139.7 18.0 14.7  3.3  18 147.8  613.1 433  407  551  144  346  584  238
 9 1999 150.5 10.8  6.9  3.9  36  98.5  711.6 457  404  551  147  355  641  286
10 2000 160.4  9.9  5.7  4.2  42  96.7  808.3 458  403  532  129  349  582  233
11 2001 169.4  9.0  6.6  2.4  26  93.2  901.5 459  405  606  201  358  696  338
12 2002 173.0  3.6  2.1  1.5  41  38.7  940.2 509  428  622  194  390  688  298
13 2003 176.0  3.0  1.5  1.5  50  32.9  973.1 522  460  584  124  425  635  210
14 2004 178.4  2.4  0.6  1.8  74  26.7  999.9 555  427  598  171  384  698  314
15 2005 181.1  2.7  1.2  1.5  55  30.5 1030.4 528  430  607  177  387  706  319
16 2006 183.8  2.7  1.2  1.5  55  31.0 1061.3 522  431  595  164  400  674  274
17 2007 186.2  2.4  0.9  1.5  62  27.9 1089.2 554  439  624  185  414  718  304
18 2008 189.2  3.0  1.2  1.8  60  35.4 1124.6 544  433  619  186  401  706  305
19 2009 191.9  2.7  0.6  2.1  77  32.3 1156.9 574  428  616  188  416  701  285
20 2010 195.2  3.3  1.2  2.1  63  40.1 1197.0 535  406  609  203  367  717  350
21 2011 199.4  4.2  1.8  2.4  57  52.1 1249.1 522  418  600  182  346  668  322
22 2012 203.9  4.5  1.8  2.7  60  57.0 1306.1 534  432  603  171  364  711  347
23 2013 208.4  4.5  2.1  2.4  53  58.3 1364.4 535  411  643  232  355  703  348
24 2014 212.6  4.2  1.5  2.7  64  55.5 1420.0 525  395  597  202  329  656  327
25 2015 217.4  4.8  1.5  3.3  68  64.8 1484.8 541  405  603  198  345  693  348
26 2016 221.3  3.9  1.5  2.4  61  53.8 1538.6 530  389  617  228  358  681  323

Core Length:  219.3 mm
Core Density: 476 kg/m3
Cross-sectional Density:  465 kg/m3
Early/Latewood Threshold: 500 kg/m3
Attenuation Constant: 3.11

ִִִִִִִִִִִִִִִִִִִִִִִִִִִִִִִִִִִִִִִִִִִִִִִִִִִִִִִִִִִִִִִִִִִִִִִִִִִִִִִ
Core : 31
ֲֲֲִִִִִִִִִִִִִִִִִִִִִִִִִִִִִִִִִִִִִִִִִִִִִִִִִִִִִִִִִִִִִִִִִִִִִִִִִִִִ
       ³Widths (mm)              ³ Areas    ³ Densities (kg/m3)
       ³                         ³ (cm‎)    ³
Ring   ³Outer Ring Erly Late   % ³Incr Total³Ring E/Wd L/Wd Unif  Min  Max  Rng
 # Year³ Rad.      Wood Wood  LW ³          ³mean mean mean
ֱֱֱִִִִִִִִִִִִִִִִִִִִִִִִִִִִִִִִִִִִִִִִִִִִִִִִִִִִִִִִִִִִִִִִִִִִִִִִִִִִ

 1 1991   2.4  2.4  2.4  0.0   0   0.2    0.2 310  310    0    0  223  354  131
 2 1992   9.0  6.6  6.6  0.0   0   2.4    2.5 350  350    0    0  297  471  174
 3 1993  19.8 10.8 10.2  0.6   5   9.8   12.3 388  380  535  155  302  537  235
 4 1994  28.2  8.4  6.3  2.1  25  12.7   25.0 434  386  576  190  319  651  332
 5 1995  39.6 11.4  9.6  1.8  15  24.3   49.3 439  417  556  139  358  587  229
 6 1996  55.2 15.6 14.4  1.2   7  46.5   95.7 389  377  538  161  295  559  264
 7 1997  69.9 14.7 13.8  0.9   6  57.8  153.5 419  411  542  131  303  561  258
 8 1998  87.0 17.1 14.4  2.7  15  84.3  237.8 420  397  540  143  303  572  269
 9 1999 104.7 17.7 15.3  2.4  13 106.6  344.4 444  427  552  125  376  578  202
10 2000 117.0 12.3  9.3  3.0  24  85.7  430.1 440  407  540  133  318  572  254
11 2001 131.7 14.7 11.7  3.0  20 114.9  544.9 453  426  558  132  371  638  267
12 2002 143.1 11.4  7.5  3.9  34  98.4  643.3 443  384  556  172  322  613  291
13 2003 151.8  8.7  6.6  2.1  24  80.6  723.9 462  433  555  122  379  625  246
14 2004 157.2  5.4  3.6  1.8  33  52.4  776.3 471  407  600  193  370  676  306
15 2005 162.0  4.8  3.3  1.5  31  48.1  824.5 467  410  592  182  341  667  326
16 2006 166.2  4.2  2.4  1.8  42  43.3  867.8 478  381  607  226  334  696  362
17 2007 169.5  3.3  2.4  0.9  27  34.8  902.6 458  402  610  208  328  681  353
18 2008 173.4  3.9  1.8  2.1  53  42.0  944.6 489  375  587  212  314  688  374
19 2009 177.6  4.2  1.8  2.4  57  46.3  990.9 504  415  571  156  381  678  297
20 2010 180.0  2.4  1.5  0.9  37  27.0 1017.9 444  369  570  201  332  601  269
21 2011 182.1  2.1  1.8  0.3  14  23.9 1041.8 450  416  656  240  368  656  288
22 2012 183.9  1.8  1.5  0.3  16  20.7 1062.5 439  403  619  216  356  619  263
23 2013 186.0  2.1  1.5  0.6  28  24.4 1086.9 452  406  567  161  336  611  275
24 2014 187.8  1.8  1.2  0.6  33  21.1 1108.0 474  408  607  199  348  623  275
25 2015 191.1  3.3  1.5  1.8  54  39.3 1147.3 519  433  591  158  394  666  272
26 2016 193.5  2.4  1.5  0.9  37  29.0 1176.3 474  419  565  146  365  627  262

Core Length:  193.5 mm
Core Density: 442 kg/m3
Cross-sectional Density:  451 kg/m3
Early/Latewood Threshold: 500 kg/m3
Attenuation Constant: 3.11

ִִִִִִִִִִִִִִִִִִִִִִִִִִִִִִִִִִִִִִִִִִִִִִִִִִִִִִִִִִִִִִִִִִִִִִִִִִִִִִִ
Core : 32
ֲֲֲִִִִִִִִִִִִִִִִִִִִִִִִִִִִִִִִִִִִִִִִִִִִִִִִִִִִִִִִִִִִִִִִִִִִִִִִִִִִ
       ³Widths (mm)              ³ Areas    ³ Densities (kg/m3)
       ³                         ³ (cm‎)    ³
Ring   ³Outer Ring Erly Late   % ³Incr Total³Ring E/Wd L/Wd Unif  Min  Max  Rng
 # Year³ Rad.      Wood Wood  LW ³          ³mean mean mean
ֱֱֱִִִִִִִִִִִִִִִִִִִִִִִִִִִִִִִִִִִִִִִִִִִִִִִִִִִִִִִִִִִִִִִִִִִִִִִִִִִִ

 1 1991   7.2  7.2  3.0  1.2  16   1.6    1.6 438  395  548  153  229  569  340
 2 1992  19.8 12.6 12.6  0.0   0  10.7   12.3 400  400    0    0  351  492  141
 3 1993  39.0 19.2 17.4  1.8   9  35.5   47.8 379  364  522  158  324  548  224
 4 1994  54.6 15.6 13.5  2.1  13  45.9   93.7 414  391  565  174  335  590  255
 5 1995  74.1 19.5 18.0  1.5   7  78.8  172.5 427  418  530  112  347  542  195
 6 1996  96.0 21.9 19.8  2.1   9 117.0  289.5 426  416  524  108  350  538  188
 7 1997 118.8 22.8 21.6  1.2   5 153.9  443.4 417  411  528  117  350  556  206
 8 1998 136.2 17.4 13.5  3.9  22 139.4  582.8 431  407  511  104  318  540  222
 9 1999 146.7 10.5  8.7  1.8  17  93.3  676.1 438  417  536  119  354  582  228
10 2000 153.0  6.3  5.1  1.2  19  59.3  735.4 423  402  515  113  303  522  219
11 2001 158.1  5.1  3.6  1.5  29  49.8  785.3 459  424  543  119  325  588  263
12 2002 161.7  3.6  2.4  1.2  33  36.2  821.4 444  383  564  181  322  613  291
13 2003 166.2  4.5  2.1  2.4  53  46.4  867.8 510  446  565  119  399  597  198
14 2004 170.4  4.2  2.4  1.8  42  44.4  912.2 489  427  573  146  360  622  262
15 2005 174.0  3.6  1.5  2.1  58  39.0  951.1 495  387  572  185  362  631  269
16 2006 177.6  3.6  1.5  2.1  58  39.8  990.9 499  417  558  141  343  598  255
17 2007 180.3  2.7  0.9  1.8  66  30.4 1021.3 506  403  557  154  348  602  254
18 2008 184.2  3.9  2.1  1.8  46  44.7 1065.9 474  413  546  133  361  571  210
19 2009 186.6  2.4  1.5  0.9  37  28.0 1093.9 429  367  531  164  325  549  224
20 2010 188.4  1.8  1.2  0.6  33  21.2 1115.1 495  443  601  158  386  619  233
21 2011 191.1  2.7  1.5  1.2  44  32.2 1147.3 448  380  533  153  351  551  200
22 2012 194.1  3.0  2.1  0.9  30  36.3 1183.6 470  423  579  156  344  609  265
23 2013 198.0  3.9  1.2  2.7  69  48.0 1231.6 505  400  552  152  351  588  237
24 2014 203.1  5.1  3.0  2.1  41  64.3 1295.9 461  417  524  107  343  568  225
25 2015 207.0  3.9  3.0  0.9  23  50.2 1346.1 448  425  522   97  361  533  172
26 2016 209.1  2.1  2.1  0.0   0  27.5 1373.6 370  370    0    0  300  474  174

Core Length:  206.1 mm
Core Density: 449 kg/m3
Cross-sectional Density:  445 kg/m3
Early/Latewood Threshold: 500 kg/m3
Attenuation Constant: 3.11

ִִִִִִִִִִִִִִִִִִִִִִִִִִִִִִִִִִִִִִִִִִִִִִִִִִִִִִִִִִִִִִִִִִִִִִִִִִִִִִִ
Core : 34
ֲֲֲִִִִִִִִִִִִִִִִִִִִִִִִִִִִִִִִִִִִִִִִִִִִִִִִִִִִִִִִִִִִִִִִִִִִִִִִִִִִ
       ³Widths (mm)              ³ Areas    ³ Densities (kg/m3)
       ³                         ³ (cm‎)    ³
Ring   ³Outer Ring Erly Late   % ³Incr Total³Ring E/Wd L/Wd Unif  Min  Max  Rng
 # Year³ Rad.      Wood Wood  LW ³          ³mean mean mean
ֱֱֱִִִִִִִִִִִִִִִִִִִִִִִִִִִִִִִִִִִִִִִִִִִִִִִִִִִִִִִִִִִִִִִִִִִִִִִִִִִִ

 1 1991   3.9  3.9  3.9  0.0   0   0.5    0.5 364  364    0    0  319  437  118
 2 1992  11.4  7.5  7.5  0.0   0   3.6    4.1 335  335    0    0  286  459  173
 3 1993  28.8 17.4 17.4  0.0   0  22.0   26.1 311  311    0    0  237  439  202
 4 1994  44.4 15.6 14.7  0.9   5  35.9   61.9 325  312  552  240  245  596  351
 5 1995  60.3 15.9 15.9  0.0   0  52.3  114.2 342  342    0    0  277  497  220
 6 1996  76.8 16.5 15.6  0.9   5  71.1  185.3 345  334  535  201  268  546  278
 7 1997  92.7 15.9 15.6  0.3   1  84.7  270.0 354  351  510  159  276  510  234
 8 1998 102.0  9.3  8.4  0.9   9  56.9  326.9 367  347  562  215  281  589  308
 9 1999 112.8 10.8 10.2  0.6   5  72.9  399.7 397  389  524  135  348  529  181
10 2000 117.6  4.8  4.5  0.3   6  34.7  434.5 343  330  530  200  273  530  257
11 2001 122.4  4.8  4.5  0.3   6  36.2  470.7 399  390  538  148  287  538  251
12 2002 125.1  2.7  2.1  0.6  22  21.0  491.7 406  357  579  222  295  590  295
13 2003 129.6  4.5  3.9  0.6  13  36.0  527.7 448  434  540  106  321  548  227
14 2004 132.0  2.4  2.1  0.3  12  19.7  547.4 395  373  547  174  316  547  231
15 2005 134.4  2.4  2.1  0.3  12  20.1  567.5 413  387  594  207  311  594  283
16 2006 135.9  1.5  1.2  0.3  20  12.7  580.2 464  435  578  143  377  578  201
17 2007 137.1  1.2  0.9  0.3  25  10.3  590.5 457  427  545  118  388  545  157
18 2008 138.3  1.2  0.6  0.6  50  10.4  600.9 472  415  530  115  377  531  154
19 2009 139.5  1.2  0.9  0.3  25  10.5  611.4 449  414  554  140  372  554  182
20 2010 140.7  1.2  0.6  0.6  49  10.6  621.9 481  412  551  139  397  571  174
21 2011 142.2  1.5  1.5  0.0   0  13.3  635.3 431  431    0    0  386  469   83
22 2012 143.1  0.9  0.9  0.0   0   8.1  643.3 411  411    0    0  360  445   85
23 2013 144.3  1.2  0.9  0.3  25  10.8  654.2 452  413  572  159  375  572  197
24 2014 145.5  1.2  0.9  0.3  25  10.9  665.1 460  430  550  120  365  550  185
25 2015 147.0  1.5  0.6  0.9  60  13.8  678.9 485  395  546  151  370  607  237
26 2016 147.9  0.9  0.6  0.3  33   8.3  687.2 462  412  564  152  372  564  192

Core Length:  147.9 mm
Core Density: 406 kg/m3
Cross-sectional Density:  384 kg/m3
Early/Latewood Threshold: 500 kg/m3
Attenuation Constant: 3.11

ִִִִִִִִִִִִִִִִִִִִִִִִִִִִִִִִִִִִִִִִִִִִִִִִִִִִִִִִִִִִִִִִִִִִִִִִִִִִִִִ
Core : 54
ֲֲֲִִִִִִִִִִִִִִִִִִִִִִִִִִִִִִִִִִִִִִִִִִִִִִִִִִִִִִִִִִִִִִִִִִִִִִִִִִִִ
       ³Widths (mm)              ³ Areas    ³ Densities (kg/m3)
       ³                         ³ (cm‎)    ³
Ring   ³Outer Ring Erly Late   % ³Incr Total³Ring E/Wd L/Wd Unif  Min  Max  Rng
 # Year³ Rad.      Wood Wood  LW ³          ³mean mean mean
ֱֱֱִִִִִִִִִִִִִִִִִִִִִִִִִִִִִִִִִִִִִִִִִִִִִִִִִִִִִִִִִִִִִִִִִִִִִִִִִִִִ

 1 1992   6.3  6.3  6.3  0.0   0   1.2    1.2 360  360    0    0  279  495  216
 2 1993  23.7 17.4 15.0  2.4  13  16.4   17.6 380  356  526  170  292  555  263
 3 1994  41.7 18.0 15.0  3.0  16  37.0   54.6 410  380  564  184  312  613  301
 4 1995  57.3 15.6 14.7  0.9   5  48.5  103.1 415  405  587  182  342  617  275
 5 1996  74.1 16.8 15.3  1.5   8  69.4  172.5 409  395  553  158  355  594  239
 6 1997  95.1 21.0 15.3  5.7  27 111.6  284.1 422  386  517  131  339  554  215
 7 1998 110.4 15.3 13.8  1.5   9  98.8  382.9 432  422  524  102  363  532  169
 8 1999 127.8 17.4 16.5  0.9   5 130.2  513.1 438  432  556  124  387  576  189
 9 2000 140.4 12.6 11.7  0.9   7 106.2  619.3 414  407  505   98  339  507  168
10 2001 150.0  9.6  7.8  1.8  18  87.6  706.9 423  398  530  132  358  576  218
11 2002 158.4  8.4  6.3  2.1  24  81.4  788.2 436  410  512  102  354  534  180
12 2003 168.3  9.9  7.8  2.1  21 101.6  889.9 464  444  541   97  380  583  203
13 2004 173.7  5.4  3.6  1.8  33  58.0  947.9 464  423  546  123  356  565  209
14 2005 179.4  5.7  3.9  1.8  31  63.2 1011.1 488  442  586  144  353  616  263
15 2006 184.2  4.8  2.7  2.1  43  54.8 1065.9 479  410  568  158  345  593  248
16 2007 188.4  4.2  3.0  1.2  28  49.2 1115.1 470  438  550  112  401  592  191
17 2008 192.3  3.9  1.8  2.1  53  46.6 1161.7 518  450  576  126  415  659  244
18 2009 195.9  3.6  1.2  2.4  66  43.9 1205.6 520  411  574  163  385  643  258
19 2010 199.5  3.6  1.5  2.1  58  44.7 1250.4 516  436  573  137  391  678  287
20 2011 202.5  3.0  1.8  1.2  40  37.9 1288.2 499  431  603  172  403  645  242
21 2012 206.1  3.6  2.1  1.5  41  46.2 1334.5 478  414  568  154  382  638  256
22 2013 209.4  3.3  1.2  2.1  63  43.1 1377.5 516  438  560  122  383  590  207
23 2014 213.3  3.9  1.5  2.4  61  51.8 1429.3 507  432  554  122  404  628  224
24 2015 216.6  3.3  1.5  1.8  54  44.6 1473.9 522  463  571  108  435  612  177
25 2016 219.6  3.0  1.8  1.2  40  41.1 1515.0 477  412  575  163  387  638  251

Core Length:  219.6 mm
Core Density: 458 kg/m3
Cross-sectional Density:  455 kg/m3
Early/Latewood Threshold: 500 kg/m3
Attenuation Constant: 3.11

ִִִִִִִִִִִִִִִִִִִִִִִִִִִִִִִִִִִִִִִִִִִִִִִִִִִִִִִִִִִִִִִִִִִִִִִִִִִִִִִ
Core : 58
ֲֲֲִִִִִִִִִִִִִִִִִִִִִִִִִִִִִִִִִִִִִִִִִִִִִִִִִִִִִִִִִִִִִִִִִִִִִִִִִִִִ
       ³Widths (mm)              ³ Areas    ³ Densities (kg/m3)
       ³                         ³ (cm‎)    ³
Ring   ³Outer Ring Erly Late   % ³Incr Total³Ring E/Wd L/Wd Unif  Min  Max  Rng
 # Year³ Rad.      Wood Wood  LW ³          ³mean mean mean
ֱֱֱִִִִִִִִִִִִִִִִִִִִִִִִִִִִִִִִִִִִִִִִִִִִִִִִִִִִִִִִִִִִִִִִִִִִִִִִִִִִ

 1 1991   9.2  9.2  7.2  0.0   0   2.7    2.7 279  279    0    0  211  328  117
 2 1992  21.2 12.0 12.0  0.0   0  11.5   14.1 350  350    0    0  227  481  254
 3 1993  35.3 14.1 14.1  0.0   0  25.0   39.1 329  329    0    0  247  451  204
 4 1994  48.8 13.5 12.3  1.2   8  35.7   74.8 341  321  545  224  262  595  333
 5 1995  66.2 17.4 16.5  0.9   5  62.9  137.7 353  345  508  163  285  511  226
 6 1996  90.5 24.3 24.3  0.0   0 119.6  257.3 329  329    0    0  258  442  184
 7 1997 111.8 21.3 19.5  1.8   8 135.4  392.7 363  349  513  164  277  523  246
 8 1998 128.3 16.5 15.6  0.9   5 124.5  517.1 390  383  516  133  294  520  226
 9 1999 140.3 12.0 11.4  0.6   5 101.3  618.4 395  389  517  128  327  526  199
10 2000 146.9  6.6  6.6  0.0   0  59.5  677.9 358  358    0    0  291  477  186
11 2001 155.0  8.1  7.2  0.9  11  76.8  754.8 395  377  533  156  293  549  256
12 2002 161.6  6.6  5.7  0.9  13  65.6  820.4 372  345  543  198  289  565  276
13 2003 169.7  8.1  7.8  0.3   3  84.3  904.7 401  396  519  123  341  519  178
14 2004 179.0  9.3  9.0  0.3   3 101.9 1006.6 406  403  502   99  315  502  187
15 2005 187.7  8.7  8.7  0.0   0 100.2 1106.8 387  387    0    0  297  493  196
16 2006 195.2  7.5  7.2  0.3   4  90.2 1197.0 393  388  524  136  303  524  221
17 2007 203.3  8.1  8.1  0.0   0 101.4 1298.4 398  398    0    0  312  488  176
18 2008 211.1  7.8  7.8  0.0   0 101.5 1400.0 410  410    0    0  306  496  190
19 2009 217.7  6.6  6.6  0.0   0  88.9 1488.9 418  418    0    0  351  494  143
20 2010 222.8  5.1  4.5  0.6  11  70.6 1559.5 421  409  510  101  315  516  201
21 2011 229.1  6.3  6.0  0.3   4  89.4 1648.9 394  387  536  149  326  536  210
22 2012 234.2  5.1  3.9  1.2  23  74.2 1723.2 431  401  531  130  336  560  224
23 2013 240.2  6.0  4.5  1.5  25  89.4 1812.6 438  411  519  108  311  535  224
24 2014 245.6  5.4  4.8  0.6  11  82.4 1895.0 419  408  502   94  311  503  192
25 2015 251.6  6.0  5.7  0.3   5  93.7 1988.7 442  438  505   67  348  505  157
26 2016 256.1  4.5  3.6  0.9  20  71.8 2060.5 418  393  519  126  347  526  179

Core Length:  254.1 mm
Core Density: 385 kg/m3
Cross-sectional Density:  393 kg/m3
Early/Latewood Threshold: 500 kg/m3
Attenuation Constant: 3.11

