File : C:\DENSITOM\TAIRUA~1\TAIR11.DAT
Cores :
5
17
20
37
44
50
53
55
64
70

ִִִִִִִִִִִִִִִִִִִִִִִִִִִִִִִִִִִִִִִִִִִִִִִִִִִִִִִִִִִִִִִִִִִִִִִִִִִִִִִ
Core : 5
ֲֲֲִִִִִִִִִִִִִִִִִִִִִִִִִִִִִִִִִִִִִִִִִִִִִִִִִִִִִִִִִִִִִִִִִִִִִִִִִִִִ
       ³Widths (mm)              ³ Areas    ³ Densities (kg/m3)
       ³                         ³ (cm‎)    ³
Ring   ³Outer Ring Erly Late   % ³Incr Total³Ring E/Wd L/Wd Unif  Min  Max  Rng
 # Year³ Rad.      Wood Wood  LW ³          ³mean mean mean
ֱֱֱִִִִִִִִִִִִִִִִִִִִִִִִִִִִִִִִִִִִִִִִִִִִִִִִִִִִִִִִִִִִִִִִִִִִִִִִִִִִ

 1 1991   5.4  5.4  2.4  0.0   0   0.9    0.9 287  287    0    0  192  329  137
 2 1992  12.0  6.6  6.6  0.0   0   3.6    4.5 321  321    0    0  288  375   87
 3 1993  31.2 19.2 19.2  0.0   0  26.1   30.6 320  320    0    0  254  465  211
 4 1994  48.6 17.4 16.2  1.2   6  43.6   74.2 349  337  521  184  269  554  285
 5 1995  65.1 16.5 14.4  2.1  12  58.9  133.1 406  388  534  146  313  556  243
 6 1996  81.3 16.2 14.1  2.1  12  74.5  207.6 414  397  534  137  314  557  243
 7 1997  99.0 17.7 16.5  1.2   6 100.3  307.9 397  389  514  125  316  523  207
 8 1998 114.6 15.6 13.2  2.4  15 104.7  412.6 418  400  519  119  322  543  221
 9 1999 129.0 14.4 12.3  2.1  14 110.2  522.8 395  373  524  151  300  543  243
10 2000 140.1 11.1 10.8  0.3   2  93.8  616.6 378  374  509  135  297  509  212
11 2001 153.0 12.9 11.4  1.5  11 118.8  735.4 402  385  531  146  310  602  292
12 2002 158.4  5.4  4.5  0.9  16  52.8  788.2 409  380  556  176  311  577  266
13 2003 164.1  5.7  3.9  1.8  31  57.8  846.0 452  413  538  125  355  578  223
14 2004 167.7  3.6  2.1  1.5  41  37.5  883.5 475  413  561  148  368  597  229
15 2005 171.0  3.3  2.4  0.9  27  35.1  918.6 461  411  596  185  365  644  279
16 2006 174.3  3.3  2.4  0.9  27  35.8  954.4 460  415  580  165  332  605  273
17 2007 175.8  1.5  1.2  0.3  20  16.5  970.9 441  406  580  174  392  580  188
18 2008 177.6  1.8  1.2  0.6  33  20.0  990.9 445  398  538  140  303  550  247
19 2009 178.8  1.2  0.9  0.3  25  13.4 1004.3 433  406  515  109  372  515  143
20 2010 180.0  1.2  0.9  0.3  25  13.5 1017.9 412  375  523  148  319  523  204
21 2011 180.9  0.9  0.9  0.0   0  10.2 1028.1 354  354    0    0  327  376   49
22 2012 181.8  0.9  0.9  0.0   0  10.3 1038.3 391  391    0    0  344  460  116
23 2013 182.7  0.9  0.9  0.0   0  10.3 1048.6 396  396    0    0  355  424   69
24 2014 183.3  0.6  0.6  0.0   0   6.9 1055.5 391  391    0    0  343  439   96
25 2015 183.6  0.3  0.3  0.0   0   3.5 1059.0 447  447    0    0  447  447    0
26 2016 184.2  0.6  0.6  0.0   0   6.9 1065.9 358  358    0    0  346  370   24

Core Length:  181.2 mm
Core Density: 400 kg/m3
Cross-sectional Density:  407 kg/m3
Early/Latewood Threshold: 500 kg/m3
Attenuation Constant: 3.11

ִִִִִִִִִִִִִִִִִִִִִִִִִִִִִִִִִִִִִִִִִִִִִִִִִִִִִִִִִִִִִִִִִִִִִִִִִִִִִִִ
Core : 17
ֲֲֲִִִִִִִִִִִִִִִִִִִִִִִִִִִִִִִִִִִִִִִִִִִִִִִִִִִִִִִִִִִִִִִִִִִִִִִִִִִִ
       ³Widths (mm)              ³ Areas    ³ Densities (kg/m3)
       ³                         ³ (cm‎)    ³
Ring   ³Outer Ring Erly Late   % ³Incr Total³Ring E/Wd L/Wd Unif  Min  Max  Rng
 # Year³ Rad.      Wood Wood  LW ³          ³mean mean mean
ֱֱֱִִִִִִִִִִִִִִִִִִִִִִִִִִִִִִִִִִִִִִִִִִִִִִִִִִִִִִִִִִִִִִִִִִִִִִִִִִִִ

 1 1991   3.7  3.7  2.7  0.0   0   0.4    0.4 289  289    0    0  245  322   77
 2 1992  17.2 13.5 13.5  0.0   0   8.9    9.3 278  278    0    0  226  457  231
 3 1993  37.0 19.8 19.8  0.0   0  33.7   43.0 284  284    0    0  210  493  283
 4 1994  56.5 19.5 18.6  0.9   4  57.3  100.3 326  315  549  234  246  571  325
 5 1995  71.5 15.0 13.5  1.5  10  60.3  160.6 366  350  514  164  295  525  230
 6 1996  91.3 19.8 18.6  1.2   6 101.3  261.9 349  339  510  171  262  523  261
 7 1997 109.0 17.7 16.8  0.9   5 111.4  373.3 367  359  519  160  292  531  239
 8 1998 122.2 13.2 12.3  0.9   6  95.9  469.1 372  361  527  166  297  534  237
 9 1999 130.6  8.4  7.5  0.9  10  66.7  535.8 379  361  528  167  303  566  263
10 2000 135.4  4.8  4.2  0.6  12  40.1  576.0 393  372  542  170  308  559  251
11 2001 142.3  6.9  5.1  1.8  26  60.2  636.2 450  412  557  145  300  598  298
12 2002 146.8  4.5  3.9  0.6  13  40.9  677.0 413  391  561  170  304  580  276
13 2003 151.0  4.2  3.3  0.9  21  39.3  716.3 442  409  563  154  334  611  277
14 2004 153.7  2.7  1.8  0.9  33  25.8  742.2 485  433  590  157  398  621  223
15 2005 155.5  1.8  1.2  0.6  33  17.5  759.6 447  405  531  126  360  553  193
16 2006 156.7  1.2  0.9  0.3  24  11.8  771.4 453  420  552  132  372  552  180
17 2007 157.6  0.9  0.9  0.0   0   8.9  780.3 439  439    0    0  392  488   96
18 2008 158.2  0.6  0.6  0.0   0   6.0  786.3 420  420    0    0  383  457   74
19 2009 158.8  0.6  0.6  0.0   0   6.0  792.2 396  396    0    0  378  415   37
20 2010 159.4  0.6  0.6  0.0   0   6.0  798.2 374  374    0    0  314  434  120
21 2011 160.0  0.6  0.6  0.0   0   6.0  804.2 373  373    0    0  308  439  131
22 2012 160.6  0.6  0.6  0.0   0   6.0  810.3 377  377    0    0  342  413   71
23 2013 161.5  0.9  0.6  0.3  33   9.1  819.4 432  385  526  141  333  526  193
24 2014 162.7  1.2  0.6  0.6  49  12.2  831.6 443  375  510  135  344  516  172
25 2015 164.2  1.5  0.9  0.6  40  15.4  847.0 456  389  558  169  327  582  255
26 2016 165.7  1.5  0.9  0.6  40  15.5  862.6 432  342  566  224  229  590  361

Core Length:  164.7 mm
Core Density: 393 kg/m3
Cross-sectional Density:  384 kg/m3
Early/Latewood Threshold: 500 kg/m3
Attenuation Constant: 3.11

ִִִִִִִִִִִִִִִִִִִִִִִִִִִִִִִִִִִִִִִִִִִִִִִִִִִִִִִִִִִִִִִִִִִִִִִִִִִִִִִ
Core : 20
ֲֲֲִִִִִִִִִִִִִִִִִִִִִִִִִִִִִִִִִִִִִִִִִִִִִִִִִִִִִִִִִִִִִִִִִִִִִִִִִִִִ
       ³Widths (mm)              ³ Areas    ³ Densities (kg/m3)
       ³                         ³ (cm‎)    ³
Ring   ³Outer Ring Erly Late   % ³Incr Total³Ring E/Wd L/Wd Unif  Min  Max  Rng
 # Year³ Rad.      Wood Wood  LW ³          ³mean mean mean
ֱֱֱִִִִִִִִִִִִִִִִִִִִִִִִִִִִִִִִִִִִִִִִִִִִִִִִִִִִִִִִִִִִִִִִִִִִִִִִִִִִ

 2 1992  15.0 15.0 15.0  0.0   0   7.1    7.1 364  364    0    0  265  479  214
 3 1993  33.6 18.6 17.7  0.9   4  28.4   35.5 346  337  529  192  257  576  319
 4 1994  53.4 19.8 17.7  2.1  10  54.1   89.6 372  354  523  169  292  545  253
 5 1995  73.8 20.4 18.9  1.5   7  81.5  171.1 391  379  541  162  310  565  255
 6 1996  93.6 19.8 19.5  0.3   1 104.1  275.2 397  396  505  109  349  505  156
 7 1997 114.3 20.7 20.4  0.3   1 135.2  410.4 400  398  581  183  313  581  268
 8 1998 134.4 20.1 18.6  1.5   7 157.0  567.5 432  424  524  100  336  566  230
 9 1999 149.1 14.7 14.1  0.6   4 130.9  698.4 411  407  505   98  332  510  178
10 2000 161.1 12.0  9.9  2.1  17 116.9  815.3 446  429  527   98  365  548  183
11 2001 174.9 13.8 10.5  3.3  23 145.7  961.0 472  452  534   82  377  612  235
12 2002 186.6 11.7  8.1  3.6  30 132.9 1093.9 460  426  536  110  341  591  250
13 2003 192.0  5.4  2.7  2.7  50  64.2 1158.1 483  440  525   85  395  579  184
14 2004 197.1  5.1  3.3  1.8  35  62.3 1220.5 496  453  574  121  416  627  211
15 2005 201.3  4.2  3.0  1.2  28  52.6 1273.0 495  454  596  142  409  654  245
16 2006 203.4  2.1  0.9  1.2  57  26.7 1299.7 525  448  583  135  425  637  212
17 2007 204.3  0.9  0.3  0.6  66  11.5 1311.3 498  392  551  159  392  600  208
18 2008 205.8  1.5  0.9  0.6  40  19.3 1330.6 507  450  594  144  407  630  223

Core Length:  209.1 mm
Core Density: 440 kg/m3
Cross-sectional Density:  436 kg/m3
Early/Latewood Threshold: 500 kg/m3
Attenuation Constant: 3.11

ִִִִִִִִִִִִִִִִִִִִִִִִִִִִִִִִִִִִִִִִִִִִִִִִִִִִִִִִִִִִִִִִִִִִִִִִִִִִִִִ
Core : 37
ֲֲֲִִִִִִִִִִִִִִִִִִִִִִִִִִִִִִִִִִִִִִִִִִִִִִִִִִִִִִִִִִִִִִִִִִִִִִִִִִִִ
       ³Widths (mm)              ³ Areas    ³ Densities (kg/m3)
       ³                         ³ (cm‎)    ³
Ring   ³Outer Ring Erly Late   % ³Incr Total³Ring E/Wd L/Wd Unif  Min  Max  Rng
 # Year³ Rad.      Wood Wood  LW ³          ³mean mean mean
ֱֱֱִִִִִִִִִִִִִִִִִִִִִִִִִִִִִִִִִִִִִִִִִִִִִִִִִִִִִִִִִִִִִִִִִִִִִִִִִִִִ

 1 1991   2.1  2.1  2.1  0.0   0   0.1    0.1 299  299    0    0  208  332  124
 2 1992  12.6 10.5 10.5  0.0   0   4.8    5.0 304  304    0    0  245  403  158
 3 1993  33.9 21.3 21.3  0.0   0  31.1   36.1 312  312    0    0  249  473  224
 4 1994  56.7 22.8 22.5  0.3   1  64.9  101.0 336  334  512  178  273  512  239
 5 1995  77.1 20.4 18.6  1.8   8  85.8  186.7 355  338  522  184  284  536  252
 6 1996  95.4 18.3 17.7  0.6   3  99.2  285.9 343  337  532  195  283  550  267
 7 1997 111.9 16.5 16.2  0.3   1 107.5  393.4 363  361  500  139  297  500  203
 8 1998 122.1 10.2 10.2  0.0   0  75.0  468.4 399  399    0    0  315  499  184
 9 1999 132.6 10.5  8.7  1.8  17  84.0  552.4 432  410  538  128  361  592  231
10 2000 135.9  3.3  3.0  0.3   9  27.8  580.2 424  410  572  162  304  572  268
11 2001 141.9  6.0  3.6  2.4  40  52.4  632.6 452  406  522  116  325  541  216
12 2002 144.9  3.0  1.8  1.2  40  27.0  659.6 423  347  538  191  316  570  254
13 2003 148.8  3.9  2.7  1.2  30  36.0  695.6 450  407  548  141  361  582  221
14 2004 151.8  3.0  1.8  1.2  40  28.3  723.9 472  405  572  167  358  600  242
15 2005 153.9  2.1  1.5  0.6  28  20.2  744.1 472  427  586  159  382  607  225
16 2006 155.4  1.5  0.9  0.6  40  14.6  758.7 491  434  577  143  386  615  229
17 2007 156.9  1.5  0.6  0.9  60  14.7  773.4 532  471  573  102  451  639  188
18 2008 159.6  2.7  1.2  1.5  55  26.8  800.2 512  421  586  165  371  644  273
19 2009 163.8  4.2  2.4  1.8  42  42.7  842.9 499  427  594  167  352  665  313
20 2010 166.8  3.0  1.8  1.2  40  31.2  874.1 467  389  585  196  336  641  305
21 2011 170.7  3.9  2.7  1.2  30  41.4  915.4 438  378  572  194  318  627  309
22 2012 173.4  2.7  1.8  0.9  33  29.2  944.6 467  405  593  188  350  638  288
23 2013 175.5  2.1  1.2  0.9  42  23.0  967.6 505  431  604  173  364  656  292
24 2014 178.2  2.7  1.5  1.2  44  30.0  997.6 492  425  575  150  377  624  247
25 2015 182.4  4.2  1.5  2.7  64  47.6 1045.2 547  440  606  166  387  677  290
26 2016 185.7  3.3  1.2  2.1  63  38.2 1083.4 518  383  595  212  347  687  340

Core Length:  185.7 mm
Core Density: 434 kg/m3
Cross-sectional Density:  422 kg/m3
Early/Latewood Threshold: 500 kg/m3
Attenuation Constant: 3.11

ִִִִִִִִִִִִִִִִִִִִִִִִִִִִִִִִִִִִִִִִִִִִִִִִִִִִִִִִִִִִִִִִִִִִִִִִִִִִִִִ
Core : 44
ֲֲֲִִִִִִִִִִִִִִִִִִִִִִִִִִִִִִִִִִִִִִִִִִִִִִִִִִִִִִִִִִִִִִִִִִִִִִִִִִִִ
       ³Widths (mm)              ³ Areas    ³ Densities (kg/m3)
       ³                         ³ (cm‎)    ³
Ring   ³Outer Ring Erly Late   % ³Incr Total³Ring E/Wd L/Wd Unif  Min  Max  Rng
 # Year³ Rad.      Wood Wood  LW ³          ³mean mean mean
ֱֱֱִִִִִִִִִִִִִִִִִִִִִִִִִִִִִִִִִִִִִִִִִִִִִִִִִִִִִִִִִִִִִִִִִִִִִִִִִִִִ

 1 1991   3.0  3.0  3.0  0.0   0   0.3    0.3 322  322    0    0  278  362   84
 2 1992   9.3  6.3  6.3  0.0   0   2.4    2.7 350  350    0    0  250  468  218
 3 1993  26.7 17.4 17.4  0.0   0  19.7   22.4 352  352    0    0  295  489  194
 4 1994  43.5 16.8 15.0  1.8  10  37.1   59.4 376  356  536  180  298  542  244
 5 1995  57.3 13.8 12.9  0.9   6  43.7  103.1 380  369  541  172  311  572  261
 6 1996  69.9 12.6 12.6  0.0   0  50.4  153.5 374  374    0    0  312  492  180
 7 1997  80.7 10.8 10.5  0.3   2  51.1  204.6 387  383  500  117  313  500  187
 8 1998  91.2 10.5  9.3  1.2  11  56.7  261.3 422  408  534  126  330  553  223
 9 1999 101.4 10.2  6.0  4.2  41  61.7  323.0 469  420  539  119  389  629  240
10 2000 108.6  7.2  5.7  1.5  20  47.5  370.5 410  377  535  158  319  569  250
11 2001 113.1  4.5  2.7  1.8  40  31.3  401.9 453  389  550  161  314  591  277
12 2002 115.5  2.4  1.5  0.9  37  17.2  419.1 478  401  606  205  361  699  338
13 2003 117.0  1.5  0.3  1.2  80  11.0  430.1 555  476  575   99  476  637  161
14 2004 119.1  2.1  0.9  1.2  57  15.6  445.6 522  420  599  179  375  699  324
15 2005 120.6  1.5  0.6  0.9  60  11.3  456.9 530  427  599  172  400  651  251
16 2006 122.1  1.5  0.3  1.2  80  11.4  468.4 580  427  618  191  427  663  236
17 2007 123.3  1.2  0.3  0.9  75   9.3  477.6 587  498  617  119  498  671  173
18 2008 123.9  0.6  0.0  0.6 100   4.7  482.3 635    0  635  635  607  664   57
19 2009 124.5  0.6  0.0  0.6  99   4.7  487.0 536    0  536  536  526  547   21
20 2010 125.4  0.9  0.6  0.3  33   7.1  494.0 498  465  564   99  431  564  133
21 2011 126.0  0.6  0.6  0.0   0   4.7  498.8 461  461    0    0  454  468   14
22 2012 126.3  0.3  0.0  0.3 100   2.4  501.1 555    0  555  555  555  555    0
23 2013 126.6  0.3  0.0  0.3  99   2.4  503.5 608    0  608  608  608  608    0
24 2014 126.9  0.3  0.0  0.3 100   2.4  505.9 585    0  585  585  585  585    0
25 2015 127.2  0.3  0.0  0.3  99   2.4  508.3 550    0  550  550  550  550    0
26 2016 127.5  0.3  0.3  0.0   0   2.4  510.7 492  492    0    0  492  492    0

Core Length:  127.8 mm
Core Density: 479 kg/m3
Cross-sectional Density:  434 kg/m3
Early/Latewood Threshold: 500 kg/m3
Attenuation Constant: 3.11

ִִִִִִִִִִִִִִִִִִִִִִִִִִִִִִִִִִִִִִִִִִִִִִִִִִִִִִִִִִִִִִִִִִִִִִִִִִִִִִִ
Core : 50
ֲֲֲִִִִִִִִִִִִִִִִִִִִִִִִִִִִִִִִִִִִִִִִִִִִִִִִִִִִִִִִִִִִִִִִִִִִִִִִִִִִ
       ³Widths (mm)              ³ Areas    ³ Densities (kg/m3)
       ³                         ³ (cm‎)    ³
Ring   ³Outer Ring Erly Late   % ³Incr Total³Ring E/Wd L/Wd Unif  Min  Max  Rng
 # Year³ Rad.      Wood Wood  LW ³          ³mean mean mean
ֱֱֱִִִִִִִִִִִִִִִִִִִִִִִִִִִִִִִִִִִִִִִִִִִִִִִִִִִִִִִִִִִִִִִִִִִִִִִִִִִִ

 1 1991   2.7  2.7  2.7  0.0   0   0.2    0.2 329  329    0    0  303  353   50
 2 1992  16.8 14.1 14.1  0.0   0   8.6    8.9 313  313    0    0  243  455  212
 3 1993  38.4 21.6 21.6  0.0   0  37.5   46.3 333  333    0    0  242  491  249
 4 1994  57.3 18.9 16.2  2.7  14  56.8  103.1 369  345  516  171  295  530  235
 5 1995  76.2 18.9 17.4  1.5   7  79.3  182.4 381  369  524  155  326  549  223
 6 1996  97.2 21.0 20.7  0.3   1 114.4  296.8 373  371  523  152  284  523  239
 7 1997 123.3 26.1 26.1  0.0   0 180.8  477.6 372  372    0    0  297  489  192
 8 1998 143.1 19.8 16.5  3.3  16 165.7  643.3 392  365  525  160  267  550  283
 9 1999 156.3 13.2 12.0  1.2   9 124.2  767.5 386  370  551  181  269  582  313
10 2000 162.3  6.0  5.4  0.6  10  60.1  827.5 389  371  558  187  295  595  300
11 2001 171.0  8.7  6.6  2.1  24  91.1  918.6 430  393  545  152  313  611  298
12 2002 174.9  3.9  3.3  0.6  15  42.4  961.0 405  362  644  282  303  676  373
13 2003 180.3  5.4  2.4  3.0  55  60.3 1021.3 499  413  568  155  369  648  279
14 2004 183.9  3.6  2.1  1.5  41  41.2 1062.5 492  415  600  185  349  701  352
15 2005 187.2  3.3  1.8  1.5  45  38.5 1100.9 505  414  613  199  360  711  351
16 2006 189.9  2.7  1.5  1.2  44  32.0 1132.9 467  384  572  188  341  663  322
17 2007 191.7  1.8  0.6  1.2  66  21.6 1154.5 486  365  547  182  357  579  222
18 2008 194.1  2.4  0.9  1.5  62  29.1 1183.6 523  388  604  216  357  674  317
19 2009 195.6  1.5  0.9  0.6  40  18.4 1202.0 499  410  632  222  352  636  284
20 2010 198.0  2.4  0.9  1.5  62  29.7 1231.6 491  355  574  219  341  611  270
21 2011 201.3  3.3  0.9  2.4  72  41.4 1273.0 521  385  572  187  361  631  270
22 2012 205.8  4.5  2.1  2.4  53  57.6 1330.6 491  403  568  165  369  676  307
23 2013 210.9  5.1  2.4  2.7  52  66.8 1397.3 529  429  618  189  386  664  278
24 2014 212.7  1.8  0.6  1.2  66  24.0 1421.3 569  449  629  180  448  639  191
25 2015 213.9  1.2  0.6  0.6  50  16.1 1437.4 546  431  662  231  394  681  287
26 2016 214.8  0.9  0.3  0.6  66  12.1 1449.5 474  343  540  197  343  544  201

Core Length:  214.8 mm
Core Density: 444 kg/m3
Cross-sectional Density:  425 kg/m3
Early/Latewood Threshold: 500 kg/m3
Attenuation Constant: 3.11

ִִִִִִִִִִִִִִִִִִִִִִִִִִִִִִִִִִִִִִִִִִִִִִִִִִִִִִִִִִִִִִִִִִִִִִִִִִִִִִִ
Core : 53
ֲֲֲִִִִִִִִִִִִִִִִִִִִִִִִִִִִִִִִִִִִִִִִִִִִִִִִִִִִִִִִִִִִִִִִִִִִִִִִִִִִ
       ³Widths (mm)              ³ Areas    ³ Densities (kg/m3)
       ³                         ³ (cm‎)    ³
Ring   ³Outer Ring Erly Late   % ³Incr Total³Ring E/Wd L/Wd Unif  Min  Max  Rng
 # Year³ Rad.      Wood Wood  LW ³          ³mean mean mean
ֱֱֱִִִִִִִִִִִִִִִִִִִִִִִִִִִִִִִִִִִִִִִִִִִִִִִִִִִִִִִִִִִִִִִִִִִִִִִִִִִִ

 1 1991   4.6  4.6  3.6  0.0   0   0.7    0.7 366  366    0    0  340  391   51
 2 1992  16.6 12.0 12.0  0.0   0   8.0    8.7 329  329    0    0  276  473  197
 3 1993  38.5 21.9 21.9  0.0   0  37.9   46.6 328  328    0    0  250  463  213
 4 1994  60.1 21.6 19.8  1.8   8  66.9  113.5 332  315  512  197  260  525  265
 5 1995  81.1 21.0 19.2  1.8   8  93.2  206.6 366  349  543  194  295  568  273
 6 1996 103.9 22.8 21.3  1.5   6 132.5  339.1 372  362  519  157  287  535  248
 7 1997 127.0 23.1 21.9  1.2   5 167.6  506.7 371  364  506  142  307  514  207
 8 1998 142.0 15.0 12.0  3.0  20 126.8  633.5 423  386  574  188  308  606  298
 9 1999 159.7 17.7 15.3  2.4  13 167.8  801.2 418  399  537  138  337  570  233
10 2000 168.7  9.0  7.5  1.5  16  92.9  894.1 393  362  549  187  310  600  290
11 2001 175.0  6.3  3.6  2.7  42  68.0  962.1 485  401  596  195  334  657  323
12 2002 179.8  4.8  3.3  1.5  31  53.5 1015.6 472  391  651  260  329  703  374
13 2003 186.7  6.9  2.7  4.2  60  79.4 1095.1 530  437  589  152  372  668  296
14 2004 190.9  4.2  1.8  2.4  57  49.8 1144.9 516  417  591  174  363  680  317
15 2005 195.4  4.5  1.2  3.3  73  54.6 1199.5 540  436  578  142  376  686  310
16 2006 199.6  4.2  1.2  3.0  71  52.1 1251.6 535  392  592  200  356  693  337
17 2007 203.5  3.9  2.4  1.5  38  49.4 1301.0 509  442  616  174  375  677  302
18 2008 207.7  4.2  1.5  2.7  64  54.3 1355.3 510  385  579  194  357  658  301
19 2009 212.2  4.5  2.1  2.4  53  59.4 1414.6 510  433  579  146  364  651  287
20 2010 214.6  2.4  1.5  0.9  37  32.2 1446.8 463  401  566  165  352  610  258
21 2011 217.9  3.3  2.4  0.9  27  44.8 1491.6 458  399  617  218  351  658  307
22 2012 220.0  2.1  1.2  0.9  42  28.9 1520.5 489  423  577  154  383  635  252
23 2013 222.7  2.7  0.9  1.8  66  37.6 1558.1 538  419  598  179  391  679  288
24 2014 225.1  2.4  0.9  1.5  62  33.8 1591.8 513  396  583  187  343  674  331
25 2015 228.7  3.6  1.5  2.1  58  51.3 1643.2 558  447  637  190  400  722  322
26 2016 230.8  2.1  0.6  1.5  71  30.3 1673.5 555  365  631  266  234  679  445

Core Length:  229.8 mm
Core Density: 456 kg/m3
Cross-sectional Density:  443 kg/m3
Early/Latewood Threshold: 500 kg/m3
Attenuation Constant: 3.11

ִִִִִִִִִִִִִִִִִִִִִִִִִִִִִִִִִִִִִִִִִִִִִִִִִִִִִִִִִִִִִִִִִִִִִִִִִִִִִִִ
Core : 55
ֲֲֲִִִִִִִִִִִִִִִִִִִִִִִִִִִִִִִִִִִִִִִִִִִִִִִִִִִִִִִִִִִִִִִִִִִִִִִִִִִִ
       ³Widths (mm)              ³ Areas    ³ Densities (kg/m3)
       ³                         ³ (cm‎)    ³
Ring   ³Outer Ring Erly Late   % ³Incr Total³Ring E/Wd L/Wd Unif  Min  Max  Rng
 # Year³ Rad.      Wood Wood  LW ³          ³mean mean mean
ֱֱֱִִִִִִִִִִִִִִִִִִִִִִִִִִִִִִִִִִִִִִִִִִִִִִִִִִִִִִִִִִִִִִִִִִִִִִִִִִִִ

 2 1992   6.0  6.0  5.1  0.9  15   1.1    1.1 414  395  524  129  358  550  192
 3 1993  28.8 22.8 22.8  0.0   0  24.9   26.1 365  365    0    0  284  488  204
 4 1994  51.0 22.2 19.5  2.7  12  55.7   81.7 386  365  540  175  315  572  257
 5 1995  73.2 22.2 19.8  2.4  10  86.6  168.3 393  376  532  156  313  567  254
 6 1996  94.5 21.3 19.2  2.1   9 112.2  280.6 403  390  524  134  306  569  263
 7 1997 117.6 23.1 18.9  4.2  18 153.9  434.5 418  395  521  126  319  531  212
 8 1998 135.9 18.3 14.1  4.2  22 145.7  580.2 429  398  532  134  304  573  269
 9 1999 150.0 14.1 12.9  1.2   8 126.6  706.9 422  410  551  141  329  568  239
10 2000 159.3  9.3  6.3  3.0  32  90.4  797.2 434  378  553  175  305  575  270
11 2001 169.8 10.5  6.9  3.6  34 108.6  905.8 454  412  537  125  328  580  252
12 2002 175.5  5.7  3.3  2.4  42  61.8  967.6 459  370  581  211  314  624  310
13 2003 181.2  5.7  3.0  2.7  47  63.9 1031.5 496  410  591  181  321  641  320
14 2004 186.0  4.8  1.8  3.0  62  55.4 1086.9 505  393  573  180  347  615  268
15 2005 192.6  6.6  3.0  3.6  54  78.5 1165.4 523  424  606  182  366  708  342
16 2006 196.8  4.2  1.8  2.4  57  51.4 1216.7 523  406  611  205  348  663  315
17 2007 199.8  3.0  0.9  2.1  70  37.4 1254.1 526  386  587  201  340  690  350
18 2008 202.8  3.0  1.2  1.8  60  37.9 1292.1 528  400  614  214  364  683  319
19 2009 206.1  3.3  1.2  2.1  63  42.4 1334.5 539  398  620  222  359  713  354
20 2010 208.2  2.1  1.5  0.6  28  27.3 1361.8 444  398  561  163  358  571  213
21 2011 209.4  1.2  0.9  0.3  25  15.7 1377.5 438  394  571  177  379  571  192
22 2012 210.9  1.5  0.6  0.9  60  19.8 1397.3 547  432  624  192  401  711  310
23 2013 213.0  2.1  0.6  1.5  71  28.0 1425.3 580  436  638  202  424  724  300
24 2014 214.2  1.2  0.3  0.9  75  16.1 1441.4 558  460  591  131  460  635  175
25 2015 215.1  0.9  0.3  0.6  66  12.1 1453.6 564  490  601  111  490  649  159
26 2016 216.0  0.9  0.3  0.6  66  12.2 1465.7 502  373  566  193  373  595  222

Core Length:  216.0 mm
Core Density: 474 kg/m3
Cross-sectional Density:  454 kg/m3
Early/Latewood Threshold: 500 kg/m3
Attenuation Constant: 3.11

ִִִִִִִִִִִִִִִִִִִִִִִִִִִִִִִִִִִִִִִִִִִִִִִִִִִִִִִִִִִִִִִִִִִִִִִִִִִִִִִ
Core : 64
ֲֲֲִִִִִִִִִִִִִִִִִִִִִִִִִִִִִִִִִִִִִִִִִִִִִִִִִִִִִִִִִִִִִִִִִִִִִִִִִִִִ
       ³Widths (mm)              ³ Areas    ³ Densities (kg/m3)
       ³                         ³ (cm‎)    ³
Ring   ³Outer Ring Erly Late   % ³Incr Total³Ring E/Wd L/Wd Unif  Min  Max  Rng
 # Year³ Rad.      Wood Wood  LW ³          ³mean mean mean
ֱֱֱִִִִִִִִִִִִִִִִִִִִִִִִִִִִִִִִִִִִִִִִִִִִִִִִִִִִִִִִִִִִִִִִִִִִִִִִִִִִ

 1 1991   3.0  3.0  3.0  0.0   0   0.3    0.3 358  358    0    0  295  387   92
 2 1992  12.3  9.3  8.4  0.9   9   4.5    4.8 373  357  523  166  273  541  268
 3 1993  30.3 18.0 17.7  0.3   1  24.1   28.8 354  352  501  149  274  501  227
 4 1994  49.2 18.9 17.1  1.8   9  47.2   76.0 349  332  514  182  277  530  253
 5 1995  67.8 18.6 16.8  1.8   9  68.4  144.4 379  364  524  160  322  552  230
 6 1996  87.9 20.1 19.2  0.9   4  98.3  242.7 373  366  516  150  300  522  222
 7 1997 114.0 26.1 25.8  0.3   1 165.5  408.3 395  394  517  123  316  517  201
 8 1998 135.6 21.6 19.5  2.1   9 169.4  577.7 414  402  523  121  331  563  232
 9 1999 154.2 18.6 15.9  2.7  14 169.3  747.0 429  413  521  108  340  541  201
10 2000 163.5  9.3  7.2  2.1  22  92.8  839.8 404  369  528  159  292  561  269
11 2001 171.0  7.5  6.0  1.5  20  78.8  918.6 414  386  525  139  295  538  243
12 2002 177.3  6.3  4.5  1.8  28  68.9  987.6 427  378  551  173  288  606  318
13 2003 188.7 11.4  6.6  4.8  42 131.1 1118.6 475  422  548  126  344  640  296
14 2004 195.3  6.6  2.7  3.9  59  79.6 1198.3 513  420  578  158  344  629  285
15 2005 199.5  4.2  2.7  1.5  35  52.1 1250.4 464  407  568  161  360  631  271
16 2006 204.0  4.5  2.7  1.8  40  57.0 1307.4 481  426  564  138  357  627  270
17 2007 207.3  3.3  1.2  2.1  63  42.6 1350.0 502  409  555  146  373  647  274
18 2008 213.0  5.7  1.8  3.9  68  75.3 1425.3 541  436  590  154  385  656  271
19 2009 217.8  4.8  1.5  3.3  68  65.0 1490.3 522  411  573  162  377  640  263
20 2010 221.7  3.9  0.9  3.0  76  53.8 1544.1 565  442  602  160  402  666  264
21 2011 226.5  4.8  1.2  3.6  74  67.6 1611.7 537  415  577  162  368  640  272
22 2012 231.0  4.5  2.1  2.4  53  64.7 1676.4 521  448  586  138  374  658  284
23 2013 237.0  6.0  2.4  3.6  60  88.2 1764.6 529  431  595  164  381  678  297
24 2014 242.7  5.7  1.8  3.9  68  85.9 1850.5 574  460  627  167  409  698  289
25 2015 250.5  7.8  2.7  5.1  65 120.9 1971.4 541  437  596  159  395  704  309
26 2016 256.2  5.7  3.6  2.1  36  90.7 2062.1 498  444  591  147  385  666  281

Core Length:  256.2 mm
Core Density: 458 kg/m3
Cross-sectional Density:  463 kg/m3
Early/Latewood Threshold: 500 kg/m3
Attenuation Constant: 3.11

ִִִִִִִִִִִִִִִִִִִִִִִִִִִִִִִִִִִִִִִִִִִִִִִִִִִִִִִִִִִִִִִִִִִִִִִִִִִִִִִ
Core : 70
ֲֲֲִִִִִִִִִִִִִִִִִִִִִִִִִִִִִִִִִִִִִִִִִִִִִִִִִִִִִִִִִִִִִִִִִִִִִִִִִִִִ
       ³Widths (mm)              ³ Areas    ³ Densities (kg/m3)
       ³                         ³ (cm‎)    ³
Ring   ³Outer Ring Erly Late   % ³Incr Total³Ring E/Wd L/Wd Unif  Min  Max  Rng
 # Year³ Rad.      Wood Wood  LW ³          ³mean mean mean
ֱֱֱִִִִִִִִִִִִִִִִִִִִִִִִִִִִִִִִִִִִִִִִִִִִִִִִִִִִִִִִִִִִִִִִִִִִִִִִִִִִ

 1 1991   3.0  3.0  3.0  0.0   0   0.3    0.3 273  273    0    0  201  324  123
 2 1992  15.9 12.9 12.9  0.0   0   7.7    7.9 295  295    0    0  226  460  234
 3 1993  38.7 22.8 21.9  0.9   3  39.1   47.1 321  313  515  202  246  527  281
 4 1994  60.3 21.6 19.5  2.1   9  67.2  114.2 347  323  561  238  252  594  342
 5 1995  77.4 17.1 15.9  1.2   7  74.0  188.2 361  348  533  185  279  581  302
 6 1996  94.5 17.1 16.8  0.3   1  92.3  280.6 366  364  520  156  272  520  248
 7 1997 117.0 22.5 20.7  1.8   7 149.5  430.1 377  364  526  162  288  542  254
 8 1998 136.2 19.2 18.9  0.3   1 152.7  582.8 370  368  532  164  292  532  240
 9 1999 150.3 14.1 12.6  1.5  10 126.9  709.7 401  383  557  174  302  581  279
10 2000 159.9  9.6  6.6  3.0  31  93.6  803.2 421  368  538  170  272  604  332
11 2001 170.4 10.5  8.4  2.1  20 109.0  912.2 450  416  589  173  357  623  266
12 2002 177.0  6.6  4.2  2.4  36  72.0  984.2 454  386  572  186  358  648  290
13 2003 186.9  9.9  6.6  3.3  33 113.2 1097.4 489  452  564  112  403  648  245
14 2004 194.1  7.2  3.3  3.9  54  86.2 1183.6 472  389  542  153  345  603  258
15 2005 200.1  6.0  3.9  2.1  35  74.3 1257.9 488  427  602  175  357  677  320
16 2006 206.7  6.6  3.9  2.7  40  84.3 1342.2 467  405  558  153  339  590  251
17 2007 212.1  5.4  2.7  2.7  50  71.0 1413.3 480  409  550  141  337  588  251
18 2008 219.6  7.5  4.5  3.0  40 101.7 1515.0 469  416  548  132  343  599  256
19 2009 225.9  6.3  3.6  2.7  42  88.2 1603.2 466  400  555  155  352  599  247
20 2010 230.4  4.5  2.7  1.8  40  64.5 1667.7 461  399  555  156  340  630  290
21 2011 237.3  6.9  4.8  2.1  30 101.4 1769.1 449  397  568  171  344  592  248
22 2012 240.3  3.0  2.1  0.9  30  45.0 1814.1 416  360  545  185  298  562  264
23 2013 243.0  2.7  1.8  0.9  33  41.0 1855.1 458  398  579  181  341  612  271
24 2014 246.9  3.9  1.8  2.1  53  60.0 1915.1 499  403  582  179  336  615  279
25 2015 252.0  5.1  2.7  2.4  47  79.9 1995.0 484  409  567  158  326  586  260
26 2016 255.3  3.3  2.4  0.9  27  52.6 2047.6 446  396  582  186  286  636  350

Core Length:  255.3 mm
Core Density: 422 kg/m3
Cross-sectional Density:  431 kg/m3
Early/Latewood Threshold: 500 kg/m3
Attenuation Constant: 3.11

