File : C:\DENSITOM\TAIRUA~1\TAIR8.DAT
Cores :
7
13
19
21
24
26
28
33
43
56
58
59
61
63

ִִִִִִִִִִִִִִִִִִִִִִִִִִִִִִִִִִִִִִִִִִִִִִִִִִִִִִִִִִִִִִִִִִִִִִִִִִִִִִִ
Core : 7
ֲֲֲִִִִִִִִִִִִִִִִִִִִִִִִִִִִִִִִִִִִִִִִִִִִִִִִִִִִִִִִִִִִִִִִִִִִִִִִִִִִ
       ³Widths (mm)              ³ Areas    ³ Densities (kg/m3)
       ³                         ³ (cm‎)    ³
Ring   ³Outer Ring Erly Late   % ³Incr Total³Ring E/Wd L/Wd Unif  Min  Max  Rng
 # Year³ Rad.      Wood Wood  LW ³          ³mean mean mean
ֱֱֱִִִִִִִִִִִִִִִִִִִִִִִִִִִִִִִִִִִִִִִִִִִִִִִִִִִִִִִִִִִִִִִִִִִִִִִִִִִִ

 1 1991   5.1  5.1  5.1  0.0   0   0.8    0.8 352  352    0    0  261  398  137
 2 1992  18.3 13.2 13.2  0.0   0   9.7   10.5 374  374    0    0  301  472  171
 3 1993  40.5 22.2 19.2  3.0  13  41.0   51.5 380  359  519  160  269  548  279
 4 1994  56.7 16.2 14.1  2.1  12  49.5  101.0 418  394  580  186  347  625  278
 5 1995  66.0  9.3  5.4  3.9  41  35.8  136.8 473  408  563  155  321  653  332
 6 1996  77.1 11.1  8.7  2.4  21  49.9  186.7 450  422  552  130  342  595  253
 7 1997  87.3 10.2  7.5  2.7  26  52.7  239.4 448  411  550  139  313  593  280
 8 1998  97.8 10.5  7.2  3.3  31  61.1  300.5 446  400  545  145  347  592  245
 9 1999 111.6 13.8 11.1  2.7  19  90.8  391.3 459  441  535   94  364  579  215
10 2000 122.1 10.5  6.3  4.2  40  77.1  468.4 462  401  553  152  343  600  257
11 2001 135.3 13.2  7.5  5.7  43 106.7  575.1 469  421  533  112  360  594  234
12 2002 142.8  7.5  4.2  3.3  44  65.5  640.6 477  390  589  199  324  698  374
13 2003 155.4 12.6  3.0  9.6  76 118.0  758.7 552  449  584  135  408  670  262
14 2004 162.0  6.6  2.4  4.2  63  65.8  824.5 545  435  608  173  380  732  352
15 2005 166.8  4.8  2.1  2.7  56  49.6  874.1 519  416  599  183  387  732  345
16 2006 171.3  4.5  2.1  2.4  53  47.8  921.9 548  434  649  215  384  768  384
17 2007 176.1  4.8  1.5  3.3  68  52.4  974.2 583  421  657  236  362  773  411
18 2008 180.0  3.9  2.1  1.8  46  43.6 1017.9 539  422  677  255  369  764  395
19 2009 185.1  5.1  1.5  3.6  70  58.5 1076.4 599  437  667  230  402  772  370
20 2010 189.9  4.8  1.5  3.3  68  56.5 1132.9 554  416  617  201  377  786  409
21 2011 197.7  7.8  3.0  4.8  61  95.0 1227.9 553  418  638  220  354  740  386
22 2012 204.9  7.2  3.0  4.2  58  91.1 1319.0 525  412  606  194  375  747  372
23 2013 211.2  6.3  2.1  4.2  66  82.4 1401.3 545  432  601  169  405  730  325
24 2014 214.5  3.3  1.5  1.8  54  44.1 1445.5 528  417  621  204  385  761  376
25 2015 217.8  3.3  1.5  1.8  54  44.8 1490.3 575  425  700  275  387  797  410
26 2016 220.5  2.7  0.9  1.8  66  37.2 1527.5 613  462  688  226  430  797  367

Core Length:  220.5 mm
Core Density: 499 kg/m3
Cross-sectional Density:  510 kg/m3
Early/Latewood Threshold: 500 kg/m3
Attenuation Constant: 3.11

ִִִִִִִִִִִִִִִִִִִִִִִִִִִִִִִִִִִִִִִִִִִִִִִִִִִִִִִִִִִִִִִִִִִִִִִִִִִִִִִ
Core : 13
ֲֲֲִִִִִִִִִִִִִִִִִִִִִִִִִִִִִִִִִִִִִִִִִִִִִִִִִִִִִִִִִִִִִִִִִִִִִִִִִִִִ
       ³Widths (mm)              ³ Areas    ³ Densities (kg/m3)
       ³                         ³ (cm‎)    ³
Ring   ³Outer Ring Erly Late   % ³Incr Total³Ring E/Wd L/Wd Unif  Min  Max  Rng
 # Year³ Rad.      Wood Wood  LW ³          ³mean mean mean
ֱֱֱִִִִִִִִִִִִִִִִִִִִִִִִִִִִִִִִִִִִִִִִִִִִִִִִִִִִִִִִִִִִִִִִִִִִִִִִִִִִ

 1 1991   2.7  2.7  2.1  0.6  22   0.2    0.2 423  396  519  123  323  525  202
 2 1992  10.8  8.1  8.1  0.0   0   3.4    3.7 316  316    0    0  261  403  142
 3 1993  29.4 18.6 18.6  0.0   0  23.5   27.2 318  318    0    0  230  485  255
 4 1994  46.2 16.8 15.6  1.2   7  39.9   67.1 316  301  508  207  227  523  296
 5 1995  58.2 12.0 10.2  1.8  15  39.4  106.4 381  352  546  194  249  595  346
 6 1996  70.2 12.0 10.5  1.5  12  48.4  154.8 393  373  534  161  308  575  267
 7 1997  82.8 12.6 11.7  0.9   7  60.6  215.4 387  377  525  148  274  529  255
 8 1998 101.4 18.6 15.0  3.6  19 107.6  323.0 407  372  551  179  297  599  302
 9 1999 117.6 16.2 12.9  3.3  20 111.5  434.5 428  396  551  155  332  596  264
10 2000 131.7 14.1 11.1  3.0  21 110.4  544.9 426  386  575  189  328  620  292
11 2001 143.7 12.0  9.6  2.4  20 103.8  648.7 429  401  537  136  300  625  325
12 2002 150.3  6.6  4.5  2.1  31  61.0  709.7 431  365  573  208  316  640  324
13 2003 159.3  9.0  3.9  5.1  56  87.5  797.2 519  453  570  117  395  645  250
14 2004 166.2  6.9  3.3  3.6  52  70.6  867.8 504  403  598  195  338  681  343
15 2005 173.4  7.2  4.8  2.4  33  76.8  944.6 501  430  642  212  343  698  355
16 2006 182.1  8.7  4.8  3.9  44  97.2 1041.8 502  430  591  161  325  662  337
17 2007 189.0  6.9  3.6  3.3  47  80.4 1122.2 493  417  576  159  360  669  309
18 2008 193.5  4.5  2.7  1.8  39  54.1 1176.3 486  408  604  196  342  700  358
19 2009 197.1  3.6  2.1  1.5  41  44.2 1220.5 468  386  583  197  325  624  299
20 2010 200.7  3.6  2.1  1.5  41  45.0 1265.4 492  404  616  212  346  642  296
21 2011 203.4  2.7  1.8  0.9  33  34.3 1299.7 456  403  562  159  331  584  253
22 2012 204.9  1.5  0.9  0.6  40  19.2 1319.0 438  370  542  172  351  569  218
23 2013 206.4  1.5  0.9  0.6  40  19.4 1338.3 510  418  647  229  366  674  308
24 2014 208.5  2.1  0.9  1.2  57  27.4 1365.7 505  413  574  161  366  627  261
25 2015 211.8  3.3  1.2  2.1  63  43.6 1409.3 517  406  580  174  364  640  276
26 2016 213.9  2.1  1.2  0.9  42  28.1 1437.4 469  407  552  145  384  573  189

Core Length:  213.9 mm
Core Density: 442 kg/m3
Cross-sectional Density:  451 kg/m3
Early/Latewood Threshold: 500 kg/m3
Attenuation Constant: 3.11

ִִִִִִִִִִִִִִִִִִִִִִִִִִִִִִִִִִִִִִִִִִִִִִִִִִִִִִִִִִִִִִִִִִִִִִִִִִִִִִִ
Core : 19
ֲֲֲִִִִִִִִִִִִִִִִִִִִִִִִִִִִִִִִִִִִִִִִִִִִִִִִִִִִִִִִִִִִִִִִִִִִִִִִִִִִ
       ³Widths (mm)              ³ Areas    ³ Densities (kg/m3)
       ³                         ³ (cm‎)    ³
Ring   ³Outer Ring Erly Late   % ³Incr Total³Ring E/Wd L/Wd Unif  Min  Max  Rng
 # Year³ Rad.      Wood Wood  LW ³          ³mean mean mean
ֱֱֱִִִִִִִִִִִִִִִִִִִִִִִִִִִִִִִִִִִִִִִִִִִִִִִִִִִִִִִִִִִִִִִִִִִִִִִִִִִִ

 2 1992  16.3 16.3 11.4  0.9   5   8.3    8.3 355  343  510  167  256  525  269
 3 1993  37.9 21.6 21.6  0.0   0  36.8   45.1 307  307    0    0  232  464  232
 4 1994  58.9 21.0 20.1  0.9   4  63.9  109.0 310  301  518  217  240  535  295
 5 1995  72.4 13.5 11.7  1.8  13  55.7  164.7 366  331  592  261  233  622  389
 6 1996  83.5 11.1 10.5  0.6   5  54.4  219.0 362  351  554  203  300  577  277
 7 1997  88.6  5.1  3.6  1.5  29  27.6  246.6 407  343  558  215  279  607  328
 8 1998  98.5  9.9  6.6  3.3  33  58.2  304.8 421  358  548  190  294  602  308
 9 1999 107.2  8.7  6.6  2.1  24  56.2  361.0 405  360  544  184  293  618  325
10 2000 115.9  8.7  6.0  2.7  31  61.0  422.0 434  361  597  236  268  643  375
11 2001 127.9 12.0  9.6  2.4  20  91.9  513.9 431  403  544  141  339  638  299
12 2002 136.3  8.4  5.1  3.3  39  69.7  583.6 436  346  576  230  289  630  341
13 2003 145.0  8.7  4.2  4.5  51  76.9  660.5 492  400  578  178  340  698  358
14 2004 150.4  5.4  2.4  3.0  55  50.1  710.6 502  376  604  228  333  663  330
15 2005 155.8  5.4  2.7  2.7  50  51.9  762.6 502  396  608  212  335  683  348
16 2006 160.9  5.1  2.4  2.7  52  50.7  813.3 514  414  604  190  356  681  325
17 2007 166.3  5.4  1.8  3.6  66  55.5  868.8 557  417  627  210  366  712  346
18 2008 171.4  5.1  2.4  2.7  52  54.1  922.9 524  443  597  154  395  666  271
19 2009 175.9  4.5  1.5  3.0  66  49.1  972.0 537  414  599  185  381  689  308
20 2010 179.5  3.6  1.5  2.1  58  40.2 1012.2 525  423  598  175  395  671  276
21 2011 184.6  5.1  2.1  3.0  58  58.3 1070.6 534  438  602  164  375  681  306
22 2012 189.4  4.8  1.8  3.0  62  56.4 1127.0 547  449  605  156  422  683  261
23 2013 196.3  6.9  1.8  5.1  73  83.6 1210.6 560  446  600  154  402  694  292
24 2014 202.0  5.7  2.7  3.0  52  71.3 1281.9 523  448  591  143  412  657  245
25 2015 207.4  5.4  1.5  3.9  72  69.5 1351.3 582  462  628  166  441  713  272
26 2016 211.3  3.9  1.2  2.7  69  51.3 1402.6 587  469  639  170  437  706  269

Core Length:  207.3 mm
Core Density: 468 kg/m3
Cross-sectional Density:  475 kg/m3
Early/Latewood Threshold: 500 kg/m3
Attenuation Constant: 3.11

ִִִִִִִִִִִִִִִִִִִִִִִִִִִִִִִִִִִִִִִִִִִִִִִִִִִִִִִִִִִִִִִִִִִִִִִִִִִִִִִ
Core : 21
ֲֲֲִִִִִִִִִִִִִִִִִִִִִִִִִִִִִִִִִִִִִִִִִִִִִִִִִִִִִִִִִִִִִִִִִִִִִִִִִִִִ
       ³Widths (mm)              ³ Areas    ³ Densities (kg/m3)
       ³                         ³ (cm‎)    ³
Ring   ³Outer Ring Erly Late   % ³Incr Total³Ring E/Wd L/Wd Unif  Min  Max  Rng
 # Year³ Rad.      Wood Wood  LW ³          ³mean mean mean
ֱֱֱִִִִִִִִִִִִִִִִִִִִִִִִִִִִִִִִִִִִִִִִִִִִִִִִִִִִִִִִִִִִִִִִִִִִִִִִִִִִ

 1 1991   3.7  3.7  2.7  0.0   0   0.4    0.4 322  322    0    0  286  343   57
 2 1992  17.5 13.8 13.8  0.0   0   9.2    9.6 315  315    0    0  248  449  201
 3 1993  38.5 21.0 21.0  0.0   0  36.9   46.6 318  318    0    0  256  485  229
 4 1994  57.7 19.2 18.9  0.3   1  58.0  104.6 319  316  520  204  240  520  280
 5 1995  66.4  8.7  8.1  0.6   6  33.9  138.5 346  330  550  220  236  590  354
 6 1996  75.4  9.0  8.7  0.3   3  40.1  178.6 381  374  568  194  322  568  246
 7 1997  85.9 10.5 10.2  0.3   2  53.2  231.8 349  343  539  196  281  539  258
 8 1998  99.1 13.2 12.9  0.3   2  76.7  308.5 349  345  501  156  268  501  233
 9 1999 113.2 14.1 14.1  0.0   0  94.0  402.6 340  340    0    0  262  491  229
10 2000 125.5 12.3 12.0  0.3   2  92.2  494.8 335  331  501  170  203  501  298
11 2001 138.4 12.9 12.3  0.6   4 106.9  601.8 337  329  514  185  262  517  255
12 2002 144.7  6.3  5.7  0.6   9  56.0  657.8 359  343  511  168  283  514  231
13 2003 151.3  6.6  6.3  0.3   4  61.4  719.2 414  408  556  148  346  556  210
14 2004 154.3  3.0  2.1  0.9  30  28.8  748.0 449  380  609  229  346  629  283
15 2005 157.6  3.3  2.7  0.6  18  32.3  780.3 425  385  606  221  344  644  300
16 2006 159.7  2.1  1.5  0.6  28  20.9  801.2 453  411  557  146  343  567  224
17 2007 160.6  0.9  0.9  0.0   0   9.1  810.3 437  437    0    0  410  471   61
18 2008 161.8  1.2  0.9  0.3  25  12.2  822.4 477  460  530   70  421  530  109
19 2009 162.7  0.9  0.6  0.3  33   9.2  831.6 424  381  511  130  354  511  157
20 2010 163.3  0.6  0.6  0.0   0   6.1  837.8 401  401    0    0  395  408   13
21 2011 164.2  0.9  0.9  0.0   0   9.3  847.0 400  400    0    0  358  482  124
22 2012 164.8  0.6  0.6  0.0   0   6.2  853.2 426  426    0    0  407  445   38
23 2013 165.1  0.3  0.3  0.0   0   3.1  856.3 410  410    0    0  410  410    0
24 2014 165.4  0.3  0.3  0.0   0   3.1  859.5 408  408    0    0  408  408    0
25 2015 165.7  0.3  0.3  0.0   0   3.1  862.6 376  376    0    0  376  376    0
26 2016 166.0  0.3  0.3  0.0   0   3.1  865.7 298  298    0    0  298  298    0

Core Length:  165.0 mm
Core Density: 379 kg/m3
Cross-sectional Density:  361 kg/m3
Early/Latewood Threshold: 500 kg/m3
Attenuation Constant: 3.11

ִִִִִִִִִִִִִִִִִִִִִִִִִִִִִִִִִִִִִִִִִִִִִִִִִִִִִִִִִִִִִִִִִִִִִִִִִִִִִִִ
Core : 24
ֲֲֲִִִִִִִִִִִִִִִִִִִִִִִִִִִִִִִִִִִִִִִִִִִִִִִִִִִִִִִִִִִִִִִִִִִִִִִִִִִִ
       ³Widths (mm)              ³ Areas    ³ Densities (kg/m3)
       ³                         ³ (cm‎)    ³
Ring   ³Outer Ring Erly Late   % ³Incr Total³Ring E/Wd L/Wd Unif  Min  Max  Rng
 # Year³ Rad.      Wood Wood  LW ³          ³mean mean mean
ֱֱֱִִִִִִִִִִִִִִִִִִִִִִִִִִִִִִִִִִִִִִִִִִִִִִִִִִִִִִִִִִִִִִִִִִִִִִִִִִִִ

 1 1991   3.3  3.3  3.0  0.3   9   0.3    0.3 416  406  510  104  340  510  170
 2 1992  15.6 12.3 11.7  0.6   4   7.3    7.6 429  424  530  106  347  537  190
 3 1993  37.2 21.6 19.8  1.8   8  35.8   43.5 365  351  516  165  283  526  243
 4 1994  52.2 15.0 12.3  2.7  18  42.1   85.6 419  383  582  199  337  679  342
 5 1995  63.9 11.7  9.3  2.4  20  42.7  128.3 472  434  619  185  361  714  353
 6 1996  74.4 10.5  8.4  2.1  20  45.6  173.9 478  452  584  132  414  643  229
 7 1997  90.9 16.5 10.5  6.0  36  85.7  259.6 493  455  559  104  385  631  246
 8 1998 104.1 13.2  9.9  3.3  24  80.9  340.4 475  446  562  116  365  648  283
 9 1999 116.4 12.3  9.6  2.7  21  85.2  425.7 458  424  579  155  365  634  269
10 2000 126.3  9.9  5.1  4.8  48  75.5  501.1 476  402  555  153  339  657  318
11 2001 138.0 11.7  7.8  3.9  33  97.1  598.3 476  435  557  122  363  689  326
12 2002 143.7  5.7  2.7  3.0  52  50.4  648.7 504  395  602  207  347  680  333
13 2003 151.5  7.8  2.7  5.1  65  72.3  721.1 524  428  575  147  394  671  277
14 2004 155.4  3.9  1.8  2.1  53  37.6  758.7 519  433  592  159  395  685  290
15 2005 158.7  3.3  1.5  1.8  54  32.6  791.2 505  414  581  167  397  709  312
16 2006 160.5  1.8  0.9  0.9  50  18.1  809.3 494  407  581  174  363  633  270
17 2007 162.0  1.5  0.9  0.6  40  15.2  824.5 453  399  535  136  369  537  168
18 2008 164.4  2.4  1.5  0.9  37  24.6  849.1 483  422  584  162  381  621  240
19 2009 165.6  1.2  0.9  0.3  25  12.4  861.5 457  422  564  142  388  564  176
20 2010 166.5  0.9  0.9  0.0   0   9.4  870.9 432  432    0    0  406  461   55
21 2011 167.7  1.2  0.9  0.3  24  12.6  883.5 456  426  547  121  396  547  151
22 2012 168.0  0.3  0.3  0.0   0   3.2  886.7 471  471    0    0  471  471    0
23 2013 168.3  0.3  0.3  0.0   0   3.2  889.9 453  453    0    0  453  453    0
24 2014 168.6  0.3  0.3  0.0   0   3.2  893.0 460  460    0    0  460  460    0
25 2015 169.2  0.6  0.3  0.3  49   6.4  899.4 472  415  530  115  415  530  115
26 2016 169.5  0.3  0.3  0.0   0   3.2  902.6 492  492    0    0  492  492    0

Core Length:  169.5 mm
Core Density: 466 kg/m3
Cross-sectional Density:  475 kg/m3
Early/Latewood Threshold: 500 kg/m3
Attenuation Constant: 3.11

ִִִִִִִִִִִִִִִִִִִִִִִִִִִִִִִִִִִִִִִִִִִִִִִִִִִִִִִִִִִִִִִִִִִִִִִִִִִִִִִ
Core : 26
ֲֲֲִִִִִִִִִִִִִִִִִִִִִִִִִִִִִִִִִִִִִִִִִִִִִִִִִִִִִִִִִִִִִִִִִִִִִִִִִִִִ
       ³Widths (mm)              ³ Areas    ³ Densities (kg/m3)
       ³                         ³ (cm‎)    ³
Ring   ³Outer Ring Erly Late   % ³Incr Total³Ring E/Wd L/Wd Unif  Min  Max  Rng
 # Year³ Rad.      Wood Wood  LW ³          ³mean mean mean
ֱֱֱִִִִִִִִִִִִִִִִִִִִִִִִִִִִִִִִִִִִִִִִִִִִִִִִִִִִִִִִִִִִִִִִִִִִִִִִִִִִ

 2 1992  11.0 11.0  9.0  0.0   0   3.8    3.8 313  313    0    0  195  425  230
 3 1993  26.6 15.6 15.6  0.0   0  18.4   22.2 310  310    0    0  257  425  168
 4 1994  42.2 15.6 15.0  0.6   3  33.7   55.9 331  322  572  250  265  592  327
 5 1995  52.1  9.9  9.3  0.6   6  29.3   85.3 391  381  552  171  282  589  307
 6 1996  62.6 10.5 10.2  0.3   2  37.8  123.1 384  380  518  138  290  518  228
 7 1997  68.9  6.3  4.8  1.5  23  26.0  149.1 411  381  507  126  287  513  226
 8 1998  76.7  7.8  6.3  1.5  19  35.7  184.8 433  411  524  113  293  553  260
 9 1999  89.0 12.3 11.4  0.9   7  64.0  248.8 399  389  531  142  294  560  266
10 2000  98.3  9.3  8.7  0.6   6  54.7  303.6 390  380  529  149  283  554  271
11 2001 107.0  8.7  8.1  0.6   6  56.1  359.7 420  412  527  115  282  538  256
12 2002 113.6  6.6  5.1  1.5  22  45.7  405.4 411  373  538  165  302  564  262
13 2003 120.5  6.9  5.7  1.2  17  50.7  456.2 435  415  535  120  302  578  276
14 2004 125.3  4.8  2.7  2.1  43  37.1  493.2 475  382  594  212  315  653  338
15 2005 129.5  4.2  2.7  1.5  35  33.6  526.9 485  423  596  173  337  637  300
16 2006 132.5  3.0  1.8  1.2  40  24.7  551.5 490  399  625  226  327  655  328
17 2007 135.2  2.7  1.2  1.5  55  22.7  574.3 480  363  574  211  333  616  283
18 2008 139.4  4.2  2.4  1.8  42  36.2  610.5 507  432  607  175  388  659  271
19 2009 141.8  2.4  1.5  0.9  37  21.2  631.7 458  380  588  208  338  644  306
20 2010 143.0  1.2  0.6  0.6  50  10.7  642.4 520  426  614  188  398  632  234
21 2011 143.6  0.6  0.6  0.0   0   5.4  647.8 417  417    0    0  359  476  117
22 2012 144.2  0.6  0.3  0.3  49   5.4  653.3 431  316  546  230  316  546  230
23 2013 146.0  1.8  1.2  0.6  33  16.4  669.7 483  405  640  235  326  650  324
24 2014 148.7  2.7  1.5  1.2  44  25.0  694.7 465  383  567  184  328  629  301
25 2015 151.4  2.7  1.5  1.2  44  25.5  720.1 505  419  612  193  356  700  344
26 2016 153.2  1.8  1.2  0.6  33  17.2  737.3 453  387  585  198  352  609  257

Core Length:  151.2 mm
Core Density: 431 kg/m3
Cross-sectional Density:  429 kg/m3
Early/Latewood Threshold: 500 kg/m3
Attenuation Constant: 3.11

ִִִִִִִִִִִִִִִִִִִִִִִִִִִִִִִִִִִִִִִִִִִִִִִִִִִִִִִִִִִִִִִִִִִִִִִִִִִִִִִ
Core : 28
ֲֲֲִִִִִִִִִִִִִִִִִִִִִִִִִִִִִִִִִִִִִִִִִִִִִִִִִִִִִִִִִִִִִִִִִִִִִִִִִִִִ
       ³Widths (mm)              ³ Areas    ³ Densities (kg/m3)
       ³                         ³ (cm‎)    ³
Ring   ³Outer Ring Erly Late   % ³Incr Total³Ring E/Wd L/Wd Unif  Min  Max  Rng
 # Year³ Rad.      Wood Wood  LW ³          ³mean mean mean
ֱֱֱִִִִִִִִִִִִִִִִִִִִִִִִִִִִִִִִִִִִִִִִִִִִִִִִִִִִִִִִִִִִִִִִִִִִִִִִִִִִ

 1 1991   6.9  6.9  6.9  0.0   0   1.5    1.5 343  343    0    0  262  427  165
 2 1992  17.1 10.2  9.3  0.9   8   7.7    9.2 383  365  561  196  268  582  314
 3 1993  34.8 17.7 17.7  0.0   0  28.9   38.0 317  317    0    0  251  459  208
 4 1994  54.0 19.2 18.0  1.2   6  53.6   91.6 350  339  516  177  259  535  276
 5 1995  67.8 13.8 12.6  1.2   8  52.8  144.4 366  349  541  192  286  559  273
 6 1996  80.1 12.3 12.0  0.3   2  57.2  201.6 354  349  560  211  262  560  298
 7 1997  87.3  7.2  5.7  1.5  20  37.9  239.4 442  409  569  160  327  637  310
 8 1998  97.2  9.9  8.4  1.5  15  57.4  296.8 435  412  564  152  343  610  267
 9 1999 109.2 12.0 10.5  1.5  12  77.8  374.6 407  389  527  138  328  555  227
10 2000 119.7 10.5  9.3  1.2  11  75.5  450.1 387  371  517  146  294  537  243
11 2001 128.4  8.7  7.5  1.2  13  67.8  517.9 400  377  548  171  288  599  311
12 2002 137.1  8.7  6.9  1.8  20  72.6  590.5 407  367  559  192  295  629  334
13 2003 144.9  7.8  5.1  2.7  34  69.1  659.6 480  442  551  109  389  617  228
14 2004 149.1  4.2  2.7  1.5  35  38.8  698.4 457  397  566  169  351  610  259
15 2005 152.1  3.0  2.1  0.9  30  28.4  726.8 445  399  552  153  347  637  290
16 2006 154.5  2.4  1.8  0.6  25  23.1  749.9 444  400  575  175  339  606  267
17 2007 156.3  1.8  1.2  0.6  33  17.6  767.5 500  442  614  172  394  622  228
18 2008 157.8  1.5  0.6  0.9  60  14.8  782.3 546  429  623  194  388  646  258
19 2009 159.9  2.1  0.9  1.2  57  21.0  803.2 544  457  610  153  443  669  226
20 2010 160.8  0.9  0.3  0.6  66   9.1  812.3 546  443  597  154  443  629  186
21 2011 161.4  0.6  0.3  0.3  49   6.1  818.4 452  378  527  149  378  527  149
22 2012 162.0  0.6  0.6  0.0   0   6.1  824.5 476  476    0    0  461  491   30
23 2013 162.9  0.9  0.6  0.3  33   9.2  833.7 476  411  606  195  389  606  217
24 2014 163.5  0.6  0.0  0.6 100   6.2  839.8 513    0  513  513  503  524   21
25 2015 163.8  0.3  0.3  0.0   0   3.1  842.9 376  376    0    0  376  376    0
26 2016 164.1  0.3  0.3  0.0   0   3.1  846.0 491  491    0    0  491  491    0

Core Length:  164.1 mm
Core Density: 436 kg/m3
Cross-sectional Density:  417 kg/m3
Early/Latewood Threshold: 500 kg/m3
Attenuation Constant: 3.11

ִִִִִִִִִִִִִִִִִִִִִִִִִִִִִִִִִִִִִִִִִִִִִִִִִִִִִִִִִִִִִִִִִִִִִִִִִִִִִִִ
Core : 33
ֲֲֲִִִִִִִִִִִִִִִִִִִִִִִִִִִִִִִִִִִִִִִִִִִִִִִִִִִִִִִִִִִִִִִִִִִִִִִִִִִִ
       ³Widths (mm)              ³ Areas    ³ Densities (kg/m3)
       ³                         ³ (cm‎)    ³
Ring   ³Outer Ring Erly Late   % ³Incr Total³Ring E/Wd L/Wd Unif  Min  Max  Rng
 # Year³ Rad.      Wood Wood  LW ³          ³mean mean mean
ֱֱֱִִִִִִִִִִִִִִִִִִִִִִִִִִִִִִִִִִִִִִִִִִִִִִִִִִִִִִִִִִִִִִִִִִִִִִִִִִִִ

 1 1991   4.2  4.2  4.2  0.0   0   0.6    0.6 361  361    0    0  278  411  133
 2 1992  15.6 11.4 11.4  0.0   0   7.1    7.6 328  328    0    0  272  424  152
 3 1993  31.5 15.9 15.0  0.9   5  23.5   31.2 302  288  524  236  230  541  311
 4 1994  39.9  8.4  7.5  0.9  10  18.8   50.0 340  308  604  296  242  671  429
 5 1995  45.9  6.0  4.2  1.8  30  16.2   66.2 489  431  624  193  366  664  298
 6 1996  56.7 10.8  9.3  1.5  13  34.8  101.0 413  386  582  196  338  615  277
 7 1997  66.3  9.6  8.4  1.2  12  37.1  138.1 400  380  545  165  321  592  271
 8 1998  76.2  9.9  7.5  2.4  24  44.3  182.4 427  374  592  218  305  663  358
 9 1999  88.5 12.3  9.9  2.4  19  63.6  246.1 429  389  594  205  348  665  317
10 2000  96.6  8.1  5.7  2.4  29  47.1  293.2 447  389  584  195  315  653  338
11 2001 106.5  9.9  6.9  3.0  30  63.2  356.3 477  422  604  182  370  638  268
12 2002 111.0  4.5  2.7  1.8  40  30.7  387.1 494  417  608  191  357  709  352
13 2003 115.2  4.2  2.1  2.1  50  29.8  416.9 534  461  608  147  394  712  318
14 2004 117.6  2.4  1.2  1.2  49  17.6  434.5 511  440  583  143  390  662  272
15 2005 120.3  2.7  1.8  0.9  33  20.2  454.7 477  414  602  188  361  701  340
16 2006 122.1  1.8  0.9  0.9  49  13.7  468.4 495  409  582  173  354  635  281
17 2007 124.2  2.1  0.9  1.2  57  16.2  484.6 502  394  583  189  350  704  354
18 2008 126.3  2.1  1.2  0.9  42  16.5  501.1 493  397  622  225  338  668  330
19 2009 128.7  2.4  1.2  1.2  49  19.2  520.4 499  382  617  235  332  719  387
20 2010 131.4  2.7  1.5  1.2  44  22.1  542.4 482  390  597  207  323  674  351
21 2011 133.5  2.1  1.5  0.6  28  17.5  559.9 480  425  618  193  364  643  279
22 2012 135.3  1.8  0.9  0.9  49  15.2  575.1 530  440  620  180  389  704  315
23 2013 138.0  2.7  1.5  1.2  44  23.2  598.3 509  427  612  185  382  737  355
24 2014 139.8  1.8  0.3  1.5  83  15.7  614.0 594  420  629  209  420  738  318
25 2015 141.9  2.1  0.6  1.5  71  18.6  632.6 570  429  627  198  367  729  362
26 2016 143.1  1.2  0.6  0.6  50  10.7  643.3 448  352  544  192  300  567  267

Core Length:  143.1 mm
Core Density: 462 kg/m3
Cross-sectional Density:  461 kg/m3
Early/Latewood Threshold: 500 kg/m3
Attenuation Constant: 3.11

ִִִִִִִִִִִִִִִִִִִִִִִִִִִִִִִִִִִִִִִִִִִִִִִִִִִִִִִִִִִִִִִִִִִִִִִִִִִִִִִ
Core : 43
ֲֲֲִִִִִִִִִִִִִִִִִִִִִִִִִִִִִִִִִִִִִִִִִִִִִִִִִִִִִִִִִִִִִִִִִִִִִִִִִִִִ
       ³Widths (mm)              ³ Areas    ³ Densities (kg/m3)
       ³                         ³ (cm‎)    ³
Ring   ³Outer Ring Erly Late   % ³Incr Total³Ring E/Wd L/Wd Unif  Min  Max  Rng
 # Year³ Rad.      Wood Wood  LW ³          ³mean mean mean
ֱֱֱִִִִִִִִִִִִִִִִִִִִִִִִִִִִִִִִִִִִִִִִִִִִִִִִִִִִִִִִִִִִִִִִִִִִִִִִִִִִ

 1 1991   5.7  5.7  3.9  1.8  31   1.0    1.0 466  443  516   73  291  546  255
 2 1992  22.5 16.8 15.3  1.5   8  14.9   15.9 423  413  527  114  323  546  223
 3 1993  42.0 19.5 18.6  0.9   4  39.5   55.4 406  400  513  113  333  526  193
 4 1994  65.7 23.7 21.6  2.1   8  80.2  135.6 408  397  520  123  353  550  197
 5 1995  79.8 14.1 13.2  0.9   6  64.5  200.1 403  388  617  229  311  644  333
 6 1996  90.3 10.5  9.3  1.2  11  56.1  256.2 432  419  538  119  342  606  264
 7 1997  98.4  8.1  6.0  2.1  25  48.0  304.2 469  421  603  182  340  656  316
 8 1998 114.3 15.9  5.1 10.8  67 106.2  410.4 504  419  544  125  356  599  243
 9 1999 128.1 13.8 10.2  3.6  26 105.1  515.5 482  452  567  115  369  644  275
10 2000 139.2 11.1  8.1  3.0  27  93.2  608.7 463  416  588  172  345  643  298
11 2001 150.6 11.4  7.8  3.6  31 103.8  712.5 458  418  544  126  343  589  246
12 2002 159.3  8.7  6.0  2.7  31  84.7  797.2 448  387  584  197  310  622  312
13 2003 170.7 11.4  8.1  3.3  28 118.2  915.4 490  458  568  110  398  654  256
14 2004 177.0  6.3  2.1  4.2  66  68.8  984.2 543  428  601  173  408  682  274
15 2005 183.9  6.9  5.1  1.8  26  78.2 1062.5 500  448  648  200  381  726  345
16 2006 188.1  4.2  1.8  2.4  57  49.1 1111.5 539  421  627  206  371  704  333
17 2007 192.9  4.8  3.3  1.5  31  57.5 1169.0 504  459  605  146  405  699  294
18 2008 196.5  3.6  2.1  1.5  41  44.0 1213.0 515  432  631  199  380  696  316
19 2009 198.6  2.1  0.9  1.2  57  26.1 1239.1 496  391  574  183  358  684  326
20 2010 200.4  1.8  0.9  0.9  49  22.6 1261.7 476  406  546  140  359  637  278
21 2011 201.6  1.2  0.6  0.6  50  15.2 1276.8 465  420  511   91  413  523  110
22 2012 202.2  0.6  0.6  0.0   0   7.6 1284.4 439  439    0    0  406  472   66
23 2013 202.8  0.6  0.6  0.0   0   7.6 1292.1 397  397    0    0  386  408   22
24 2014 203.4  0.6  0.3  0.3  49   7.7 1299.7 514  482  546   64  482  546   64
25 2015 204.3  0.9  0.9  0.0   0  11.5 1311.3 392  392    0    0  375  402   27
26 2016 204.9  0.6  0.6  0.0   0   7.7 1319.0 431  431    0    0  389  473   84

Core Length:  204.9 mm
Core Density: 463 kg/m3
Cross-sectional Density:  471 kg/m3
Early/Latewood Threshold: 500 kg/m3
Attenuation Constant: 3.11

ִִִִִִִִִִִִִִִִִִִִִִִִִִִִִִִִִִִִִִִִִִִִִִִִִִִִִִִִִִִִִִִִִִִִִִִִִִִִִִִ
Core : 56
ֲֲֲִִִִִִִִִִִִִִִִִִִִִִִִִִִִִִִִִִִִִִִִִִִִִִִִִִִִִִִִִִִִִִִִִִִִִִִִִִִִ
       ³Widths (mm)              ³ Areas    ³ Densities (kg/m3)
       ³                         ³ (cm‎)    ³
Ring   ³Outer Ring Erly Late   % ³Incr Total³Ring E/Wd L/Wd Unif  Min  Max  Rng
 # Year³ Rad.      Wood Wood  LW ³          ³mean mean mean
ֱֱֱִִִִִִִִִִִִִִִִִִִִִִִִִִִִִִִִִִִִִִִִִִִִִִִִִִִִִִִִִִִִִִִִִִִִִִִִִִִִ

 1 1991   6.0  6.0  6.0  0.0   0   1.1    1.1 368  368    0    0  271  454  183
 2 1992  15.3  9.3  9.0  0.3   3   6.2    7.4 367  363  504  141  298  504  206
 3 1993  33.6 18.3 17.1  1.2   6  28.1   35.5 349  338  515  177  263  526  263
 4 1994  48.9 15.3 13.5  1.8  11  39.7   75.1 365  336  581  245  278  658  380
 5 1995  63.9 15.0 12.6  2.4  16  53.2  128.3 398  361  595  234  309  645  336
 6 1996  76.8 12.9 11.4  1.5  11  57.0  185.3 409  387  578  191  326  642  316
 7 1997  89.1 12.3  9.0  3.3  26  64.1  249.4 436  397  542  145  313  612  299
 8 1998 101.1 12.0  7.8  4.2  35  71.7  321.1 444  386  552  166  314  623  309
 9 1999 115.2 14.1  9.9  4.2  29  95.8  416.9 467  419  579  160  343  648  305
10 2000 124.8  9.6  5.7  3.9  40  72.4  489.3 475  409  573  164  351  603  252
11 2001 132.9  8.1  4.2  3.9  48  65.6  554.9 490  419  567  148  343  647  304
12 2002 137.4  4.5  2.7  1.8  40  38.2  593.1 496  406  632  226  359  685  326
13 2003 144.0  6.6  2.4  4.2  63  58.3  651.4 543  435  605  170  384  711  327
14 2004 147.3  3.3  1.5  1.8  54  30.2  681.6 540  420  641  221  384  741  357
15 2005 150.0  2.7  1.8  0.9  33  25.2  706.9 504  433  646  213  372  719  347
16 2006 152.1  2.1  0.9  1.2  57  19.9  726.8 510  395  597  202  382  658  276
17 2007 154.5  2.4  0.9  1.5  62  23.1  749.9 557  432  632  200  401  717  316
18 2008 158.7  4.2  1.8  2.4  57  41.3  791.2 549  439  632  193  400  706  306
19 2009 162.3  3.6  1.5  2.1  58  36.3  827.5 546  436  625  189  409  730  321
20 2010 166.5  4.2  1.8  2.4  57  43.4  870.9 532  446  597  151  403  704  301
21 2011 170.7  4.2  2.4  1.8  42  44.5  915.4 514  424  634  210  396  692  296
22 2012 174.3  3.6  2.1  1.5  41  39.0  954.4 502  420  616  196  370  728  358
23 2013 178.5  4.2  1.5  2.7  64  46.6 1001.0 573  432  651  219  402  718  316
24 2014 181.5  3.0  1.2  1.8  60  33.9 1034.9 560  436  642  206  405  743  338
25 2015 185.4  3.9  1.5  2.4  61  45.0 1079.9 573  443  654  211  415  713  298
26 2016 188.7  3.3  0.9  2.4  72  38.8 1118.6 539  439  577  138  430  697  267

Core Length:  188.7 mm
Core Density: 484 kg/m3
Cross-sectional Density:  487 kg/m3
Early/Latewood Threshold: 500 kg/m3
Attenuation Constant: 3.11

ִִִִִִִִִִִִִִִִִִִִִִִִִִִִִִִִִִִִִִִִִִִִִִִִִִִִִִִִִִִִִִִִִִִִִִִִִִִִִִִ
Core : 58
ֲֲֲִִִִִִִִִִִִִִִִִִִִִִִִִִִִִִִִִִִִִִִִִִִִִִִִִִִִִִִִִִִִִִִִִִִִִִִִִִִִ
       ³Widths (mm)              ³ Areas    ³ Densities (kg/m3)
       ³                         ³ (cm‎)    ³
Ring   ³Outer Ring Erly Late   % ³Incr Total³Ring E/Wd L/Wd Unif  Min  Max  Rng
 # Year³ Rad.      Wood Wood  LW ³          ³mean mean mean
ֱֱֱִִִִִִִִִִִִִִִִִִִִִִִִִִִִִִִִִִִִִִִִִִִִִִִִִִִִִִִִִִִִִִִִִִִִִִִִִִִִ

 1 1991   5.7  5.7  2.7  0.0   0   1.0    1.0 410  410    0    0  355  470  115
 2 1992  15.6  9.9  9.9  0.0   0   6.6    7.6 363  363    0    0  308  496  188
 3 1993  34.8 19.2 18.6  0.6   3  30.4   38.0 363  358  503  145  287  505  218
 4 1994  49.2 14.4 12.0  2.4  16  38.0   76.0 397  364  565  201  312  646  334
 5 1995  63.6 14.4 11.4  3.0  20  51.0  127.1 425  390  558  168  322  590  268
 6 1996  77.4 13.8 12.6  1.2   8  61.1  188.2 394  382  523  141  300  535  235
 7 1997  87.9 10.5  6.6  3.9  37  54.5  242.7 440  380  542  162  297  583  286
 8 1998  99.9 12.0  7.8  4.2  35  70.8  313.5 435  366  563  197  296  644  348
 9 1999 115.5 15.6 12.6  3.0  19 105.6  419.1 429  397  567  170  316  604  288
10 2000 123.3  7.8  5.4  2.4  30  58.5  477.6 452  375  625  250  325  699  374
11 2001 129.3  6.0  4.2  1.8  30  47.6  525.2 449  393  581  188  320  644  324
12 2002 131.7  2.4  1.5  0.9  37  19.7  544.9 412  345  523  178  318  561  243
13 2003 134.7  3.0  1.2  1.8  60  25.1  570.0 533  402  620  218  347  680  333
14 2004 137.1  2.4  1.2  1.2  50  20.5  590.5 496  407  584  177  358  646  288
15 2005 138.6  1.5  0.6  0.9  60  13.0  603.5 508  383  592  209  369  655  286
16 2006 140.4  1.8  0.9  0.9  49  15.8  619.3 466  369  564  195  341  628  287
17 2007 141.6  1.2  0.6  0.6  50  10.6  629.9 513  407  619  212  349  655  306
18 2008 143.7  2.1  1.2  0.9  42  18.8  648.7 479  382  609  227  319  647  328
19 2009 145.5  1.8  1.2  0.6  33  16.4  665.1 453  390  579  189  320  605  285
20 2010 147.0  1.5  0.9  0.6  40  13.8  678.9 486  414  595  181  359  652  293
21 2011 149.7  2.7  1.5  1.2  44  25.2  704.0 477  383  595  212  338  653  315
22 2012 152.4  2.7  1.2  1.5  55  25.6  729.7 490  365  591  226  305  653  348
23 2013 156.0  3.6  2.1  1.5  41  34.9  764.5 508  418  635  217  351  674  323
24 2014 158.1  2.1  1.2  0.9  42  20.7  785.3 519  426  644  218  348  659  311
25 2015 161.1  3.0  1.5  1.5  50  30.1  815.3 523  402  644  242  349  703  354
26 2016 162.6  1.5  0.3  1.2  80  15.3  830.6 578  384  627  243  384  681  297

Core Length:  159.6 mm
Core Density: 461 kg/m3
Cross-sectional Density:  450 kg/m3
Early/Latewood Threshold: 500 kg/m3
Attenuation Constant: 3.11

ִִִִִִִִִִִִִִִִִִִִִִִִִִִִִִִִִִִִִִִִִִִִִִִִִִִִִִִִִִִִִִִִִִִִִִִִִִִִִִִ
Core : 59
ֲֲֲִִִִִִִִִִִִִִִִִִִִִִִִִִִִִִִִִִִִִִִִִִִִִִִִִִִִִִִִִִִִִִִִִִִִִִִִִִִִ
       ³Widths (mm)              ³ Areas    ³ Densities (kg/m3)
       ³                         ³ (cm‎)    ³
Ring   ³Outer Ring Erly Late   % ³Incr Total³Ring E/Wd L/Wd Unif  Min  Max  Rng
 # Year³ Rad.      Wood Wood  LW ³          ³mean mean mean
ֱֱֱִִִִִִִִִִִִִִִִִִִִִִִִִִִִִִִִִִִִִִִִִִִִִִִִִִִִִִִִִִִִִִִִִִִִִִִִִִִִ

 2 1992  15.7 15.7 14.7  0.0   0   7.7    7.7 306  306    0    0  255  443  188
 3 1993  35.5 19.8 19.8  0.0   0  31.8   39.6 301  301    0    0  238  464  226
 4 1994  52.3 16.8 16.5  0.3   1  46.3   85.9 310  305  599  294  239  599  360
 5 1995  67.0 14.7 13.2  1.5  10  55.1  141.0 350  327  550  223  276  574  298
 6 1996  78.4 11.4 11.1  0.3   2  52.1  193.1 323  316  578  262  273  578  305
 7 1997  89.2 10.8 10.2  0.6   5  56.9  250.0 356  347  510  163  287  513  226
 8 1998 100.0 10.8 10.2  0.6   5  64.2  314.2 356  347  517  170  272  526  254
 9 1999 112.0 12.0  9.3  2.7  22  79.9  394.1 401  357  553  196  294  575  281
10 2000 122.5 10.5  9.3  1.2  11  77.4  471.4 371  348  552  204  284  600  316
11 2001 132.1  9.6  8.1  1.5  15  76.8  548.2 414  385  575  190  337  609  272
12 2002 137.8  5.7  3.9  1.8  31  48.3  596.6 445  380  585  205  342  677  335
13 2003 146.8  9.0  4.8  4.2  46  80.5  677.0 522  469  582  113  448  647  199
14 2004 154.6  7.8  5.7  2.1  26  73.9  750.9 465  428  566  138  362  609  247
15 2005 162.4  7.8  5.7  2.1  26  77.7  828.6 433  391  550  159  320  591  271
16 2006 168.7  6.3  4.8  1.5  23  65.5  894.1 422  380  557  177  319  591  272
17 2007 172.0  3.3  3.0  0.3   9  35.3  929.4 416  394  633  239  313  633  320
18 2008 175.3  3.3  2.1  1.2  36  36.0  965.4 446  359  600  241  323  635  312
19 2009 179.5  4.2  2.4  1.8  42  46.8 1012.2 467  400  557  157  336  614  278
20 2010 185.5  6.0  4.5  1.5  25  68.8 1081.0 448  403  583  180  332  616  284
21 2011 190.9  5.4  4.2  1.2  22  63.9 1144.9 419  375  573  198  320  612  292
22 2012 195.1  4.2  3.6  0.6  14  50.9 1195.8 410  386  553  167  324  562  238
23 2013 198.7  3.6  2.4  1.2  33  44.5 1240.4 443  372  586  214  332  619  287
24 2014 202.6  3.9  2.4  1.5  38  49.2 1289.5 454  368  593  225  316  655  339
25 2015 206.8  4.2  2.7  1.5  35  54.0 1343.5 463  397  583  186  344  627  283
26 2016 208.6  1.8  1.5  0.3  16  23.5 1367.0 376  352  501  149  320  501  181

Core Length:  207.6 mm
Core Density: 404 kg/m3
Cross-sectional Density:  412 kg/m3
Early/Latewood Threshold: 500 kg/m3
Attenuation Constant: 3.11

ִִִִִִִִִִִִִִִִִִִִִִִִִִִִִִִִִִִִִִִִִִִִִִִִִִִִִִִִִִִִִִִִִִִִִִִִִִִִִִִ
Core : 61
ֲֲֲִִִִִִִִִִִִִִִִִִִִִִִִִִִִִִִִִִִִִִִִִִִִִִִִִִִִִִִִִִִִִִִִִִִִִִִִִִִִ
       ³Widths (mm)              ³ Areas    ³ Densities (kg/m3)
       ³                         ³ (cm‎)    ³
Ring   ³Outer Ring Erly Late   % ³Incr Total³Ring E/Wd L/Wd Unif  Min  Max  Rng
 # Year³ Rad.      Wood Wood  LW ³          ³mean mean mean
ֱֱֱִִִִִִִִִִִִִִִִִִִִִִִִִִִִִִִִִִִִִִִִִִִִִִִִִִִִִִִִִִִִִִִִִִִִִִִִִִִִ

 1 1991   4.7  4.7  2.7  0.0   0   0.7    0.7 394  394    0    0  358  431   73
 2 1992  18.5 13.8 13.8  0.0   0  10.1   10.8 341  341    0    0  277  486  209
 3 1993  38.0 19.5 16.8  2.7  13  34.6   45.4 365  340  523  183  271  562  291
 4 1994  55.4 17.4 15.9  1.5   8  51.1   96.4 392  377  553  176  301  600  299
 5 1995  69.5 14.1 12.9  1.2   8  55.3  151.7 378  362  549  187  300  579  279
 6 1996  83.0 13.5 12.6  0.9   6  64.7  216.4 386  374  553  179  324  565  241
 7 1997  94.1 11.1  9.6  1.5  13  61.8  278.2 401  379  543  164  299  598  299
 8 1998 103.7  9.6  6.3  3.3  34  59.7  337.8 430  373  539  166  295  582  287
 9 1999 116.9 13.2  8.4  4.8  36  91.5  429.3 459  413  539  126  319  583  264
10 2000 128.9 12.0  6.6  5.4  44  92.7  522.0 448  380  530  150  316  576  260
11 2001 138.5  9.6  6.9  2.7  28  80.6  602.6 452  408  565  157  313  638  325
12 2002 144.8  6.3  3.9  2.4  38  56.1  658.7 467  397  582  185  344  631  287
13 2003 149.3  4.5  1.8  2.7  60  41.6  700.3 544  460  600  140  434  657  223
14 2004 152.9  3.6  1.8  1.8  49  34.2  734.5 511  438  584  146  374  631  257
15 2005 157.1  4.2  1.8  2.4  57  40.9  775.4 516  414  593  179  359  640  281
16 2006 161.0  3.9  2.7  1.2  30  39.0  814.3 468  422  573  151  360  623  263
17 2007 162.5  1.5  0.6  0.9  60  15.2  829.6 528  399  614  215  338  674  336
18 2008 165.2  2.7  1.2  1.5  55  27.8  857.4 504  395  591  196  341  646  305
19 2009 166.7  1.5  0.9  0.6  40  15.6  873.0 473  398  587  189  344  657  313
20 2010 167.9  1.2  0.6  0.6  50  12.6  885.6 516  424  608  184  357  609  252
21 2011 169.4  1.5  0.9  0.6  40  15.9  901.5 482  398  608  210  326  615  289
22 2012 170.3  0.9  0.6  0.3  33   9.6  911.1 472  422  573  151  351  573  222
23 2013 171.2  0.9  0.9  0.0   0   9.7  920.8 391  391    0    0  359  420   61
24 2014 172.1  0.9  0.6  0.3  33   9.7  930.5 430  391  507  116  343  507  164
25 2015 172.7  0.6  0.3  0.3  49   6.5  937.0 450  366  535  169  366  535  169
26 2016 173.3  0.6  0.6  0.0   0   6.5  943.5 409  409    0    0  408  411    3

Core Length:  171.3 mm
Core Density: 446 kg/m3
Cross-sectional Density:  445 kg/m3
Early/Latewood Threshold: 500 kg/m3
Attenuation Constant: 3.11

ִִִִִִִִִִִִִִִִִִִִִִִִִִִִִִִִִִִִִִִִִִִִִִִִִִִִִִִִִִִִִִִִִִִִִִִִִִִִִִִ
Core : 63
ֲֲֲִִִִִִִִִִִִִִִִִִִִִִִִִִִִִִִִִִִִִִִִִִִִִִִִִִִִִִִִִִִִִִִִִִִִִִִִִִִִ
       ³Widths (mm)              ³ Areas    ³ Densities (kg/m3)
       ³                         ³ (cm‎)    ³
Ring   ³Outer Ring Erly Late   % ³Incr Total³Ring E/Wd L/Wd Unif  Min  Max  Rng
 # Year³ Rad.      Wood Wood  LW ³          ³mean mean mean
ֱֱֱִִִִִִִִִִִִִִִִִִִִִִִִִִִִִִִִִִִִִִִִִִִִִִִִִִִִִִִִִִִִִִִִִִִִִִִִִִִִ

 1 1991   5.1  5.1  5.1  0.0   0   0.8    0.8 371  371    0    0  203  483  280
 2 1992  13.2  8.1  8.1  0.0   0   4.7    5.5 374  374    0    0  326  471  145
 3 1993  32.4 19.2 18.3  0.9   4  27.5   33.0 344  335  526  191  261  554  293
 4 1994  46.5 14.1 13.2  0.9   6  34.9   67.9 376  363  566  203  315  616  301
 5 1995  55.8  9.3  8.4  0.9   9  29.9   97.8 400  382  565  183  299  605  306
 6 1996  65.4  9.6  8.4  1.2  12  36.6  134.4 401  375  590  215  313  636  323
 7 1997  73.8  8.4  6.0  2.4  28  36.7  171.1 441  391  565  174  330  626  296
 8 1998  85.5 11.7  6.6  5.1  43  58.6  229.7 471  404  557  153  360  638  278
 9 1999  96.9 11.4 10.2  1.2  10  65.3  295.0 420  405  551  146  346  572  226
10 2000 104.1  7.2  5.7  1.5  20  45.5  340.4 403  366  543  177  290  580  290
11 2001 114.6 10.5  5.7  4.8  45  72.1  412.6 483  425  551  126  351  652  301
12 2002 124.8 10.2  6.0  4.2  41  76.7  489.3 464  392  567  175  347  674  327
13 2003 131.4  6.6  4.5  2.1  31  53.1  542.4 463  417  560  143  330  656  326
14 2004 136.8  5.4  3.3  2.1  38  45.5  587.9 488  415  604  189  350  686  336
15 2005 140.7  3.9  2.7  1.2  30  34.0  621.9 444  379  589  210  320  729  409
16 2006 143.7  3.0  1.2  1.8  60  26.8  648.7 520  384  611  227  340  715  375
17 2007 147.6  3.9  1.5  2.4  61  35.7  684.4 544  420  622  202  358  713  355
18 2008 153.3  5.7  3.3  2.4  42  53.9  738.3 501  425  606  181  349  713  364
19 2009 157.5  4.2  1.8  2.4  57  41.0  779.3 513  400  598  198  333  697  364
20 2010 161.1  3.6  2.4  1.2  33  36.0  815.3 474  405  612  207  335  676  341
21 2011 164.7  3.6  2.7  0.9  24  36.8  852.2 451  379  665  286  326  687  361
22 2012 167.4  2.7  2.1  0.6  22  28.2  880.4 440  396  596  200  319  613  294
23 2013 170.4  3.0  1.2  1.8  60  31.8  912.2 524  396  610  214  353  675  322
24 2014 173.1  2.7  1.2  1.5  55  29.1  941.3 495  386  581  195  350  676  326
25 2015 175.8  2.7  1.2  1.5  55  29.6  970.9 540  436  623  187  399  715  316
26 2016 177.9  2.1  1.2  0.9  42  23.3  994.3 516  429  632  203  370  715  345

Core Length:  177.9 mm
Core Density: 456 kg/m3
Cross-sectional Density:  462 kg/m3
Early/Latewood Threshold: 500 kg/m3
Attenuation Constant: 3.11

