File : C:\DENSITOM\TARAWE~2\TARA22.DAT
Cores :
7
17
20
21
25
30
341
342
38
43
46
55
60

ִִִִִִִִִִִִִִִִִִִִִִִִִִִִִִִִִִִִִִִִִִִִִִִִִִִִִִִִִִִִִִִִִִִִִִִִִִִִִִִ
Core : 7
ֲֲֲִִִִִִִִִִִִִִִִִִִִִִִִִִִִִִִִִִִִִִִִִִִִִִִִִִִִִִִִִִִִִִִִִִִִִִִִִִִִ
       ³Widths (mm)              ³ Areas    ³ Densities (kg/m3)
       ³                         ³ (cm‎)    ³
Ring   ³Outer Ring Erly Late   % ³Incr Total³Ring E/Wd L/Wd Unif  Min  Max  Rng
 # Year³ Rad.      Wood Wood  LW ³          ³mean mean mean
ֱֱֱִִִִִִִִִִִִִִִִִִִִִִִִִִִִִִִִִִִִִִִִִִִִִִִִִִִִִִִִִִִִִִִִִִִִִִִִִִִִ

 3 1993  20.4 20.4 14.4  0.0   0  13.1   13.1 316  316    0    0  256  459  203
 4 1994  38.4 18.0 17.4  0.6   3  33.3   46.3 315  308  520  212  246  532  286
 5 1995  57.9 19.5 18.3  1.2   6  59.0  105.3 327  315  517  202  240  524  284
 6 1996  76.5 18.6 18.3  0.3   1  78.5  183.9 327  324  519  195  256  519  263
 7 1997  87.9 11.4 10.2  1.2  10  58.9  242.7 385  367  536  169  295  543  248
 8 1998  98.4 10.5  9.9  0.6   5  61.5  304.2 378  370  514  144  283  521  238
 9 1999 109.5 11.1 10.5  0.6   5  72.5  376.7 367  358  524  166  290  528  238
10 2000 116.1  6.6  6.0  0.6   9  46.8  423.5 358  341  527  186  267  553  286
11 2001 122.4  6.3  5.4  0.9  14  47.2  470.7 374  349  529  180  280  553  273
12 2002 126.0  3.6  2.7  0.9  24  28.1  498.8 399  327  613  286  303  667  364
13 2003 130.2  4.2  3.3  0.9  21  33.8  532.6 415  380  546  166  320  599  279
14 2004 132.9  2.7  2.4  0.3  11  22.3  554.9 401  372  631  259  314  631  317
15 2005 136.2  3.3  2.4  0.9  27  27.9  582.8 435  388  561  173  316  639  323
16 2006 138.3  2.1  1.2  0.9  42  18.1  600.9 470  376  596  220  343  645  302
17 2007 140.7  2.4  1.8  0.6  24  21.0  621.9 437  409  521  112  332  535  203
18 2008 142.5  1.8  1.2  0.6  33  16.0  637.9 475  395  635  240  347  656  309
19 2009 144.6  2.1  1.5  0.6  28  18.9  656.9 451  396  587  191  351  614  263
20 2010 146.4  1.8  0.9  0.9  49  16.5  673.3 460  367  553  186  347  615  268
21 2011 147.6  1.2  0.6  0.6  50  11.1  684.4 461  390  532  142  371  559  188
22 2012 149.1  1.5  0.6  0.9  60  14.0  698.4 465  357  537  180  346  569  223
23 2013 150.0  0.9  0.3  0.6  66   8.5  706.9 523  381  595  214  381  626  245
24 2014 150.6  0.6  0.3  0.3  49   5.7  712.5 563  483  643  160  483  643  160
25 2015 151.2  0.6  0.3  0.3  49   5.7  718.2 528  485  571   86  485  571   86
26 2016 151.8  0.6  0.3  0.3  50   5.7  723.9 509  399  620  221  399  620  221

Core Length:  145.8 mm
Core Density: 422 kg/m3
Cross-sectional Density:  385 kg/m3
Early/Latewood Threshold: 500 kg/m3
Attenuation Constant: 3.13

ִִִִִִִִִִִִִִִִִִִִִִִִִִִִִִִִִִִִִִִִִִִִִִִִִִִִִִִִִִִִִִִִִִִִִִִִִִִִִִִ
Core : 17
ֲֲֲִִִִִִִִִִִִִִִִִִִִִִִִִִִִִִִִִִִִִִִִִִִִִִִִִִִִִִִִִִִִִִִִִִִִִִִִִִִִ
       ³Widths (mm)              ³ Areas    ³ Densities (kg/m3)
       ³                         ³ (cm‎)    ³
Ring   ³Outer Ring Erly Late   % ³Incr Total³Ring E/Wd L/Wd Unif  Min  Max  Rng
 # Year³ Rad.      Wood Wood  LW ³          ³mean mean mean
ֱֱֱִִִִִִִִִִִִִִִִִִִִִִִִִִִִִִִִִִִִִִִִִִִִִִִִִִִִִִִִִִִִִִִִִִִִִִִִִִִִ

 1 1991   5.5  5.5  4.5  0.0   0   1.0    1.0 344  344    0    0  302  388   86
 2 1992  12.4  6.9  6.9  0.0   0   3.9    4.8 360  360    0    0  312  449  137
 3 1993  28.3 15.9 14.4  1.5   9  20.3   25.2 369  353  520  167  280  531  251
 4 1994  50.8 22.5 20.4  2.1   9  55.9   81.1 353  332  558  226  259  584  325
 5 1995  69.4 18.6 17.7  0.9   4  70.2  151.3 367  357  560  203  275  593  318
 6 1996  89.2 19.8 18.6  1.2   6  98.7  250.0 383  372  559  187  301  586  285
 7 1997 104.5 15.3 13.5  1.8  11  93.1  343.1 396  378  531  153  319  557  238
 8 1998 114.7 10.2  9.6  0.6   5  70.2  413.3 393  386  516  130  340  519  179
 9 1999 126.7 12.0 10.8  1.2  10  91.0  504.3 418  407  514  107  346  543  197
10 2000 132.4  5.7  5.1  0.6  10  46.4  550.7 415  397  571  174  340  579  239
11 2001 138.1  5.7  4.2  1.5  26  48.4  599.2 448  406  565  159  366  586  220
12 2002 141.4  3.3  2.1  1.2  36  29.0  628.1 468  392  602  210  318  645  327
13 2003 145.3  3.9  2.7  1.2  30  35.1  663.3 473  446  536   90  395  565  170
14 2004 148.0  2.7  1.5  1.2  44  24.9  688.1 497  422  591  169  376  625  249
15 2005 151.6  3.6  1.8  1.8  49  33.9  722.0 490  418  563  145  374  615  241
16 2006 154.9  3.3  0.9  2.4  72  31.8  753.8 514  407  555  148  389  637  248
17 2007 158.8  3.9  1.2  2.7  69  38.4  792.2 529  443  567  124  417  643  226
18 2008 161.8  3.0  1.2  1.8  60  30.2  822.4 528  436  590  154  399  654  255
19 2009 164.5  2.7  1.5  1.2  44  27.7  850.1 502  454  562  108  410  590  180
20 2010 166.6  2.1  0.6  1.5  71  21.8  872.0 512  413  551  138  408  588  180
21 2011 169.0  2.4  0.6  1.8  75  25.3  897.3 528  448  554  106  444  593  149
22 2012 171.4  2.4  1.2  1.2  49  25.7  922.9 488  427  549  122  393  623  230
23 2013 173.5  2.1  0.9  1.2  57  22.8  945.7 509  448  555  107  416  590  174
24 2014 176.8  3.3  1.2  2.1  63  36.3  982.0 526  456  566  110  409  594  185
25 2015 180.1  3.3  2.1  1.2  36  37.0 1019.0 479  443  542   99  397  564  167
26 2016 183.1  3.0  1.5  1.5  50  34.2 1053.2 495  457  532   75  423  581  158

Core Length:  182.1 mm
Core Density: 453 kg/m3
Cross-sectional Density:  440 kg/m3
Early/Latewood Threshold: 500 kg/m3
Attenuation Constant: 3.13

ִִִִִִִִִִִִִִִִִִִִִִִִִִִִִִִִִִִִִִִִִִִִִִִִִִִִִִִִִִִִִִִִִִִִִִִִִִִִִִִ
Core : 20
ֲֲֲִִִִִִִִִִִִִִִִִִִִִִִִִִִִִִִִִִִִִִִִִִִִִִִִִִִִִִִִִִִִִִִִִִִִִִִִִִִִ
       ³Widths (mm)              ³ Areas    ³ Densities (kg/m3)
       ³                         ³ (cm‎)    ³
Ring   ³Outer Ring Erly Late   % ³Incr Total³Ring E/Wd L/Wd Unif  Min  Max  Rng
 # Year³ Rad.      Wood Wood  LW ³          ³mean mean mean
ֱֱֱִִִִִִִִִִִִִִִִִִִִִִִִִִִִִִִִִִִִִִִִִִִִִִִִִִִִִִִִִִִִִִִִִִִִִִִִִִִִ

 1 1992   5.1  5.1  5.1  0.0   0   0.8    0.8 337  337    0    0  276  421  145
 2 1993  19.2 14.1 14.1  0.0   0  10.8   11.6 324  324    0    0  269  444  175
 3 1994  40.5 21.3 21.3  0.0   0  39.9   51.5 322  322    0    0  250  492  242
 4 1995  61.8 21.3 19.8  1.5   7  68.5  120.0 346  332  530  198  252  565  313
 5 1996  81.3 19.5 18.0  1.5   7  87.7  207.6 351  338  518  180  265  533  268
 6 1997  94.8 13.5 11.7  1.8  13  74.7  282.3 375  350  536  186  291  556  265
 7 1998 105.3 10.5  9.3  1.2  11  66.0  348.3 372  354  518  164  290  528  238
 8 1999 116.7 11.4  9.0  2.4  21  79.5  427.9 397  363  525  162  284  560  276
 9 2000 124.5  7.8  6.9  0.9  11  59.1  487.0 390  368  557  189  288  580  292
10 2001 129.9  5.4  3.9  1.5  27  43.2  530.1 407  356  540  184  295  592  297
11 2002 135.0  5.1  3.9  1.2  23  42.4  572.6 421  367  596  229  302  654  352
12 2003 141.3  6.3  4.2  2.1  33  54.7  627.2 449  398  552  154  330  588  258
13 2004 145.8  4.5  3.3  1.2  26  40.6  667.8 449  390  612  222  319  675  356
14 2005 151.2  5.4  3.6  1.8  33  50.4  718.2 466  406  587  181  348  691  343
15 2006 155.7  4.5  2.1  2.4  53  43.4  761.6 478  365  577  212  337  656  319
16 2007 159.9  4.2  2.7  1.5  35  41.6  803.2 472  410  585  175  339  701  362
17 2008 163.2  3.3  1.8  1.5  45  33.5  836.7 476  380  591  211  330  687  357
18 2009 166.8  3.6  2.1  1.5  41  37.3  874.1 467  386  580  194  337  678  341
19 2010 169.2  2.4  1.8  0.6  24  25.3  899.4 420  384  530  146  331  541  210
20 2011 170.7  1.5  0.9  0.6  40  16.0  915.4 494  420  604  184  376  626  250
21 2012 172.8  2.1  0.9  1.2  57  22.7  938.1 515  413  591  178  373  638  265
22 2013 175.2  2.4  1.2  1.2  49  26.2  964.3 487  421  553  132  385  633  248
23 2014 177.6  2.4  0.9  1.5  62  26.6  990.9 514  415  573  158  388  636  248
24 2015 180.0  2.4  1.8  0.6  25  27.0 1017.9 467  415  623  208  351  639  288
25 2016 181.8  1.8  0.9  0.9  49  20.5 1038.3 467  390  545  155  349  589  240

Core Length:  181.8 mm
Core Density: 426 kg/m3
Cross-sectional Density:  416 kg/m3
Early/Latewood Threshold: 500 kg/m3
Attenuation Constant: 3.13

ִִִִִִִִִִִִִִִִִִִִִִִִִִִִִִִִִִִִִִִִִִִִִִִִִִִִִִִִִִִִִִִִִִִִִִִִִִִִִִִ
Core : 21
ֲֲֲִִִִִִִִִִִִִִִִִִִִִִִִִִִִִִִִִִִִִִִִִִִִִִִִִִִִִִִִִִִִִִִִִִִִִִִִִִִִ
       ³Widths (mm)              ³ Areas    ³ Densities (kg/m3)
       ³                         ³ (cm‎)    ³
Ring   ³Outer Ring Erly Late   % ³Incr Total³Ring E/Wd L/Wd Unif  Min  Max  Rng
 # Year³ Rad.      Wood Wood  LW ³          ³mean mean mean
ֱֱֱִִִִִִִִִִִִִִִִִִִִִִִִִִִִִִִִִִִִִִִִִִִִִִִִִִִִִִִִִִִִִִִִִִִִִִִִִִִִ

 1 1991   5.2  5.2  4.2  0.0   0   0.8    0.8 284  284    0    0  205  324  119
 2 1992  13.9  8.7  8.7  0.0   0   5.2    6.1 287  287    0    0  233  370  137
 3 1993  33.1 19.2 19.2  0.0   0  28.3   34.4 280  280    0    0  219  428  209
 4 1994  59.2 26.1 26.1  0.0   0  75.7  110.1 309  309    0    0  224  452  228
 5 1995  78.4 19.2 18.6  0.6   3  83.0  193.1 332  325  530  205  247  533  286
 6 1996  99.1 20.7 20.4  0.3   1 115.4  308.5 338  336  503  167  264  503  239
 7 1997 110.2 11.1 10.5  0.6   5  73.0  381.5 343  333  513  180  248  521  273
 8 1998 119.5  9.3  8.7  0.6   6  67.1  448.6 312  298  511  213  254  512  258
 9 1999 127.3  7.8  7.2  0.6   7  60.5  509.1 338  323  518  195  267  528  261
10 2000 132.1  4.8  4.5  0.3   6  39.1  548.2 336  318  601  283  259  601  342
11 2001 136.0  3.9  3.6  0.3   7  32.8  581.1 341  323  557  234  242  557  315
12 2002 138.4  2.4  1.5  0.9  37  20.7  601.8 411  322  561  239  262  604  342
13 2003 140.2  1.8  1.5  0.3  16  15.8  617.5 439  422  521   99  331  521  190
14 2004 142.3  2.1  1.8  0.3  14  18.6  636.2 415  380  623  243  307  623  316
15 2005 144.1  1.8  1.2  0.6  33  16.2  652.3 488  420  623  203  382  641  259
16 2006 145.9  1.8  1.2  0.6  33  16.4  668.7 441  386  552  166  348  555  207
17 2007 147.7  1.8  0.9  0.9  49  16.6  685.3 468  382  555  173  347  587  240
18 2008 149.5  1.8  0.9  0.9  50  16.8  702.2 472  386  558  172  341  577  236
19 2009 151.9  2.4  1.2  1.2  49  22.7  724.9 484  391  577  186  320  633  313
20 2010 153.7  1.8  1.5  0.3  16  17.3  742.2 423  398  552  154  347  552  205
21 2011 154.6  0.9  0.6  0.3  33   8.7  750.9 455  419  528  109  408  528  120
22 2012 155.5  0.9  0.6  0.3  33   8.8  759.6 449  379  591  212  376  591  215
23 2013 156.1  0.6  0.3  0.3  49   5.9  765.5 421  331  511  180  331  511  180
24 2014 157.3  1.2  0.6  0.6  50  11.8  777.3 496  396  597  201  388  608  220
25 2015 158.2  0.9  0.3  0.6  66   8.9  786.3 500  396  552  156  396  588  192
26 2016 158.8  0.6  0.3  0.3  50   6.0  792.2 524  499  549   50  499  549   50

Core Length:  157.8 mm
Core Density: 399 kg/m3
Cross-sectional Density:  361 kg/m3
Early/Latewood Threshold: 500 kg/m3
Attenuation Constant: 3.13

ִִִִִִִִִִִִִִִִִִִִִִִִִִִִִִִִִִִִִִִִִִִִִִִִִִִִִִִִִִִִִִִִִִִִִִִִִִִִִִִ
Core : 25
ֲֲֲִִִִִִִִִִִִִִִִִִִִִִִִִִִִִִִִִִִִִִִִִִִִִִִִִִִִִִִִִִִִִִִִִִִִִִִִִִִִ
       ³Widths (mm)              ³ Areas    ³ Densities (kg/m3)
       ³                         ³ (cm‎)    ³
Ring   ³Outer Ring Erly Late   % ³Incr Total³Ring E/Wd L/Wd Unif  Min  Max  Rng
 # Year³ Rad.      Wood Wood  LW ³          ³mean mean mean
ֱֱֱִִִִִִִִִִִִִִִִִִִִִִִִִִִִִִִִִִִִִִִִִִִִִִִִִִִִִִִִִִִִִִִִִִִִִִִִִִִִ

 1 1991   3.0  3.0  3.0  0.0   0   0.3    0.3 322  322    0    0  252  373  121
 2 1992   8.4  5.4  5.4  0.0   0   1.9    2.2 349  349    0    0  296  409  113
 3 1993  22.8 14.4 14.4  0.0   0  14.1   16.3 301  301    0    0  254  454  200
 4 1994  42.6 19.8 19.8  0.0   0  40.7   57.0 307  307    0    0  244  484  240
 5 1995  62.4 19.8 19.5  0.3   1  65.3  122.3 318  315  527  212  250  527  277
 6 1996  83.4 21.0 21.0  0.0   0  96.2  218.5 317  317    0    0  236  499  263
 7 1997  99.9 16.5 16.2  0.3   1  95.0  313.5 336  332  544  212  247  544  297
 8 1998 111.3 11.4 11.4  0.0   0  75.6  389.2 346  346    0    0  278  472  194
 9 1999 125.7 14.4 14.4  0.0   0 107.2  496.4 350  350    0    0  293  437  144
10 2000 133.5  7.8  7.5  0.3   3  63.5  559.9 333  326  509  183  265  509  244
11 2001 141.0  7.5  7.5  0.0   0  64.7  624.6 349  349    0    0  279  467  188
12 2002 146.7  5.7  5.4  0.3   5  51.5  676.1 341  332  505  173  246  505  259
13 2003 151.8  5.1  5.1  0.0   0  47.8  723.9 371  371    0    0  308  485  177
14 2004 156.6  4.8  4.8  0.0   0  46.5  770.4 352  352    0    0  271  452  181
15 2005 161.7  5.1  3.9  1.2  23  51.0  821.4 411  374  531  157  282  558  276
16 2006 165.3  3.6  3.6  0.0   0  37.0  858.4 381  381    0    0  292  484  192
17 2007 168.9  3.6  3.0  0.6  16  37.8  896.2 400  373  537  164  301  548  247
18 2008 172.2  3.3  2.7  0.6  18  35.4  931.6 445  424  540  116  359  553  194
19 2009 174.3  2.1  1.5  0.6  28  22.9  954.4 413  375  510  135  327  517  190
20 2010 175.8  1.5  1.2  0.3  20  16.5  970.9 419  396  513  117  316  513  197
21 2011 176.7  0.9  0.9  0.0   0  10.0  980.9 377  377    0    0  336  438  102
22 2012 178.8  2.1  2.1  0.0   0  23.5 1004.3 349  349    0    0  303  406  103
23 2013 180.6  1.8  1.5  0.3  16  20.3 1024.7 407  385  516  131  317  516  199
24 2014 183.6  3.0  1.8  1.2  40  34.3 1059.0 468  421  538  117  349  574  225
25 2015 188.4  4.8  3.6  1.2  24  56.1 1115.1 449  426  517   91  340  540  200
26 2016 194.1  5.7  4.5  1.2  21  68.5 1183.6 430  408  516  108  325  530  205

Core Length:  194.4 mm
Core Density: 370 kg/m3
Cross-sectional Density:  365 kg/m3
Early/Latewood Threshold: 500 kg/m3
Attenuation Constant: 3.13

ִִִִִִִִִִִִִִִִִִִִִִִִִִִִִִִִִִִִִִִִִִִִִִִִִִִִִִִִִִִִִִִִִִִִִִִִִִִִִִִ
Core : 30
ֲֲֲִִִִִִִִִִִִִִִִִִִִִִִִִִִִִִִִִִִִִִִִִִִִִִִִִִִִִִִִִִִִִִִִִִִִִִִִִִִִ
       ³Widths (mm)              ³ Areas    ³ Densities (kg/m3)
       ³                         ³ (cm‎)    ³
Ring   ³Outer Ring Erly Late   % ³Incr Total³Ring E/Wd L/Wd Unif  Min  Max  Rng
 # Year³ Rad.      Wood Wood  LW ³          ³mean mean mean
ֱֱֱִִִִִִִִִִִִִִִִִִִִִִִִִִִִִִִִִִִִִִִִִִִִִִִִִִִִִִִִִִִִִִִִִִִִִִִִִִִִ

 3 1993  22.7 22.7 17.7  0.0   0  16.2   16.2 335  335    0    0  270  441  171
 4 1994  43.4 20.7 20.7  0.0   0  43.0   59.2 314  314    0    0  252  459  207
 5 1995  65.0 21.6 21.3  0.3   1  73.6  132.7 330  327  514  187  269  514  245
 6 1996  86.6 21.6 21.6  0.0   0 102.9  235.6 339  339    0    0  266  481  215
 7 1997 100.1 13.5 13.2  0.3   2  79.2  314.8 353  350  518  168  272  518  246
 8 1998 111.8 11.7 11.7  0.0   0  77.9  392.7 351  351    0    0  280  494  214
 9 1999 120.8  9.0  8.1  0.9  10  65.8  458.4 380  364  522  158  278  556  278
10 2000 127.7  6.9  6.0  0.9  13  53.9  512.3 369  343  538  195  287  602  315
11 2001 131.9  4.2  3.0  1.2  28  34.3  546.6 412  355  555  200  302  578  276
12 2002 134.6  2.7  1.8  0.9  33  22.6  569.2 451  385  583  198  337  656  319
13 2003 138.5  3.9  2.1  1.8  46  33.5  602.6 494  445  550  105  390  586  196
14 2004 142.1  3.6  2.4  1.2  33  31.7  634.4 465  401  592  191  345  640  295
15 2005 145.1  3.0  2.1  0.9  30  27.1  661.4 487  434  611  177  358  656  298
16 2006 147.8  2.7  1.5  1.2  44  24.8  686.3 494  414  594  180  365  655  290
17 2007 150.5  2.7  0.9  1.8  66  25.3  711.6 542  442  592  150  380  692  312
18 2008 153.5  3.0  1.2  1.8  60  28.7  740.2 502  395  573  178  366  644  278
19 2009 157.4  3.9  1.5  2.4  61  38.1  778.3 529  428  592  164  382  670  288
20 2010 161.3  3.9  1.5  2.4  61  39.0  817.4 512  406  578  172  348  691  343
21 2011 166.1  4.8  2.7  2.1  43  49.4  866.7 503  446  576  130  389  632  243
22 2012 169.4  3.3  1.2  2.1  63  34.8  901.5 511  398  576  178  357  634  277
23 2013 172.7  3.3  1.2  2.1  63  35.5  937.0 551  443  614  171  400  709  309
24 2014 176.0  3.3  1.2  2.1  63  36.2  973.1 528  396  603  207  354  656  302
25 2015 178.7  2.7  1.2  1.5  55  30.1 1003.2 533  422  622  200  355  673  318
26 2016 181.4  2.7  0.9  1.8  66  30.5 1033.8 526  403  588  185  374  686  312

Core Length:  176.4 mm
Core Density: 450 kg/m3
Cross-sectional Density:  426 kg/m3
Early/Latewood Threshold: 500 kg/m3
Attenuation Constant: 3.13

ִִִִִִִִִִִִִִִִִִִִִִִִִִִִִִִִִִִִִִִִִִִִִִִִִִִִִִִִִִִִִִִִִִִִִִִִִִִִִִִ
Core : 341
ֲֲֲִִִִִִִִִִִִִִִִִִִִִִִִִִִִִִִִִִִִִִִִִִִִִִִִִִִִִִִִִִִִִִִִִִִִִִִִִִִִ
       ³Widths (mm)              ³ Areas    ³ Densities (kg/m3)
       ³                         ³ (cm‎)    ³
Ring   ³Outer Ring Erly Late   % ³Incr Total³Ring E/Wd L/Wd Unif  Min  Max  Rng
 # Year³ Rad.      Wood Wood  LW ³          ³mean mean mean
ֱֱֱִִִִִִִִִִִִִִִִִִִִִִִִִִִִִִִִִִִִִִִִִִִִִִִִִִִִִִִִִִִִִִִִִִִִִִִִִִִִ

 3 1993  22.9 22.9 15.9  0.0   0  16.5   16.5 352  352    0    0  280  448  168
 4 1994  44.2 21.3 21.0  0.3   1  44.9   61.4 351  348  503  155  266  503  237
 5 1995  63.7 19.5 18.9  0.6   3  66.1  127.5 347  342  518  176  277  527  250
 6 1996  81.4 17.7 17.4  0.3   1  80.7  208.2 370  367  515  148  279  515  236
 7 1997  93.1 11.7 10.5  1.2  10  64.1  272.3 387  372  524  152  308  535  227
 8 1998 101.8  8.7  8.1  0.6   6  53.3  325.6 357  345  531  186  264  536  272
 9 1999 107.5  5.7  3.6  2.1  36  37.5  363.1 445  382  552  170  309  587  278
10 2000 113.5  6.0  4.5  1.5  25  41.7  404.7 460  410  610  200  313  676  363
11 2001 118.3  4.8  3.6  1.2  25  35.0  439.7 429  376  587  211  302  628  326
12 2002 121.0  2.7  1.8  0.9  33  20.3  460.0 424  358  556  198  314  591  277
13 2003 122.8  1.8  0.9  0.9  50  13.8  473.7 491  409  574  165  382  602  220
14 2004 124.6  1.8  1.2  0.6  33  14.0  487.7 468  395  614  219  348  640  292
15 2005 126.4  1.8  0.9  0.9  50  14.2  501.9 503  392  613  221  371  669  298
16 2006 127.0  0.6  0.6  0.0   0   4.8  506.7 452  452    0    0  446  458   12
17 2007 127.6  0.6  0.6  0.0   0   4.8  511.5 458  458    0    0  421  495   74
18 2008 128.5  0.9  0.6  0.3  33   7.2  518.7 476  412  606  194  406  606  200
19 2009 129.7  1.2  0.6  0.6  49   9.7  528.5 480  412  548  136  402  569  167
20 2010 130.3  0.6  0.0  0.6 100   4.9  533.4 546    0  546  546  506  586   80
21 2011 130.9  0.6  0.3  0.3  49   4.9  538.3 480  455  505   50  455  505   50
22 2012 131.5  0.6  0.6  0.0   0   4.9  543.3 438  438    0    0  391  486   95
23 2013 132.1  0.6  0.3  0.3  49   5.0  548.2 457  368  546  178  368  546  178
24 2014 132.7  0.6  0.3  0.3  49   5.0  553.2 476  360  592  232  360  592  232
25 2015 133.3  0.6  0.3  0.3  50   5.0  558.2 498  414  582  168  414  582  168
26 2016 133.9  0.6  0.0  0.6  99   5.0  563.3 618    0  618  618  587  650   63

Core Length:  126.9 mm
Core Density: 448 kg/m3
Cross-sectional Density:  404 kg/m3
Early/Latewood Threshold: 500 kg/m3
Attenuation Constant: 3.13

ִִִִִִִִִִִִִִִִִִִִִִִִִִִִִִִִִִִִִִִִִִִִִִִִִִִִִִִִִִִִִִִִִִִִִִִִִִִִִִִ
Core : 342
ֲֲֲִִִִִִִִִִִִִִִִִִִִִִִִִִִִִִִִִִִִִִִִִִִִִִִִִִִִִִִִִִִִִִִִִִִִִִִִִִִִ
       ³Widths (mm)              ³ Areas    ³ Densities (kg/m3)
       ³                         ³ (cm‎)    ³
Ring   ³Outer Ring Erly Late   % ³Incr Total³Ring E/Wd L/Wd Unif  Min  Max  Rng
 # Year³ Rad.      Wood Wood  LW ³          ³mean mean mean
ֱֱֱִִִִִִִִִִִִִִִִִִִִִִִִִִִִִִִִִִִִִִִִִִִִִִִִִִִִִִִִִִִִִִִִִִִִִִִִִִִִ

 3 1993  22.2 22.2 16.2  0.0   0  15.5   15.5 370  370    0    0  301  465  164
 4 1994  45.9 23.7 21.0  2.7  11  50.7   66.2 393  373  547  174  300  573  273
 5 1995  66.3 20.4 17.4  3.0  14  71.9  138.1 431  412  541  129  330  610  280
 6 1996  82.2 15.9 13.2  2.7  16  74.2  212.3 420  396  541  145  335  616  281
 7 1997  92.4 10.2  7.8  2.4  23  55.9  268.2 462  431  564  133  359  612  253
 8 1998 101.1  8.7  6.6  2.1  24  52.9  321.1 445  406  570  164  344  654  310
 9 1999 105.6  4.5  3.0  1.5  33  29.2  350.3 479  419  600  181  368  648  280
10 2000 109.8  4.2  3.3  0.9  21  28.4  378.8 481  440  630  190  378  705  327
11 2001 113.4  3.6  1.8  1.8  50  25.2  404.0 514  437  591  154  376  683  307
12 2002 116.1  2.7  1.8  0.9  33  19.5  423.5 485  427  601  174  378  620  242
13 2003 118.2  2.1  0.9  1.2  57  15.5  438.9 551  461  619  158  421  669  248
14 2004 120.0  1.8  0.9  0.9  49  13.5  452.4 517  433  602  169  416  645  229
15 2005 122.4  2.4  0.6  1.8  75  18.3  470.7 585  460  626  166  431  735  304
16 2006 125.7  3.3  1.2  2.1  63  25.7  496.4 568  468  626  158  445  700  255
17 2007 128.4  2.7  1.2  1.5  55  21.6  517.9 535  445  607  162  406  712  306
18 2008 130.2  1.8  0.6  1.2  66  14.6  532.6 567  464  619  155  459  700  241
19 2009 131.4  1.2  0.3  0.9  75   9.9  542.4 580  484  612  128  484  655  171
20 2010 132.3  0.9  0.3  0.6  66   7.5  549.9 598  463  666  203  463  698  235
21 2011 133.5  1.2  0.3  0.9  75  10.0  559.9 587  457  630  173  457  689  232
22 2012 135.0  1.5  0.6  0.9  60  12.7  572.6 583  486  648  162  484  728  244
23 2013 135.9  0.9  0.3  0.6  66   7.7  580.2 608  492  666  174  492  721  229
24 2014 136.5  0.6  0.0  0.6 100   5.1  585.3 536    0  536  536  512  560   48
25 2015 137.1  0.6  0.0  0.6  99   5.2  590.5 649    0  649  649  597  702  105
26 2016 137.7  0.6  0.0  0.6  99   5.2  595.7 613    0  613  613  566  660   94

Core Length:  131.7 mm
Core Density: 523 kg/m3
Cross-sectional Density:  478 kg/m3
Early/Latewood Threshold: 500 kg/m3
Attenuation Constant: 3.13

ִִִִִִִִִִִִִִִִִִִִִִִִִִִִִִִִִִִִִִִִִִִִִִִִִִִִִִִִִִִִִִִִִִִִִִִִִִִִִִִ
Core : 38
ֲֲֲִִִִִִִִִִִִִִִִִִִִִִִִִִִִִִִִִִִִִִִִִִִִִִִִִִִִִִִִִִִִִִִִִִִִִִִִִִִִ
       ³Widths (mm)              ³ Areas    ³ Densities (kg/m3)
       ³                         ³ (cm‎)    ³
Ring   ³Outer Ring Erly Late   % ³Incr Total³Ring E/Wd L/Wd Unif  Min  Max  Rng
 # Year³ Rad.      Wood Wood  LW ³          ³mean mean mean
ֱֱֱִִִִִִִִִִִִִִִִִִִִִִִִִִִִִִִִִִִִִִִִִִִִִִִִִִִִִִִִִִִִִִִִִִִִִִִִִִִִ

 1 1992   3.9  3.9  3.9  0.0   0   0.5    0.5 346  346    0    0  256  419  163
 2 1993  23.1 19.2 19.2  0.0   0  16.3   16.8 334  334    0    0  261  479  218
 3 1994  43.8 20.7 19.8  0.9   4  43.5   60.3 332  323  537  214  243  556  313
 4 1995  62.7 18.9 18.3  0.6   3  63.2  123.5 355  348  554  206  277  578  301
 5 1996  78.0 15.3 14.1  1.2   7  67.6  191.1 374  360  532  172  302  556  254
 6 1997  93.0 15.0 12.6  2.4  16  80.6  271.7 413  387  553  166  294  588  294
 7 1998 106.5 13.5 12.0  1.5  11  84.6  356.3 378  359  529  170  284  552  268
 8 1999 116.4  9.9  7.5  2.4  24  69.3  425.7 422  377  562  185  308  638  330
 9 2000 123.6  7.2  5.4  1.8  24  54.3  479.9 451  400  606  206  349  677  328
10 2001 129.6  6.0  3.9  2.1  35  47.7  527.7 463  394  592  198  316  682  366
11 2002 133.2  3.6  2.7  0.9  24  29.7  557.4 447  391  613  222  330  647  317
12 2003 137.1  3.9  2.1  1.8  46  33.1  590.5 504  443  577  134  391  614  223
13 2004 140.1  3.0  1.8  1.2  40  26.1  616.6 490  417  601  184  377  666  289
14 2005 142.8  2.7  1.5  1.2  44  24.0  640.6 511  427  615  188  374  699  325
15 2006 144.6  1.8  0.9  0.9  49  16.3  656.9 519  434  604  170  404  666  262
16 2007 146.7  2.1  0.9  1.2  57  19.2  676.1 546  443  622  179  403  680  277
17 2008 148.8  2.1  0.6  1.5  71  19.5  695.6 537  422  582  160  405  679  274
18 2009 150.3  1.5  0.3  1.2  80  14.1  709.7 612  491  642  151  491  693  202
19 2010 152.4  2.1  0.9  1.2  57  20.0  729.7 557  462  629  167  451  679  228
20 2011 155.1  2.7  0.6  2.1  77  26.1  755.7 575  465  606  141  456  716  260
21 2012 157.2  2.1  0.6  1.5  71  20.6  776.3 585  484  626  142  474  713  239
22 2013 158.4  1.2  0.3  0.9  75  11.9  788.2 567  491  592  101  491  661  170
23 2014 159.3  0.9  0.0  0.9 100   9.0  797.2 539    0  539  539  512  563   51
24 2015 160.2  0.9  0.0  0.9  99   9.0  806.3 593    0  593  593  524  648  124
25 2016 160.8  0.6  0.0  0.6 100   6.1  812.3 673    0  673  673  645  701   56

Core Length:  160.8 mm
Core Density: 484 kg/m3
Cross-sectional Density:  444 kg/m3
Early/Latewood Threshold: 500 kg/m3
Attenuation Constant: 3.13

ִִִִִִִִִִִִִִִִִִִִִִִִִִִִִִִִִִִִִִִִִִִִִִִִִִִִִִִִִִִִִִִִִִִִִִִִִִִִִִִ
Core : 43
ֲֲֲִִִִִִִִִִִִִִִִִִִִִִִִִִִִִִִִִִִִִִִִִִִִִִִִִִִִִִִִִִִִִִִִִִִִִִִִִִִִ
       ³Widths (mm)              ³ Areas    ³ Densities (kg/m3)
       ³                         ³ (cm‎)    ³
Ring   ³Outer Ring Erly Late   % ³Incr Total³Ring E/Wd L/Wd Unif  Min  Max  Rng
 # Year³ Rad.      Wood Wood  LW ³          ³mean mean mean
ֱֱֱִִִִִִִִִִִִִִִִִִִִִִִִִִִִִִִִִִִִִִִִִִִִִִִִִִִִִִִִִִִִִִִִִִִִִִִִִִִִ

 2 1993  20.2 20.2 16.2  0.0   0  12.8   12.8 336  336    0    0  279  456  177
 3 1994  38.5 18.3 17.7  0.6   3  33.7   46.6 330  324  527  203  268  528  260
 4 1995  56.5 18.0 16.8  1.2   6  53.7  100.3 359  345  554  209  258  606  348
 5 1996  73.3 16.8 15.0  1.8  10  68.5  168.8 392  373  553  180  274  619  345
 6 1997  86.5 13.2 11.1  2.1  15  66.3  235.1 419  390  574  184  310  614  304
 7 1998  95.8  9.3  8.4  0.9   9  53.3  288.3 395  374  588  214  313  631  318
 8 1999 105.7  9.9  8.1  1.8  18  62.7  351.0 433  399  583  184  348  644  296
 9 2000 111.4  5.7  4.8  0.9  15  38.9  389.9 436  392  674  282  340  683  343
10 2001 114.7  3.3  2.7  0.6  18  23.4  413.3 467  429  638  209  344  651  307
11 2002 116.8  2.1  1.2  0.9  42  15.3  428.6 497  412  610  198  364  751  387
12 2003 118.0  1.2  0.6  0.6  49   8.9  437.4 538  457  619  162  437  685  248
13 2004 118.9  0.9  0.6  0.3  33   6.7  444.1 472  417  582  165  411  582  171
14 2005 119.8  0.9  0.6  0.3  33   6.7  450.9 537  471  671  200  446  671  225
15 2006 120.7  0.9  0.0  0.9  99   6.8  457.7 590    0  590  590  537  669  132
16 2007 121.6  0.9  0.6  0.3  33   6.9  464.5 536  490  630  140  487  630  143
17 2008 122.8  1.2  0.3  0.9  75   9.2  473.7 563  471  594  123  471  694  223
18 2009 124.3  1.5  0.9  0.6  40  11.6  485.4 551  467  677  210  441  723  282
19 2010 125.5  1.2  0.6  0.6  49   9.4  494.8 514  450  579  129  431  651  220
20 2011 126.7  1.2  0.0  1.2 100   9.5  504.3 565    0  565  565  514  634  120
21 2012 127.3  0.6  0.0  0.6 100   4.8  509.1 598    0  598  598  515  681  166
22 2013 127.9  0.6  0.0  0.6 100   4.8  513.9 591    0  591  591  534  648  114
23 2014 128.5  0.6  0.3  0.3  50   4.8  518.7 575  499  652  153  499  652  153
24 2015 129.1  0.6  0.0  0.6  99   4.9  523.6 599    0  599  599  595  604    9
25 2016 129.4  0.3  0.0  0.3  99   2.4  526.0 597    0  597  597  597  597    0

Core Length:  125.4 mm
Core Density: 495 kg/m3
Cross-sectional Density:  431 kg/m3
Early/Latewood Threshold: 500 kg/m3
Attenuation Constant: 3.13

ִִִִִִִִִִִִִִִִִִִִִִִִִִִִִִִִִִִִִִִִִִִִִִִִִִִִִִִִִִִִִִִִִִִִִִִִִִִִִִִ
Core : 46
ֲֲֲִִִִִִִִִִִִִִִִִִִִִִִִִִִִִִִִִִִִִִִִִִִִִִִִִִִִִִִִִִִִִִִִִִִִִִִִִִִִ
       ³Widths (mm)              ³ Areas    ³ Densities (kg/m3)
       ³                         ³ (cm‎)    ³
Ring   ³Outer Ring Erly Late   % ³Incr Total³Ring E/Wd L/Wd Unif  Min  Max  Rng
 # Year³ Rad.      Wood Wood  LW ³          ³mean mean mean
ֱֱֱִִִִִִִִִִִִִִִִִִִִִִִִִִִִִִִִִִִִִִִִִִִִִִִִִִִִִִִִִִִִִִִִִִִִִִִִִִִִ

 1 1991   2.4  2.4  1.5  0.9  37   0.2    0.2 463  413  545  132  312  550  238
 2 1992   8.1  5.7  4.5  1.2  21   1.9    2.1 441  420  520  100  384  539  155
 3 1993  23.1 15.0 12.9  2.1  14  14.7   16.8 425  402  565  163  345  611  266
 4 1994  44.1 21.0 18.0  3.0  14  44.3   61.1 421  397  567  170  344  631  287
 5 1995  59.1 15.0 13.5  1.5  10  48.6  109.7 402  385  554  169  332  605  273
 6 1996  74.1 15.0 13.2  1.8  11  62.8  172.5 408  392  529  137  343  556  213
 7 1997  86.1 12.0  9.9  2.1  17  60.4  232.9 412  381  558  177  328  579  251
 8 1998  98.7 12.6 11.4  1.2   9  73.2  306.0 393  376  553  177  311  571  260
 9 1999 107.4  8.7  6.3  2.4  27  56.3  362.4 426  381  543  162  307  572  265
10 2000 113.7  6.3  4.8  1.5  23  43.8  406.1 405  364  538  174  317  583  266
11 2001 119.4  5.7  3.9  1.8  31  41.7  447.9 431  373  556  183  310  627  317
12 2002 122.4  3.0  2.4  0.6  20  22.8  470.7 398  356  570  214  301  622  321
13 2003 126.0  3.6  2.4  1.2  33  28.1  498.8 473  424  572  148  399  602  203
14 2004 128.7  2.7  2.1  0.6  22  21.6  520.4 435  403  550  147  359  598  239
15 2005 130.8  2.1  0.9  1.2  57  17.1  537.5 500  436  548  112  388  617  229
16 2006 132.0  1.2  0.6  0.6  50   9.9  547.4 492  443  541   98  394  556  162
17 2007 133.5  1.5  0.6  0.9  60  12.5  559.9 523  438  579  141  425  623  198
18 2008 135.6  2.1  1.2  0.9  42  17.8  577.7 485  419  572  153  373  593  220
19 2009 137.1  1.5  0.9  0.6  40  12.9  590.5 474  427  546  119  370  576  206
20 2010 138.3  1.2  0.6  0.6  50  10.4  600.9 519  460  578  118  457  604  147
21 2011 139.2  0.9  0.6  0.3  33   7.8  608.7 478  462  512   50  459  512   53
22 2012 139.8  0.6  0.3  0.3  50   5.3  614.0 493  476  511   35  476  511   35
23 2013 140.4  0.6  0.3  0.3  49   5.3  619.3 497  476  518   42  476  518   42
24 2014 141.3  0.9  0.6  0.3  33   8.0  627.2 508  480  565   85  469  565   96
25 2015 141.9  0.6  0.0  0.6  99   5.3  632.6 514    0  514  514  502  526   24
26 2016 142.5  0.6  0.3  0.3  50   5.4  637.9 467  425  510   85  425  510   85

Core Length:  142.5 mm
Core Density: 457 kg/m3
Cross-sectional Density:  430 kg/m3
Early/Latewood Threshold: 500 kg/m3
Attenuation Constant: 3.13

ִִִִִִִִִִִִִִִִִִִִִִִִִִִִִִִִִִִִִִִִִִִִִִִִִִִִִִִִִִִִִִִִִִִִִִִִִִִִִִִ
Core : 55
ֲֲֲִִִִִִִִִִִִִִִִִִִִִִִִִִִִִִִִִִִִִִִִִִִִִִִִִִִִִִִִִִִִִִִִִִִִִִִִִִִִ
       ³Widths (mm)              ³ Areas    ³ Densities (kg/m3)
       ³                         ³ (cm‎)    ³
Ring   ³Outer Ring Erly Late   % ³Incr Total³Ring E/Wd L/Wd Unif  Min  Max  Rng
 # Year³ Rad.      Wood Wood  LW ³          ³mean mean mean
ֱֱֱִִִִִִִִִִִִִִִִִִִִִִִִִִִִִִִִִִִִִִִִִִִִִִִִִִִִִִִִִִִִִִִִִִִִִִִִִִִִ

 3 1993  26.9 26.9 18.9  0.0   0  22.7   22.7 312  312    0    0  248  452  204
 4 1994  48.8 21.9 21.9  0.0   0  52.1   74.8 334  334    0    0  271  497  226
 5 1995  67.7 18.9 18.6  0.3   1  69.2  144.0 332  328  572  244  267  572  305
 6 1996  88.1 20.4 19.8  0.6   2  99.8  243.8 353  348  525  177  294  547  253
 7 1997 102.8 14.7 14.7  0.0   0  88.2  332.0 365  365    0    0  307  478  171
 8 1998 112.4  9.6  8.7  0.9   9  64.9  396.9 366  352  505  153  296  508  212
 9 1999 123.2 10.8  9.6  1.2  11  79.9  476.8 419  404  535  131  309  543  234
10 2000 131.0  7.8  6.0  1.8  23  62.3  539.1 416  372  565  193  305  632  327
11 2001 138.5  7.5  5.7  1.8  24  63.5  602.6 452  408  589  181  340  649  309
12 2002 143.6  5.1  3.6  1.5  29  45.2  647.8 432  378  563  185  314  597  283
13 2003 147.2  3.6  2.1  1.5  41  32.9  680.7 494  430  583  153  393  664  271
14 2004 149.3  2.1  1.5  0.6  28  19.6  700.3 490  441  610  169  411  649  238
15 2005 151.7  2.4  1.2  1.2  49  22.7  723.0 513  426  600  174  382  684  302
16 2006 153.8  2.1  0.9  1.2  57  20.2  743.1 526  447  585  138  437  656  219
17 2007 154.7  0.9  0.3  0.6  66   8.7  751.8 543  479  576   97  479  578   99
18 2008 156.2  1.5  0.6  0.9  60  14.7  766.5 556  452  625  173  431  667  236
19 2009 157.4  1.2  0.6  0.6  50  11.8  778.3 535  463  607  144  454  634  180
20 2010 158.9  1.5  0.6  0.9  60  14.9  793.2 570  477  632  155  476  664  188
21 2011 161.0  2.1  0.3  1.8  85  21.1  814.3 579  413  606  193  413  691  278
22 2012 162.8  1.8  0.6  1.2  66  18.3  832.6 559  455  612  157  452  717  265
23 2013 165.2  2.4  0.9  1.5  62  24.7  857.4 551  488  589  101  475  655  180
24 2014 167.0  1.8  0.3  1.5  83  18.8  876.2 637  477  669  192  477  720  243
25 2015 168.5  1.5  0.3  1.2  80  15.8  892.0 571  439  604  165  439  652  213
26 2016 170.0  1.5  0.3  1.2  80  16.0  907.9 597  441  636  195  441  668  227

Core Length:  162.0 mm
Core Density: 479 kg/m3
Cross-sectional Density:  428 kg/m3
Early/Latewood Threshold: 500 kg/m3
Attenuation Constant: 3.13

ִִִִִִִִִִִִִִִִִִִִִִִִִִִִִִִִִִִִִִִִִִִִִִִִִִִִִִִִִִִִִִִִִִִִִִִִִִִִִִִ
Core : 60
ֲֲֲִִִִִִִִִִִִִִִִִִִִִִִִִִִִִִִִִִִִִִִִִִִִִִִִִִִִִִִִִִִִִִִִִִִִִִִִִִִִ
       ³Widths (mm)              ³ Areas    ³ Densities (kg/m3)
       ³                         ³ (cm‎)    ³
Ring   ³Outer Ring Erly Late   % ³Incr Total³Ring E/Wd L/Wd Unif  Min  Max  Rng
 # Year³ Rad.      Wood Wood  LW ³          ³mean mean mean
ֱֱֱִִִִִִִִִִִִִִִִִִִִִִִִִִִִִִִִִִִִִִִִִִִִִִִִִִִִִִִִִִִִִִִִִִִִִִִִִִִִ

 1 1991   6.5  6.5  4.5  0.0   0   1.3    1.3 315  315    0    0  280  381  101
 2 1992  16.4  9.9  9.9  0.0   0   7.1    8.4 332  332    0    0  260  443  183
 3 1993  33.5 17.1 17.1  0.0   0  26.8   35.3 328  328    0    0  256  490  234
 4 1994  54.5 21.0 20.4  0.6   2  58.1   93.3 332  327  507  180  257  511  254
 5 1995  73.1 18.6 18.0  0.6   3  74.6  167.9 351  346  510  164  256  519  263
 6 1996  91.4 18.3 17.1  1.2   6  94.6  262.4 345  333  514  181  273  525  252
 7 1997 108.5 17.1 15.6  1.5   8 107.4  369.8 371  356  523  167  267  538  271
 8 1998 123.2 14.7 14.7  0.0   0 107.0  476.8 366  366    0    0  271  499  228
 9 1999 137.6 14.4 13.2  1.2   8 118.0  594.8 408  398  522  124  303  539  236
10 2000 147.5  9.9  8.4  1.5  15  88.7  683.5 379  354  514  160  286  530  244
11 2001 155.6  8.1  7.2  0.9  11  77.1  760.6 390  372  529  157  310  532  222
12 2002 161.0  5.4  4.8  0.6  11  53.7  814.3 387  366  559  193  290  565  275
13 2003 168.2  7.2  6.9  0.3   4  74.5  888.8 409  403  539  136  370  539  169
14 2004 172.7  4.5  3.6  0.9  20  48.2  937.0 418  377  583  206  302  604  302
15 2005 178.4  5.7  3.6  2.1  36  62.9  999.9 483  408  612  204  351  671  320
16 2006 186.2  7.8  4.5  3.3  42  89.3 1089.2 462  393  558  165  316  615  299
17 2007 195.2  9.0  6.0  3.0  33 107.8 1197.0 442  386  552  166  307  574  267
18 2008 202.4  7.2  5.1  2.1  29  89.9 1287.0 437  380  576  196  306  629  323
19 2009 206.9  4.5  3.3  1.2  26  57.9 1344.8 418  371  547  176  319  577  258
20 2010 210.8  3.9  3.0  0.9  23  51.2 1396.0 439  397  578  181  319  679  360
21 2011 215.3  4.5  3.3  1.2  26  60.2 1456.3 434  386  568  182  327  604  277
22 2012 218.3  3.0  2.1  0.9  30  40.9 1497.1 453  403  569  166  321  591  270
23 2013 222.5  4.2  2.1  2.1  49  58.2 1555.3 502  416  587  171  374  640  266
24 2014 227.0  4.5  3.0  1.5  33  63.5 1618.8 466  413  573  160  342  619  277
25 2015 230.9  3.9  2.4  1.5  38  56.1 1674.9 480  420  576  156  365  595  230
26 2016 234.5  3.6  2.4  1.2  33  52.6 1727.6 480  436  568  132  372  628  256

Core Length:  232.5 mm
Core Density: 408 kg/m3
Cross-sectional Density:  412 kg/m3
Early/Latewood Threshold: 500 kg/m3
Attenuation Constant: 3.13

