File : C:\DENSITOM\GDOWNS~1\GD2.DAT
Cores :
9
21
24
26
29
31
39
42
53
56
59
61

ִִִִִִִִִִִִִִִִִִִִִִִִִִִִִִִִִִִִִִִִִִִִִִִִִִִִִִִִִִִִִִִִִִִִִִִִִִִִִִִ
Core : 9
ֲֲֲִִִִִִִִִִִִִִִִִִִִִִִִִִִִִִִִִִִִִִִִִִִִִִִִִִִִִִִִִִִִִִִִִִִִִִִִִִִִ
       ³Widths (mm)              ³ Areas    ³ Densities (kg/m3)
       ³                         ³ (cm‎)    ³
Ring   ³Outer Ring Erly Late   % ³Incr Total³Ring E/Wd L/Wd Unif  Min  Max  Rng
 # Year³ Rad.      Wood Wood  LW ³          ³mean mean mean
ֱֱֱִִִִִִִִִִִִִִִִִִִִִִִִִִִִִִִִִִִִִִִִִִִִִִִִִִִִִִִִִִִִִִִִִִִִִִִִִִִִ

 1 1992   2.4  2.4  2.4  0.0   0   0.2    0.2 352  352    0    0  267  425  158
 2 1993  14.4 12.0 10.2  1.8  15   6.3    6.5 352  321  525  204  249  540  291
 3 1994  38.1 23.7 21.6  2.1   8  39.1   45.6 382  369  514  145  285  531  246
 4 1995  54.0 15.9 14.4  1.5   9  46.0   91.6 375  356  557  201  282  589  307
 5 1996  72.0 18.0 16.2  1.8  10  71.3  162.9 389  366  600  234  300  665  365
 6 1997  87.9 15.9 13.2  2.7  16  79.9  242.7 420  394  548  154  343  616  273
 7 1998 104.1 16.2 12.9  3.3  20  97.7  340.4 412  378  545  167  316  573  257
 8 1999 120.0 15.9 12.3  3.6  22 111.9  452.4 415  380  535  155  314  588  274
 9 2000 136.2 16.2 12.6  3.6  22 130.4  582.8 385  346  522  176  272  551  279
10 2001 146.7 10.5  8.1  2.4  22  93.3  676.1 381  332  547  215  295  619  324
11 2002 158.4 11.7  9.6  2.1  17 112.1  788.2 379  344  543  199  270  587  317
12 2003 171.0 12.6  8.7  3.9  30 130.4  918.6 433  367  579  212  311  628  317
13 2004 184.5 13.5 10.2  3.3  24 150.8 1069.4 430  396  533  137  341  585  244
14 2005 198.9 14.4 10.2  4.2  29 173.4 1242.9 437  381  573  192  336  640  304
15 2006 208.5  9.6  6.9  2.7  28 122.9 1365.7 452  409  561  152  342  654  312
16 2007 217.2  8.7  6.6  2.1  24 116.4 1482.1 438  386  600  214  340  638  298
17 2008 225.0  7.8  5.1  2.7  34 108.4 1590.4 435  371  557  186  297  600  303
18 2009 231.6  6.6  5.1  1.5  22  94.7 1685.1 395  348  555  207  300  629  329
19 2010 237.3  5.7  4.5  1.2  21  84.0 1769.1 393  340  589  249  306  669  363
20 2011 242.7  5.4  3.9  1.5  27  81.4 1850.5 412  350  574  224  300  621  321
21 2012 250.2  7.5  6.0  1.5  20 116.1 1966.6 416  381  555  174  311  575  264
22 2013 257.7  7.5  4.8  2.7  36 119.7 2086.3 437  366  563  197  320  663  343
23 2014 265.2  7.5  5.7  1.8  24 123.2 2209.5 416  374  550  176  322  598  276
24 2015 270.6  5.4  3.9  1.5  27  90.9 2300.4 419  357  581  224  298  636  338
25 2016 275.1  4.5  3.3  1.2  26  77.1 2377.6 443  385  601  216  286  662  376

Core Length:  275.1 mm
Core Density: 407 kg/m3
Cross-sectional Density:  416 kg/m3
Early/Latewood Threshold: 500 kg/m3
Attenuation Constant: 3.14

ִִִִִִִִִִִִִִִִִִִִִִִִִִִִִִִִִִִִִִִִִִִִִִִִִִִִִִִִִִִִִִִִִִִִִִִִִִִִִִִ
Core : 21
ֲֲֲִִִִִִִִִִִִִִִִִִִִִִִִִִִִִִִִִִִִִִִִִִִִִִִִִִִִִִִִִִִִִִִִִִִִִִִִִִִִ
       ³Widths (mm)              ³ Areas    ³ Densities (kg/m3)
       ³                         ³ (cm‎)    ³
Ring   ³Outer Ring Erly Late   % ³Incr Total³Ring E/Wd L/Wd Unif  Min  Max  Rng
 # Year³ Rad.      Wood Wood  LW ³          ³mean mean mean
ֱֱֱִִִִִִִִִִִִִִִִִִִִִִִִִִִִִִִִִִִִִִִִִִִִִִִִִִִִִִִִִִִִִִִִִִִִִִִִִִִִ

 3 1993  14.7 14.7 11.7  0.0   0   6.8    6.8 358  358    0    0  292  485  193
 4 1994  29.4 14.7 14.1  0.6   4  20.4   27.2 339  331  529  198  280  546  266
 5 1995  43.8 14.4 13.5  0.9   6  33.1   60.3 343  327  576  249  256  624  368
 6 1996  56.1 12.3 11.4  0.9   7  38.6   98.9 346  330  550  220  285  589  304
 7 1997  69.0 12.9 12.3  0.6   4  50.7  149.6 363  355  542  187  302  561  259
 8 1998  82.5 13.5 10.8  2.7  20  64.3  213.8 391  352  543  191  276  567  291
 9 1999  93.6 11.1 10.2  0.9   8  61.4  275.2 388  375  537  162  305  570  265
10 2000 105.6 12.0  9.3  2.7  22  75.1  350.3 389  340  560  220  288  627  339
11 2001 112.8  7.2  5.7  1.5  20  49.4  399.7 414  362  614  252  306  684  378
12 2002 120.3  7.5  6.3  1.2  16  54.9  454.7 384  352  551  199  287  568  281
13 2003 126.3  6.0  4.5  1.5  25  46.5  501.1 430  374  596  222  332  635  303
14 2004 133.5  7.2  6.3  0.9  12  58.8  559.9 410  387  567  180  303  608  305
15 2005 141.0  7.5  5.7  1.8  24  64.7  624.6 422  361  613  252  319  661  342
16 2006 145.2  4.2  3.3  0.9  21  37.8  662.3 418  380  557  177  333  640  307
17 2007 150.6  5.4  4.5  0.9  16  50.2  712.5 422  383  614  231  348  640  292
18 2008 156.6  6.0  3.9  2.1  35  57.9  770.4 449  385  567  182  339  634  295
19 2009 162.6  6.0  4.5  1.5  25  60.2  830.6 432  379  592  213  317  660  343
20 2010 168.6  6.0  4.2  1.8  30  62.4  893.0 438  366  605  239  335  711  376
21 2011 173.1  4.5  3.3  1.2  26  48.3  941.3 443  389  590  201  348  662  314
22 2012 177.0  3.9  2.7  1.2  30  42.9  984.2 439  378  576  198  327  625  298
23 2013 181.2  4.2  3.0  1.2  28  47.3 1031.5 440  388  569  181  323  681  358
24 2014 185.4  4.2  3.0  1.2  28  48.4 1079.9 438  380  584  204  326  650  324
25 2015 189.9  4.5  3.3  1.2  26  53.1 1132.9 449  383  631  248  347  692  345
26 2016 194.4  4.5  3.0  1.5  33  54.3 1187.3 474  418  588  170  362  655  293

Core Length:  191.4 mm
Core Density: 409 kg/m3
Cross-sectional Density:  414 kg/m3
Early/Latewood Threshold: 500 kg/m3
Attenuation Constant: 3.14

ִִִִִִִִִִִִִִִִִִִִִִִִִִִִִִִִִִִִִִִִִִִִִִִִִִִִִִִִִִִִִִִִִִִִִִִִִִִִִִִ
Core : 24
ֲֲֲִִִִִִִִִִִִִִִִִִִִִִִִִִִִִִִִִִִִִִִִִִִִִִִִִִִִִִִִִִִִִִִִִִִִִִִִִִִִ
       ³Widths (mm)              ³ Areas    ³ Densities (kg/m3)
       ³                         ³ (cm‎)    ³
Ring   ³Outer Ring Erly Late   % ³Incr Total³Ring E/Wd L/Wd Unif  Min  Max  Rng
 # Year³ Rad.      Wood Wood  LW ³          ³mean mean mean
ֱֱֱִִִִִִִִִִִִִִִִִִִִִִִִִִִִִִִִִִִִִִִִִִִִִִִִִִִִִִִִִִִִִִִִִִִִִִִִִִִִ

 1 1992   6.0  6.0  5.7  0.3   5   1.1    1.1 345  336  501  165  273  501  228
 2 1993  18.3 12.3 11.4  0.9   7   9.4   10.5 352  336  546  210  280  577  297
 3 1994  30.9 12.6 11.1  1.5  11  19.5   30.0 365  337  575  238  273  640  367
 4 1995  43.2 12.3 11.1  1.2   9  28.6   58.6 382  358  601  243  298  658  360
 5 1996  53.1  9.9  8.4  1.5  15  30.0   88.6 413  379  607  228  332  675  343
 6 1997  64.8 11.7  9.0  2.7  23  43.3  131.9 423  377  578  201  338  658  320
 7 1998  78.3 13.5  9.6  3.9  28  60.7  192.6 440  387  570  183  311  609  298
 8 1999  91.8 13.5  9.9  3.6  26  72.1  264.7 445  402  565  163  345  645  300
 9 2000 108.3 16.5 11.7  4.8  29 103.7  368.5 426  370  562  192  318  622  304
10 2001 119.4 11.1  9.0  2.1  18  79.4  447.9 439  407  577  170  340  617  277
11 2002 127.5  8.1  6.6  1.5  18  62.8  510.7 420  380  596  216  346  656  310
12 2003 134.4  6.9  5.1  1.8  26  56.8  567.5 467  429  573  144  393  616  223
13 2004 140.4  6.0  4.5  1.5  25  51.8  619.3 447  400  587  187  354  670  316
14 2005 147.0  6.6  4.8  1.8  27  59.6  678.9 450  388  615  227  359  659  300
15 2006 152.1  5.1  3.0  2.1  41  47.9  726.8 483  417  576  159  341  689  348
16 2007 158.1  6.0  4.5  1.5  25  58.5  785.3 468  416  622  206  390  696  306
17 2008 164.1  6.0  4.2  1.8  30  60.7  846.0 494  430  644  214  399  677  278
18 2009 168.6  4.5  3.6  0.9  20  47.0  893.0 440  391  636  245  349  678  329
19 2010 173.4  4.8  3.6  1.2  24  51.6  944.6 467  415  624  209  398  684  286
20 2011 176.4  3.0  1.8  1.2  40  33.0  977.6 486  407  604  197  386  691  305
21 2012 179.7  3.3  2.1  1.2  36  36.9 1014.5 483  408  614  206  378  683  305
22 2013 182.4  2.7  1.8  0.9  33  30.7 1045.2 492  426  625  199  366  734  368
23 2014 186.0  3.6  2.1  1.5  41  41.7 1086.9 496  402  628  226  368  709  341
24 2015 189.6  3.6  2.7  0.9  24  42.5 1129.3 473  416  643  227  370  696  326
25 2016 192.3  2.7  1.5  1.2  44  32.4 1161.7 491  422  577  155  376  651  275

Core Length:  192.3 mm
Core Density: 443 kg/m3
Cross-sectional Density:  451 kg/m3
Early/Latewood Threshold: 500 kg/m3
Attenuation Constant: 3.14

ִִִִִִִִִִִִִִִִִִִִִִִִִִִִִִִִִִִִִִִִִִִִִִִִִִִִִִִִִִִִִִִִִִִִִִִִִִִִִִִ
Core : 26
ֲֲֲִִִִִִִִִִִִִִִִִִִִִִִִִִִִִִִִִִִִִִִִִִִִִִִִִִִִִִִִִִִִִִִִִִִִִִִִִִִִ
       ³Widths (mm)              ³ Areas    ³ Densities (kg/m3)
       ³                         ³ (cm‎)    ³
Ring   ³Outer Ring Erly Late   % ³Incr Total³Ring E/Wd L/Wd Unif  Min  Max  Rng
 # Year³ Rad.      Wood Wood  LW ³          ³mean mean mean
ֱֱֱִִִִִִִִִִִִִִִִִִִִִִִִִִִִִִִִִִִִִִִִִִִִִִִִִִִִִִִִִִִִִִִִִִִִִִִִִִִִ

 3 1993  27.0 27.0 17.4  0.6   2  22.9   22.9 363  358  513  155  283  523  240
 4 1994  46.2 19.2 15.9  3.3  17  44.2   67.1 370  332  553  221  271  586  315
 5 1995  63.0 16.8 15.6  1.2   7  57.6  124.7 372  356  577  221  255  624  369
 6 1996  78.9 15.9 13.8  2.1  13  70.9  195.6 392  367  560  193  313  629  316
 7 1997  93.0 14.1 11.4  2.7  19  76.1  271.7 419  385  563  178  324  627  303
 8 1998 111.0 18.0 13.5  4.5  24 115.4  387.1 422  372  574  202  315  617  302
 9 1999 126.3 15.3 11.7  3.6  23 114.1  501.1 429  393  548  155  328  613  285
10 2000 142.8 16.5 12.3  4.2  25 139.5  640.6 393  342  542  200  293  600  307
11 2001 153.6 10.8  9.0  1.8  16 100.6  741.2 406  371  583  212  326  659  333
12 2002 164.7 11.1  9.6  1.5  13 111.0  852.2 368  339  548  209  275  618  343
13 2003 172.5  7.8  6.3  1.5  19  82.6  934.8 399  358  570  212  321  623  302
14 2004 181.2  8.7  6.9  1.8  20  96.7 1031.5 408  369  557  188  310  596  286
15 2005 190.5  9.3  7.5  1.8  19 108.6 1140.1 386  343  566  223  303  616  313
16 2006 198.0  7.5  6.3  1.2  16  91.5 1231.6 426  398  577  179  325  605  280
17 2007 205.5  7.5  5.4  2.1  27  95.1 1326.7 429  379  557  178  314  603  289
18 2008 213.0  7.5  5.4  2.1  28  98.6 1425.3 417  375  526  151  325  559  234
19 2009 218.4  5.4  4.8  0.6  11  73.2 1498.5 359  337  540  203  296  548  252
20 2010 224.1  5.7  4.5  1.2  21  79.2 1577.7 385  339  560  221  322  596  274
21 2011 229.2  5.1  4.2  0.9  17  72.6 1650.4 420  386  578  192  330  585  255
22 2012 235.5  6.3  5.1  1.2  19  92.0 1742.3 405  374  537  163  313  566  253
23 2013 240.6  5.1  4.2  0.9  17  76.3 1818.6 400  366  556  190  302  582  280
24 2014 246.3  5.7  4.8  0.9  15  87.2 1905.8 390  362  540  178  312  570  258
25 2015 251.7  5.4  4.2  1.2  22  84.5 1990.3 394  350  550  200  310  587  277
26 2016 256.8  5.1  4.5  0.6  11  81.5 2071.8 397  376  560  184  320  563  243

Core Length:  247.8 mm
Core Density: 397 kg/m3
Cross-sectional Density:  400 kg/m3
Early/Latewood Threshold: 500 kg/m3
Attenuation Constant: 3.14

ִִִִִִִִִִִִִִִִִִִִִִִִִִִִִִִִִִִִִִִִִִִִִִִִִִִִִִִִִִִִִִִִִִִִִִִִִִִִִִִ
Core : 29
ֲֲֲִִִִִִִִִִִִִִִִִִִִִִִִִִִִִִִִִִִִִִִִִִִִִִִִִִִִִִִִִִִִִִִִִִִִִִִִִִִִ
       ³Widths (mm)              ³ Areas    ³ Densities (kg/m3)
       ³                         ³ (cm‎)    ³
Ring   ³Outer Ring Erly Late   % ³Incr Total³Ring E/Wd L/Wd Unif  Min  Max  Rng
 # Year³ Rad.      Wood Wood  LW ³          ³mean mean mean
ֱֱֱִִִִִִִִִִִִִִִִִִִִִִִִִִִִִִִִִִִִִִִִִִִִִִִִִִִִִִִִִִִִִִִִִִִִִִִִִִִִ

 4 1994  21.1 21.1 12.3  1.8   8  14.0   14.0 395  373  544  171  326  577  251
 5 1995  38.2 17.1 15.6  1.5   8  31.9   45.8 393  375  586  211  294  625  331
 6 1996  52.3 14.1 11.7  2.4  17  40.1   85.9 420  387  582  195  335  666  331
 7 1997  66.4 14.1 11.4  2.7  19  52.6  138.5 438  404  581  177  337  655  318
 8 1998  82.6 16.2 11.1  5.1  31  75.8  214.3 456  403  571  168  346  611  265
 9 1999  96.1 13.5 10.2  3.3  24  75.8  290.1 431  388  563  175  343  639  296
10 2000 111.4 15.3 11.7  3.6  23  99.7  389.9 417  371  566  195  313  626  313
11 2001 118.6  7.2  5.7  1.5  20  52.0  441.9 445  397  627  230  345  649  304
12 2002 126.7  8.1  5.7  2.4  29  62.4  504.3 455  383  627  244  316  709  393
13 2003 133.9  7.2  4.8  2.4  33  58.9  563.3 501  432  640  208  395  705  310
14 2004 141.1  7.2  5.4  1.8  25  62.2  625.5 455  408  596  188  356  649  293
15 2005 149.2  8.1  6.0  2.1  25  73.9  699.3 456  396  627  231  352  694  342
16 2006 154.6  5.4  3.6  1.8  33  51.5  750.9 487  434  592  158  364  724  360
17 2007 159.7  5.1  3.6  1.5  29  50.4  801.2 459  404  591  187  377  683  306
18 2008 165.4  5.7  3.3  2.4  42  58.2  859.5 493  411  607  196  355  695  340
19 2009 170.2  4.8  3.6  1.2  24  50.6  910.1 451  388  638  250  324  733  409
20 2010 175.6  5.4  3.9  1.5  27  58.7  968.7 450  383  624  241  345  731  386
21 2011 180.7  5.1  3.6  1.5  29  57.1 1025.8 488  427  635  208  363  705  342
22 2012 187.3  6.6  4.8  1.8  27  76.3 1102.1 443  376  622  246  324  731  407
23 2013 192.4  5.1  3.0  2.1  41  60.8 1162.9 494  400  627  227  367  754  387
24 2014 199.0  6.6  4.2  2.4  36  81.2 1244.1 459  383  592  209  348  690  342
25 2015 204.1  5.1  3.6  1.5  29  64.6 1308.7 467  399  631  232  357  685  328
26 2016 208.9  4.8  2.7  2.1  43  62.3 1371.0 482  405  581  176  352  667  315

Core Length:  201.9 mm
Core Density: 453 kg/m3
Cross-sectional Density:  455 kg/m3
Early/Latewood Threshold: 500 kg/m3
Attenuation Constant: 3.14

ִִִִִִִִִִִִִִִִִִִִִִִִִִִִִִִִִִִִִִִִִִִִִִִִִִִִִִִִִִִִִִִִִִִִִִִִִִִִִִִ
Core : 31
ֲֲֲִִִִִִִִִִִִִִִִִִִִִִִִִִִִִִִִִִִִִִִִִִִִִִִִִִִִִִִִִִִִִִִִִִִִִִִִִִִִ
       ³Widths (mm)              ³ Areas    ³ Densities (kg/m3)
       ³                         ³ (cm‎)    ³
Ring   ³Outer Ring Erly Late   % ³Incr Total³Ring E/Wd L/Wd Unif  Min  Max  Rng
 # Year³ Rad.      Wood Wood  LW ³          ³mean mean mean
ֱֱֱִִִִִִִִִִִִִִִִִִִִִִִִִִִִִִִִִִִִִִִִִִִִִִִִִִִִִִִִִִִִִִִִִִִִִִִִִִִִ

 2 1993  15.1 15.1 11.1  0.0   0   7.2    7.2 299  299    0    0  236  426  190
 3 1994  34.6 19.5 18.9  0.6   3  30.4   37.6 303  297  506  209  229  510  281
 4 1995  55.6 21.0 19.5  1.5   7  59.5   97.1 337  322  536  214  253  567  314
 5 1996  76.6 21.0 19.8  1.2   5  87.2  184.3 318  306  522  216  231  539  308
 6 1997  95.8 19.2 18.9  0.3   1 104.0  288.3 327  324  519  195  270  519  249
 7 1998 116.2 20.4 20.4  0.0   0 135.9  424.2 336  336    0    0  249  491  242
 8 1999 130.9 14.7 13.5  1.2   8 114.1  538.3 346  331  519  188  273  532  259
 9 2000 144.4 13.5 12.9  0.6   4 116.8  655.1 329  320  522  202  253  524  271
10 2001 154.0  9.6  8.7  0.9   9  90.0  745.1 343  325  510  185  286  517  231
11 2002 162.4  8.4  7.5  0.9  10  83.5  828.6 343  319  543  224  253  565  312
12 2003 170.8  8.4  7.8  0.6   7  87.9  916.5 351  336  539  203  272  541  269
13 2004 178.6  7.8  7.2  0.6   7  85.6 1002.1 343  328  524  196  263  544  281
14 2005 185.2  6.6  5.7  0.9  13  75.4 1077.5 366  330  591  261  279  607  328
15 2006 190.6  5.4  4.8  0.6  11  63.8 1141.3 406  389  542  153  310  569  259
16 2007 196.9  6.3  5.4  0.9  14  76.7 1218.0 377  345  568  223  318  617  299
17 2008 203.2  6.3  5.1  1.2  19  79.2 1297.2 392  360  529  169  306  566  260
18 2009 208.6  5.4  4.8  0.6  11  69.9 1367.0 374  351  558  207  303  595  292
19 2010 216.1  7.5  6.0  1.5  20 100.1 1467.1 388  345  561  216  308  627  319
20 2011 222.4  6.3  4.8  1.5  23  86.8 1553.9 405  365  535  170  333  561  228
21 2012 229.6  7.2  6.0  1.2  16 102.2 1656.1 397  368  544  176  321  583  262
22 2013 235.3  5.7  4.8  0.9  15  83.2 1739.4 410  378  582  204  331  609  278
23 2014 241.6  6.3  5.1  1.2  19  94.4 1833.8 412  379  555  176  334  575  241
24 2015 247.3  5.7  4.2  1.5  26  87.5 1921.3 426  372  577  205  335  631  296
25 2016 251.8  4.5  3.6  0.9  20  70.6 1991.9 445  409  589  180  357  622  265

Core Length:  247.8 mm
Core Density: 365 kg/m3
Cross-sectional Density:  367 kg/m3
Early/Latewood Threshold: 500 kg/m3
Attenuation Constant: 3.14

ִִִִִִִִִִִִִִִִִִִִִִִִִִִִִִִִִִִִִִִִִִִִִִִִִִִִִִִִִִִִִִִִִִִִִִִִִִִִִִִ
Core : 39
ֲֲֲִִִִִִִִִִִִִִִִִִִִִִִִִִִִִִִִִִִִִִִִִִִִִִִִִִִִִִִִִִִִִִִִִִִִִִִִִִִִ
       ³Widths (mm)              ³ Areas    ³ Densities (kg/m3)
       ³                         ³ (cm‎)    ³
Ring   ³Outer Ring Erly Late   % ³Incr Total³Ring E/Wd L/Wd Unif  Min  Max  Rng
 # Year³ Rad.      Wood Wood  LW ³          ³mean mean mean
ֱֱֱִִִִִִִִִִִִִִִִִִִִִִִִִִִִִִִִִִִִִִִִִִִִִִִִִִִִִִִִִִִִִִִִִִִִִִִִִִִִ

 2 1992  16.6 16.6 12.6  0.0   0   8.7    8.7 308  308    0    0  238  460  222
 3 1993  32.8 16.2 16.2  0.0   0  25.1   33.8 308  308    0    0  237  453  216
 4 1994  50.5 17.7 17.1  0.6   3  46.3   80.1 316  309  513  204  239  522  283
 5 1995  66.1 15.6 15.0  0.6   3  57.1  137.3 322  314  526  212  258  527  269
 6 1996  78.7 12.6 11.4  1.2   9  57.3  194.6 344  323  540  217  281  578  297
 7 1997  89.8 11.1 10.8  0.3   2  58.8  253.3 345  340  536  196  289  536  247
 8 1998 101.8 12.0 11.1  0.9   7  72.2  325.6 343  330  509  179  265  524  259
 9 1999 111.7  9.9  9.6  0.3   3  66.4  392.0 375  369  548  179  294  548  254
10 2000 125.2 13.5 12.0  1.5  11 100.5  492.4 378  362  509  147  270  519  249
11 2001 136.6 11.4  9.3  2.1  18  93.8  586.2 400  366  551  185  325  584  259
12 2002 147.1 10.5  9.9  0.6   5  93.6  679.8 358  350  503  153  262  504  242
13 2003 154.6  7.5  5.7  1.8  24  71.1  750.9 408  367  537  170  322  555  233
14 2004 161.8  7.2  6.3  0.9  12  71.6  822.4 387  369  513  144  302  523  221
15 2005 172.0 10.2  6.6  3.6  35 107.0  929.4 437  368  563  195  329  592  263
16 2006 179.5  7.5  6.3  1.2  16  82.8 1012.2 444  423  552  129  355  598  243
17 2007 185.8  6.3  4.8  1.5  23  72.3 1084.5 432  383  590  207  347  635  288
18 2008 192.4  6.6  4.5  2.1  31  78.4 1162.9 438  390  542  152  343  568  225
19 2009 197.5  5.1  3.6  1.5  29  62.5 1225.4 428  371  566  195  335  603  268
20 2010 204.1  6.6  4.2  2.4  36  83.3 1308.7 482  422  589  167  404  676  272
21 2011 210.1  6.0  3.9  2.1  35  78.1 1386.8 507  458  597  139  427  659  232
22 2012 216.1  6.0  3.9  2.1  35  80.3 1467.1 472  408  592  184  371  647  276
23 2013 221.5  5.4  3.0  2.4  44  74.2 1541.3 497  423  591  168  383  662  279
24 2014 226.0  4.5  2.7  1.8  40  63.3 1604.6 490  422  591  169  351  659  308
25 2015 230.2  4.2  2.4  1.8  42  60.2 1664.8 518  456  600  144  437  673  236
26 2016 234.1  3.9  2.1  1.8  46  56.9 1721.7 526  463  600  137  424  678  254

Core Length:  230.1 mm
Core Density: 410 kg/m3
Cross-sectional Density:  418 kg/m3
Early/Latewood Threshold: 500 kg/m3
Attenuation Constant: 3.14

ִִִִִִִִִִִִִִִִִִִִִִִִִִִִִִִִִִִִִִִִִִִִִִִִִִִִִִִִִִִִִִִִִִִִִִִִִִִִִִִ
Core : 42
ֲֲֲִִִִִִִִִִִִִִִִִִִִִִִִִִִִִִִִִִִִִִִִִִִִִִִִִִִִִִִִִִִִִִִִִִִִִִִִִִִִ
       ³Widths (mm)              ³ Areas    ³ Densities (kg/m3)
       ³                         ³ (cm‎)    ³
Ring   ³Outer Ring Erly Late   % ³Incr Total³Ring E/Wd L/Wd Unif  Min  Max  Rng
 # Year³ Rad.      Wood Wood  LW ³          ³mean mean mean
ֱֱֱִִִִִִִִִִִִִִִִִִִִִִִִִִִִִִִִִִִִִִִִִִִִִִִִִִִִִִִִִִִִִִִִִִִִִִִִִִִִ

 3 1993  22.1 22.1 14.1  0.0   0  15.3   15.3 321  321    0    0  258  468  210
 4 1994  38.6 16.5 15.0  1.5   9  31.5   46.8 344  325  534  209  271  567  296
 5 1995  53.0 14.4 14.1  0.3   2  41.4   88.2 327  322  552  230  255  552  297
 6 1996  67.7 14.7 13.8  0.9   6  55.7  144.0 334  321  539  218  272  565  293
 7 1997  80.3 12.6 11.4  1.2   9  58.6  202.6 369  350  546  196  299  593  294
 8 1998  93.8 13.5 11.7  1.8  13  73.8  276.4 372  344  556  212  297  590  293
 9 1999 105.5 11.7 10.8  0.9   7  73.3  349.7 375  359  570  211  295  611  316
10 2000 122.9 17.4 14.7  2.7  15 124.9  474.5 384  356  536  180  277  568  291
11 2001 134.9 12.0  9.3  2.7  22  97.2  571.7 401  355  558  203  306  618  312
12 2002 145.4 10.5  9.3  1.2  11  92.5  664.2 373  354  525  171  275  563  288
13 2003 154.1  8.7  6.9  1.8  20  81.9  746.0 389  348  547  199  309  596  287
14 2004 162.2  8.1  6.9  1.2  14  80.5  826.5 384  355  547  192  307  603  296
15 2005 171.5  9.3  7.2  2.1  22  97.5  924.0 391  337  575  238  303  620  317
16 2006 178.1  6.6  5.4  1.2  18  72.5  996.5 423  386  589  203  306  635  329
17 2007 185.6  7.5  6.3  1.2  16  85.7 1082.2 378  341  573  232  309  642  333
18 2008 192.2  6.6  4.8  1.8  27  78.3 1160.5 410  348  576  228  288  614  326
19 2009 199.7  7.5  5.7  1.8  24  92.3 1252.9 390  338  554  216  293  626  333
20 2010 206.9  7.2  5.7  1.5  20  92.0 1344.8 401  352  589  237  310  701  391
21 2011 212.6  5.7  4.2  1.5  26  75.1 1420.0 435  379  591  212  332  641  309
22 2012 218.9  6.3  4.8  1.5  23  85.4 1505.4 406  359  559  200  302  590  288
23 2013 224.6  5.7  4.8  0.9  15  79.4 1584.8 402  364  606  242  316  667  351
24 2014 229.1  4.5  3.6  0.9  20  64.1 1648.9 395  355  556  201  295  587  292
25 2015 233.6  4.5  3.6  0.9  20  65.4 1714.3 400  349  600  251  314  638  324
26 2016 237.2  3.6  3.0  0.6  16  53.2 1767.6 412  377  591  214  327  595  268

Core Length:  229.2 mm
Core Density: 384 kg/m3
Cross-sectional Density:  388 kg/m3
Early/Latewood Threshold: 500 kg/m3
Attenuation Constant: 3.14

ִִִִִִִִִִִִִִִִִִִִִִִִִִִִִִִִִִִִִִִִִִִִִִִִִִִִִִִִִִִִִִִִִִִִִִִִִִִִִִִ
Core : 53
ֲֲֲִִִִִִִִִִִִִִִִִִִִִִִִִִִִִִִִִִִִִִִִִִִִִִִִִִִִִִִִִִִִִִִִִִִִִִִִִִִִ
       ³Widths (mm)              ³ Areas    ³ Densities (kg/m3)
       ³                         ³ (cm‎)    ³
Ring   ³Outer Ring Erly Late   % ³Incr Total³Ring E/Wd L/Wd Unif  Min  Max  Rng
 # Year³ Rad.      Wood Wood  LW ³          ³mean mean mean
ֱֱֱִִִִִִִִִִִִִִִִִִִִִִִִִִִִִִִִִִִִִִִִִִִִִִִִִִִִִִִִִִִִִִִִִִִִִִִִִִִִ

 2 1993  12.7 12.7 10.2  1.5  11   5.1    5.1 379  356  534  178  308  550  242
 3 1994  27.4 14.7 12.9  1.8  12  18.5   23.6 378  350  580  230  289  629  340
 4 1995  38.8 11.4 10.2  1.2  10  23.7   47.3 393  372  574  202  324  635  311
 5 1996  46.9  8.1  6.6  1.5  18  21.8   69.1 415  374  598  224  325  667  342
 6 1997  58.9 12.0  9.3  2.7  22  39.9  109.0 416  376  554  178  322  627  305
 7 1998  74.8 15.9 12.9  3.0  18  66.8  175.8 423  384  590  206  319  622  303
 8 1999  87.4 12.6  9.3  3.3  26  64.2  240.0 433  391  550  159  341  640  299
 9 2000 101.5 14.1 10.8  3.3  23  83.7  323.7 431  375  614  239  327  658  331
10 2001 109.9  8.4  6.9  1.5  17  55.8  379.4 438  404  594  190  352  653  301
11 2002 116.8  6.9  5.1  1.8  26  49.1  428.6 430  382  566  184  327  617  290
12 2003 123.1  6.3  4.2  2.1  33  47.5  476.1 454  382  597  215  335  644  309
13 2004 129.7  6.6  4.8  1.8  27  52.4  528.5 432  383  564  181  358  605  247
14 2005 137.2  7.5  6.0  1.5  20  62.9  591.4 424  382  592  210  353  647  294
15 2006 142.6  5.4  3.9  1.5  27  47.5  638.8 448  407  553  146  346  608  262
16 2007 148.9  6.3  5.4  0.9  14  57.7  696.5 422  385  643  258  358  725  367
17 2008 154.9  6.0  4.2  1.8  30  57.3  753.8 456  393  602  209  319  649  330
18 2009 161.2  6.3  4.8  1.5  23  62.6  816.4 437  381  614  233  330  690  360
19 2010 168.7  7.5  6.3  1.2  16  77.7  894.1 424  383  637  254  350  715  365
20 2011 173.8  5.1  3.9  1.2  23  54.9  949.0 454  408  603  195  362  671  309
21 2012 178.9  5.1  3.3  1.8  35  56.5 1005.5 459  394  578  184  347  666  319
22 2013 183.7  4.8  3.3  1.5  31  54.7 1060.2 477  416  612  196  381  675  294
23 2014 188.5  4.8  3.0  1.8  37  56.1 1116.3 458  389  574  185  345  644  299
24 2015 192.7  4.2  2.7  1.5  35  50.3 1166.6 459  384  595  211  336  671  335
25 2016 196.0  3.3  2.4  0.9  27  40.3 1206.9 462  420  574  154  354  603  249

Core Length:  195.0 mm
Core Density: 433 kg/m3
Cross-sectional Density:  438 kg/m3
Early/Latewood Threshold: 500 kg/m3
Attenuation Constant: 3.14

ִִִִִִִִִִִִִִִִִִִִִִִִִִִִִִִִִִִִִִִִִִִִִִִִִִִִִִִִִִִִִִִִִִִִִִִִִִִִִִִ
Core : 56
ֲֲֲִִִִִִִִִִִִִִִִִִִִִִִִִִִִִִִִִִִִִִִִִִִִִִִִִִִִִִִִִִִִִִִִִִִִִִִִִִִִ
       ³Widths (mm)              ³ Areas    ³ Densities (kg/m3)
       ³                         ³ (cm‎)    ³
Ring   ³Outer Ring Erly Late   % ³Incr Total³Ring E/Wd L/Wd Unif  Min  Max  Rng
 # Year³ Rad.      Wood Wood  LW ³          ³mean mean mean
ֱֱֱִִִִִִִִִִִִִִִִִִִִִִִִִִִִִִִִִִִִִִִִִִִִִִִִִִִִִִִִִִִִִִִִִִִִִִִִִִִִ

 2 1993  10.3 10.3  8.7  0.6   5   3.3    3.3 368  358  511  153  316  521  205
 3 1994  25.3 15.0 13.5  1.5   9  16.8   20.1 368  347  550  203  290  586  296
 4 1995  40.3 15.0 13.8  1.2   7  30.9   51.0 371  353  575  222  296  638  342
 5 1996  53.8 13.5 11.7  1.8  13  39.9   90.9 379  349  568  219  287  622  335
 6 1997  67.9 14.1 12.3  1.8  12  53.9  144.8 389  365  553  188  312  583  271
 7 1998  85.0 17.1 13.5  3.6  21  82.1  227.0 413  374  558  184  321  579  258
 8 1999  99.7 14.7 13.2  1.5  10  85.3  312.3 392  376  539  163  320  572  252
 9 2000 117.4 17.7 15.0  2.7  15 120.7  433.0 378  348  540  192  273  567  294
10 2001 128.8 11.4  8.7  2.7  23  88.2  521.2 412  366  562  196  322  625  303
11 2002 140.2 11.4 10.2  1.2  10  96.3  617.5 365  344  542  198  277  598  321
12 2003 148.6  8.4  6.9  1.5  17  76.2  693.7 398  363  562  199  312  593  281
13 2004 157.6  9.0  7.8  1.2  13  86.6  780.3 377  351  545  194  287  574  287
14 2005 167.8 10.2  8.1  2.1  20 104.3  884.6 378  330  565  235  280  601  321
15 2006 175.3  7.5  6.6  0.9  12  80.8  965.4 418  397  578  181  315  621  306
16 2007 183.1  7.8  6.3  1.5  19  87.8 1053.2 376  328  577  249  289  618  329
17 2008 190.6  7.5  5.4  2.1  28  88.1 1141.3 405  342  565  223  288  623  335
18 2009 196.9  6.3  5.1  1.2  19  76.7 1218.0 363  318  557  239  257  596  339
19 2010 202.9  6.0  4.8  1.2  20  75.4 1293.3 390  338  600  262  303  672  369
20 2011 208.3  5.4  4.5  0.9  16  69.8 1363.1 412  373  607  234  294  643  349
21 2012 214.3  6.0  4.8  1.2  20  79.7 1442.8 377  332  560  228  269  611  342
22 2013 218.5  4.2  3.3  0.9  21  57.1 1499.9 396  345  583  238  286  650  364
23 2014 222.4  3.9  3.0  0.9  23  54.0 1553.9 385  332  560  228  275  613  338
24 2015 226.9  4.5  3.3  1.2  26  63.5 1617.4 421  353  608  255  300  632  332
25 2016 231.4  4.5  3.9  0.6  13  64.8 1682.2 406  377  592  215  297  604  307

Core Length:  230.4 mm
Core Density: 389 kg/m3
Cross-sectional Density:  390 kg/m3
Early/Latewood Threshold: 500 kg/m3
Attenuation Constant: 3.14

ִִִִִִִִִִִִִִִִִִִִִִִִִִִִִִִִִִִִִִִִִִִִִִִִִִִִִִִִִִִִִִִִִִִִִִִִִִִִִִִ
Core : 59
ֲֲֲִִִִִִִִִִִִִִִִִִִִִִִִִִִִִִִִִִִִִִִִִִִִִִִִִִִִִִִִִִִִִִִִִִִִִִִִִִִִ
       ³Widths (mm)              ³ Areas    ³ Densities (kg/m3)
       ³                         ³ (cm‎)    ³
Ring   ³Outer Ring Erly Late   % ³Incr Total³Ring E/Wd L/Wd Unif  Min  Max  Rng
 # Year³ Rad.      Wood Wood  LW ³          ³mean mean mean
ֱֱֱִִִִִִִִִִִִִִִִִִִִִִִִִִִִִִִִִִִִִִִִִִִִִִִִִִִִִִִִִִִִִִִִִִִִִִִִִִִִ

 1 1992   9.0  9.0  8.7  0.3   3   2.5    2.5 361  356  501  145  287  501  214
 2 1993  22.5 13.5 13.5  0.0   0  13.4   15.9 366  366    0    0  309  492  183
 3 1994  39.0 16.5 15.0  1.5   9  31.9   47.8 359  341  540  199  266  569  303
 4 1995  52.2 13.2 12.0  1.2   9  37.8   85.6 372  351  577  226  289  624  335
 5 1996  65.1 12.9 10.8  2.1  16  47.5  133.1 405  372  579  207  317  632  315
 6 1997  78.9 13.8 12.3  1.5  10  62.4  195.6 407  387  575  188  314  596  282
 7 1998  93.3 14.4 11.4  3.0  20  77.9  273.5 408  370  554  184  310  593  283
 8 1999 106.8 13.5 12.0  1.5  11  84.9  358.3 404  386  546  160  312  605  293
 9 2000 121.2 14.4 11.7  2.7  18 103.1  461.5 396  364  538  174  307  587  280
10 2001 129.9  8.7  6.9  1.8  20  68.6  530.1 417  372  588  216  331  641  310
11 2002 137.1  7.2  6.0  1.2  16  60.4  590.5 376  342  549  207  270  596  326
12 2003 144.0  6.9  4.8  2.1  30  60.9  651.4 431  376  559  183  341  641  300
13 2004 151.8  7.8  6.3  1.5  19  72.5  723.9 413  382  546  164  324  593  269
14 2005 159.9  8.1  6.0  2.1  25  79.3  803.2 415  358  578  220  323  639  316
15 2006 165.9  6.0  4.5  1.5  25  61.4  864.7 435  399  544  145  313  595  282
16 2007 172.2  6.3  5.1  1.2  19  66.9  931.6 387  349  545  196  305  603  298
17 2008 177.9  5.7  4.2  1.5  26  62.7  994.3 431  387  554  167  332  596  264
18 2009 183.3  5.4  3.9  1.5  27  61.3 1055.5 399  337  562  225  291  632  341
19 2010 188.7  5.4  4.2  1.2  22  63.1 1118.6 418  372  581  209  321  633  312
20 2011 193.8  5.1  3.6  1.5  29  61.3 1179.9 464  416  581  165  356  641  285
21 2012 199.2  5.4  4.5  0.9  16  66.7 1246.6 438  409  587  178  341  625  284
22 2013 204.0  4.8  2.7  2.1  43  60.8 1307.4 461  375  571  196  353  653  300
23 2014 209.1  5.1  3.0  2.1  41  66.2 1373.6 448  383  542  159  327  614  287
24 2015 214.5  5.4  3.6  1.8  33  71.9 1445.5 447  367  606  239  331  659  328
25 2016 218.7  4.2  2.7  1.5  35  57.2 1502.6 458  399  565  166  350  632  282

Core Length:  218.7 mm
Core Density: 412 kg/m3
Cross-sectional Density:  417 kg/m3
Early/Latewood Threshold: 500 kg/m3
Attenuation Constant: 3.14

ִִִִִִִִִִִִִִִִִִִִִִִִִִִִִִִִִִִִִִִִִִִִִִִִִִִִִִִִִִִִִִִִִִִִִִִִִִִִִִִ
Core : 61
ֲֲֲִִִִִִִִִִִִִִִִִִִִִִִִִִִִִִִִִִִִִִִִִִִִִִִִִִִִִִִִִִִִִִִִִִִִִִִִִִִִ
       ³Widths (mm)              ³ Areas    ³ Densities (kg/m3)
       ³                         ³ (cm‎)    ³
Ring   ³Outer Ring Erly Late   % ³Incr Total³Ring E/Wd L/Wd Unif  Min  Max  Rng
 # Year³ Rad.      Wood Wood  LW ³          ³mean mean mean
ֱֱֱִִִִִִִִִִִִִִִִִִִִִִִִִִִִִִִִִִִִִִִִִִִִִִִִִִִִִִִִִִִִִִִִִִִִִִִִִִִִ

 1 1993   6.9  6.9  6.9  0.0   0   1.5    1.5 316  316    0    0  271  377  106
 2 1994  21.6 14.7 14.1  0.6   4  13.2   14.7 327  318  524  206  258  546  288
 3 1995  35.1 13.5 12.6  0.9   6  24.0   38.7 336  320  563  243  253  595  342
 4 1996  49.8 14.7 13.2  1.5  10  39.2   77.9 341  317  551  234  263  588  325
 5 1997  64.8 15.0 14.1  0.9   6  54.0  131.9 344  332  537  205  278  575  297
 6 1998  80.1 15.3 13.8  1.5   9  69.6  201.6 347  327  524  197  273  546  273
 7 1999  92.4 12.3 11.4  0.9   7  66.7  268.2 357  344  527  183  284  553  269
 8 2000 104.4 12.0  9.9  2.1  17  74.2  342.4 357  319  532  213  256  560  304
 9 2001 113.1  8.7  7.5  1.2  13  59.4  401.9 384  356  556  200  321  613  292
10 2002 121.8  8.7  8.1  0.6   6  64.2  466.1 348  335  533  198  261  546  285
11 2003 127.5  5.7  4.8  0.9  15  44.6  510.7 384  355  541  186  316  563  247
12 2004 132.6  5.1  4.5  0.6  11  41.7  552.4 381  358  558  200  301  560  259
13 2005 141.6  9.0  7.5  1.5  16  77.5  629.9 391  359  550  191  322  573  251
14 2006 146.7  5.1  4.2  0.9  17  46.2  676.1 406  377  541  164  315  612  297
15 2007 151.5  4.8  4.2  0.6  12  45.0  721.1 382  354  577  223  323  613  290
16 2008 156.0  4.5  3.6  0.9  20  43.5  764.5 405  366  563  197  285  614  329
17 2009 159.9  3.9  3.3  0.6  15  38.7  803.2 396  358  605  247  305  616  311
18 2010 164.4  4.5  3.9  0.6  13  45.8  849.1 388  357  589  232  323  632  309
19 2011 167.7  3.3  2.7  0.6  18  34.4  883.5 431  395  598  203  351  677  326
20 2012 170.7  3.0  2.4  0.6  20  31.9  915.4 421  374  608  234  334  616  282
21 2013 173.4  2.7  2.1  0.6  22  29.2  944.6 421  398  504  106  355  505  150
22 2014 176.4  3.0  2.4  0.6  20  33.0  977.6 428  385  601  216  353  622  269
23 2015 180.0  3.6  3.0  0.6  16  40.3 1017.9 397  360  586  226  310  604  294
24 2016 182.4  2.4  2.1  0.3  12  27.3 1045.2 409  384  588  204  341  588  247

Core Length:  182.4 mm
Core Density: 379 kg/m3
Cross-sectional Density:  379 kg/m3
Early/Latewood Threshold: 500 kg/m3
Attenuation Constant: 3.14

