File : C:\DENSITOM\GDOWNS~1\GD8.DAT
Cores :
7
8
23
24
27
30
31
39
40
41
51
55

ִִִִִִִִִִִִִִִִִִִִִִִִִִִִִִִִִִִִִִִִִִִִִִִִִִִִִִִִִִִִִִִִִִִִִִִִִִִִִִִ
Core : 7
ֲֲֲִִִִִִִִִִִִִִִִִִִִִִִִִִִִִִִִִִִִִִִִִִִִִִִִִִִִִִִִִִִִִִִִִִִִִִִִִִִִ
       ³Widths (mm)              ³ Areas    ³ Densities (kg/m3)
       ³                         ³ (cm‎)    ³
Ring   ³Outer Ring Erly Late   % ³Incr Total³Ring E/Wd L/Wd Unif  Min  Max  Rng
 # Year³ Rad.      Wood Wood  LW ³          ³mean mean mean
ֱֱֱִִִִִִִִִִִִִִִִִִִִִִִִִִִִִִִִִִִִִִִִִִִִִִִִִִִִִִִִִִִִִִִִִִִִִִִִִִִִ

 3 1993  15.0 15.0  7.8  1.2   8   7.1    7.1 399  374  559  185  315  584  269
 4 1994  27.9 12.9 11.1  1.8  13  17.4   24.5 394  364  577  213  296  626  330
 5 1995  42.9 15.0 13.5  1.5  10  33.4   57.8 393  367  629  262  288  688  400
 6 1996  55.5 12.6 11.4  1.2   9  39.0   96.8 402  379  618  239  337  675  338
 7 1997  67.5 12.0  9.6  2.4  20  46.4  143.1 424  390  562  172  324  637  313
 8 1998  79.8 12.3  9.0  3.3  26  56.9  200.1 445  394  585  191  324  663  339
 9 1999  90.0 10.2  8.1  2.1  20  54.4  254.5 437  398  585  187  322  669  347
10 2000 103.2 13.2 10.8  2.4  18  80.1  334.6 427  380  635  255  336  684  348
11 2001 112.2  9.0  7.8  1.2  13  60.9  395.5 416  390  584  194  358  656  298
12 2002 120.0  7.8  6.0  1.8  23  56.9  452.4 443  389  621  232  340  671  331
13 2003 126.9  6.9  5.1  1.8  26  53.5  505.9 469  421  605  184  389  678  289
14 2004 133.2  6.3  4.5  1.8  28  51.5  557.4 450  396  586  190  360  670  310
15 2005 141.9  8.7  6.6  2.1  24  75.2  632.6 461  406  633  227  378  679  301
16 2006 147.3  5.4  2.7  2.7  50  49.1  681.6 496  405  586  181  359  663  304
17 2007 152.1  4.8  3.3  1.5  31  45.1  726.8 472  409  611  202  360  737  377
18 2008 157.2  5.1  2.4  2.7  52  49.6  776.3 490  395  575  180  341  649  308
19 2009 162.6  5.4  3.3  2.1  38  54.3  830.6 444  361  574  213  315  657  342
20 2010 168.0  5.4  3.6  1.8  33  56.1  886.7 469  404  598  194  342  708  366
21 2011 171.9  3.9  1.8  2.1  53  41.6  928.3 506  406  591  185  360  685  325
22 2012 177.3  5.4  3.0  2.4  44  59.2  987.6 486  415  574  159  344  651  307
23 2013 181.8  4.5  2.7  1.8  40  50.8 1038.3 485  411  597  186  340  680  340
24 2014 187.5  5.7  3.3  2.4  42  66.1 1104.5 477  399  585  186  338  626  288
25 2015 192.6  5.1  3.0  2.1  41  60.9 1165.4 481  412  579  167  376  692  316
26 2016 199.5  6.9  3.0  3.9  56  85.0 1250.4 514  441  570  129  393  639  246

Core Length:  193.5 mm
Core Density: 453 kg/m3
Cross-sectional Density:  459 kg/m3
Early/Latewood Threshold: 500 kg/m3
Attenuation Constant: 3.14

ִִִִִִִִִִִִִִִִִִִִִִִִִִִִִִִִִִִִִִִִִִִִִִִִִִִִִִִִִִִִִִִִִִִִִִִִִִִִִִִ
Core : 8
ֲֲֲִִִִִִִִִִִִִִִִִִִִִִִִִִִִִִִִִִִִִִִִִִִִִִִִִִִִִִִִִִִִִִִִִִִִִִִִִִִִ
       ³Widths (mm)              ³ Areas    ³ Densities (kg/m3)
       ³                         ³ (cm‎)    ³
Ring   ³Outer Ring Erly Late   % ³Incr Total³Ring E/Wd L/Wd Unif  Min  Max  Rng
 # Year³ Rad.      Wood Wood  LW ³          ³mean mean mean
ֱֱֱִִִִִִִִִִִִִִִִִִִִִִִִִִִִִִִִִִִִִִִִִִִִִִִִִִִִִִִִִִִִִִִִִִִִִִִִִִִִ

 1 1992   8.1  8.1  8.1  0.0   0   2.1    2.1 326  326    0    0  261  403  142
 2 1993  19.2 11.1 11.1  0.0   0   9.5   11.6 348  348    0    0  282  487  205
 3 1994  32.7 13.5 12.3  1.2   8  22.0   33.6 340  321  541  220  247  565  318
 4 1995  45.9 13.2 12.3  0.9   6  32.6   66.2 341  323  592  269  229  640  411
 5 1996  59.4 13.5 12.0  1.5  11  44.7  110.8 356  326  594  268  274  644  370
 6 1997  72.0 12.6 11.4  1.2   9  52.0  162.9 379  359  571  212  293  616  323
 7 1998  82.8 10.8  8.7  2.1  19  52.5  215.4 385  346  545  199  265  566  301
 8 1999  92.7  9.9  8.7  1.2  12  54.6  270.0 381  356  565  209  282  604  322
 9 2000 105.3 12.6  9.3  3.3  26  78.4  348.3 372  316  529  213  261  570  309
10 2001 111.6  6.3  5.4  0.9  14  42.9  391.3 376  343  577  234  307  590  283
11 2002 118.5  6.9  5.1  1.8  26  49.9  441.2 410  356  564  208  279  617  338
12 2003 123.0  4.5  3.6  0.9  20  34.1  475.3 442  403  599  196  352  623  271
13 2004 127.8  4.8  3.3  1.5  31  37.8  513.1 436  378  563  185  326  627  301
14 2005 132.6  4.8  3.6  1.2  24  39.3  552.4 412  349  602  253  301  639  338
15 2006 136.2  3.6  1.8  1.8  49  30.4  582.8 477  375  580  205  317  622  305
16 2007 139.2  3.0  2.4  0.6  20  26.0  608.7 438  396  606  210  339  615  276
17 2008 142.2  3.0  1.8  1.2  40  26.5  635.3 474  378  618  240  318  640  322
18 2009 144.9  2.7  1.8  0.9  33  24.4  659.6 416  334  582  248  299  646  347
19 2010 147.0  2.1  1.5  0.6  28  19.3  678.9 470  392  665  273  323  678  355
20 2011 148.8  1.8  0.9  0.9  49  16.7  695.6 505  394  615  221  353  664  311
21 2012 150.6  1.8  0.9  0.9  49  16.9  712.5 492  385  599  214  365  718  353
22 2013 151.8  1.2  0.6  0.6  50  11.4  723.9 521  391  651  260  364  697  333
23 2014 153.3  1.5  0.9  0.6  40  14.4  738.3 498  385  668  283  352  731  379
24 2015 154.8  1.5  0.9  0.6  40  14.5  752.8 444  369  558  189  358  601  243
25 2016 156.3  1.5  0.6  0.9  60  14.7  767.5 544  434  617  183  389  637  248

Core Length:  156.3 mm
Core Density: 423 kg/m3
Cross-sectional Density:  409 kg/m3
Early/Latewood Threshold: 500 kg/m3
Attenuation Constant: 3.14

ִִִִִִִִִִִִִִִִִִִִִִִִִִִִִִִִִִִִִִִִִִִִִִִִִִִִִִִִִִִִִִִִִִִִִִִִִִִִִִִ
Core : 23
ֲֲֲִִִִִִִִִִִִִִִִִִִִִִִִִִִִִִִִִִִִִִִִִִִִִִִִִִִִִִִִִִִִִִִִִִִִִִִִִִִִ
       ³Widths (mm)              ³ Areas    ³ Densities (kg/m3)
       ³                         ³ (cm‎)    ³
Ring   ³Outer Ring Erly Late   % ³Incr Total³Ring E/Wd L/Wd Unif  Min  Max  Rng
 # Year³ Rad.      Wood Wood  LW ³          ³mean mean mean
ֱֱֱִִִִִִִִִִִִִִִִִִִִִִִִִִִִִִִִִִִִִִִִִִִִִִִִִִִִִִִִִִִִִִִִִִִִִִִִִִִִ

 1 1992   2.7  2.7  2.7  0.0   0   0.2    0.2 362  362    0    0  257  445  188
 2 1993  16.2 13.5 13.5  0.0   0   8.0    8.2 343  343    0    0  261  450  189
 3 1994  34.2 18.0 16.5  1.5   8  28.5   36.7 354  338  528  190  278  552  274
 4 1995  51.3 17.1 15.6  1.5   8  45.9   82.7 359  340  552  212  284  627  343
 5 1996  65.4 14.1 12.9  1.2   8  51.7  134.4 349  331  549  218  274  619  345
 6 1997  77.1 11.7 10.5  1.2  10  52.4  186.7 374  352  564  212  288  601  313
 7 1998  88.8 11.7 10.5  1.2  10  61.0  247.7 361  336  575  239  271  627  356
 8 1999  99.0 10.2  9.0  1.2  11  60.2  307.9 363  341  533  192  260  571  311
 9 2000 111.3 12.3  9.3  3.0  24  81.3  389.2 379  322  556  234  262  596  334
10 2001 119.4  8.1  6.3  1.8  22  58.7  447.9 373  327  533  206  290  561  271
11 2002 126.9  7.5  6.0  1.5  20  58.0  505.9 387  341  573  232  266  611  345
12 2003 132.9  6.0  4.8  1.2  19  49.0  554.9 432  391  594  203  351  611  260
13 2004 138.0  5.1  4.2  0.9  17  43.4  598.3 400  367  555  188  320  598  278
14 2005 145.2  7.2  5.4  1.8  24  64.1  662.3 424  364  604  240  339  643  304
15 2006 149.4  4.2  3.0  1.2  28  38.9  701.2 440  404  529  125  344  578  234
16 2007 153.3  3.9  3.3  0.6  15  37.1  738.3 412  380  591  211  353  611  258
17 2008 157.2  3.9  2.7  1.2  30  38.0  776.3 439  375  583  208  320  646  326
18 2009 160.8  3.6  2.7  0.9  25  36.0  812.3 415  360  579  219  323  584  261
19 2010 165.0  4.2  3.3  0.9  21  43.0  855.3 417  373  580  207  346  625  279
20 2011 168.0  3.0  2.4  0.6  20  31.4  886.7 443  408  579  171  360  623  263
21 2012 170.7  2.7  1.8  0.9  33  28.7  915.4 466  389  619  230  343  689  346
22 2013 173.4  2.7  1.8  0.9  33  29.2  944.6 465  414  567  153  359  658  299
23 2014 176.4  3.0  2.1  0.9  30  33.0  977.6 444  378  596  218  325  644  319
24 2015 179.1  2.7  1.8  0.9  33  30.2 1007.7 457  382  608  226  351  640  289
25 2016 182.1  3.0  3.0  0.0   0  34.0 1041.8 414  414    0    0  361  472  111

Core Length:  182.1 mm
Core Density: 402 kg/m3
Cross-sectional Density:  400 kg/m3
Early/Latewood Threshold: 500 kg/m3
Attenuation Constant: 3.14

ִִִִִִִִִִִִִִִִִִִִִִִִִִִִִִִִִִִִִִִִִִִִִִִִִִִִִִִִִִִִִִִִִִִִִִִִִִִִִִִ
Core : 24
ֲֲֲִִִִִִִִִִִִִִִִִִִִִִִִִִִִִִִִִִִִִִִִִִִִִִִִִִִִִִִִִִִִִִִִִִִִִִִִִִִִ
       ³Widths (mm)              ³ Areas    ³ Densities (kg/m3)
       ³                         ³ (cm‎)    ³
Ring   ³Outer Ring Erly Late   % ³Incr Total³Ring E/Wd L/Wd Unif  Min  Max  Rng
 # Year³ Rad.      Wood Wood  LW ³          ³mean mean mean
ֱֱֱִִִִִִִִִִִִִִִִִִִִִִִִִִִִִִִִִִִִִִִִִִִִִִִִִִִִִִִִִִִִִִִִִִִִִִִִִִִִ

 1 1992   4.5  4.5  4.5  0.0   0   0.6    0.6 370  370    0    0  320  449  129
 2 1993  14.1  9.6  9.6  0.0   0   5.6    6.2 350  350    0    0  290  459  169
 3 1994  25.5 11.4 10.2  1.2  10  14.2   20.4 379  362  519  157  320  544  224
 4 1995  38.1 12.6 11.7  0.9   7  25.2   45.6 370  356  546  190  279  593  314
 5 1996  46.8  8.7  7.8  0.9  10  23.2   68.8 367  347  540  193  290  583  293
 6 1997  56.4  9.6  9.0  0.6   6  31.1   99.9 365  355  528  173  302  541  239
 7 1998  66.3  9.9  9.0  0.9   9  38.2  138.1 368  351  543  192  287  568  281
 8 1999  74.7  8.4  8.1  0.3   3  37.2  175.3 352  345  536  191  279  536  257
 9 2000  85.2 10.5 10.2  0.3   2  52.7  228.0 336  330  559  229  260  559  299
10 2001  91.8  6.6  6.6  0.0   0  36.7  264.7 338  338    0    0  286  465  179
11 2002  96.9  5.1  4.5  0.6  11  30.2  295.0 338  315  511  196  267  521  254
12 2003 101.7  4.8  4.2  0.6  12  29.9  324.9 400  382  522  140  344  533  189
13 2004 105.6  3.9  3.6  0.3   7  25.4  350.3 362  346  550  204  298  550  252
14 2005 110.4  4.8  4.2  0.6  12  32.6  382.9 377  351  557  206  298  567  269
15 2006 113.4  3.0  2.4  0.6  20  21.1  404.0 423  393  543  150  318  565  247
16 2007 116.4  3.0  2.4  0.6  20  21.7  425.7 412  377  552  175  358  557  199
17 2008 119.1  2.7  2.4  0.3  11  20.0  445.6 402  382  560  178  312  560  248
18 2009 121.5  2.4  2.4  0.0   0  18.1  463.8 375  375    0    0  316  480  164
19 2010 123.3  1.8  1.8  0.0   0  13.8  477.6 400  400    0    0  352  493  141
20 2011 124.8  1.5  1.2  0.3  20  11.7  489.3 420  399  502  103  351  502  151
21 2012 126.0  1.2  1.2  0.0   0   9.5  498.8 436  436    0    0  383  488  105
22 2013 126.9  0.9  0.9  0.0   0   7.2  505.9 432  432    0    0  348  493  145
23 2014 127.8  0.9  0.9  0.0   0   7.2  513.1 418  418    0    0  374  498  124
24 2015 128.4  0.6  0.6  0.0   0   4.8  517.9 437  437    0    0  401  473   72
25 2016 129.0  0.6  0.6  0.0   0   4.9  522.8 429  429    0    0  387  472   85

Core Length:  129.0 mm
Core Density: 386 kg/m3
Cross-sectional Density:  373 kg/m3
Early/Latewood Threshold: 500 kg/m3
Attenuation Constant: 3.14

ִִִִִִִִִִִִִִִִִִִִִִִִִִִִִִִִִִִִִִִִִִִִִִִִִִִִִִִִִִִִִִִִִִִִִִִִִִִִִִִ
Core : 27
ֲֲֲִִִִִִִִִִִִִִִִִִִִִִִִִִִִִִִִִִִִִִִִִִִִִִִִִִִִִִִִִִִִִִִִִִִִִִִִִִִִ
       ³Widths (mm)              ³ Areas    ³ Densities (kg/m3)
       ³                         ³ (cm‎)    ³
Ring   ³Outer Ring Erly Late   % ³Incr Total³Ring E/Wd L/Wd Unif  Min  Max  Rng
 # Year³ Rad.      Wood Wood  LW ³          ³mean mean mean
ֱֱֱִִִִִִִִִִִִִִִִִִִִִִִִִִִִִִִִִִִִִִִִִִִִִִִִִִִִִִִִִִִִִִִִִִִִִִִִִִִִ

 3 1993  14.7 14.7 11.7  0.0   0   6.8    6.8 339  339    0    0  267  486  219
 4 1994  29.1 14.4 13.8  0.6   4  19.8   26.6 339  330  543  213  269  546  277
 5 1995  42.3 13.2 12.6  0.6   4  29.6   56.2 336  326  543  217  247  574  327
 6 1996  51.9  9.6  8.4  1.2  12  28.4   84.6 361  328  593  265  271  649  378
 7 1997  62.7 10.8  9.6  1.2  11  38.9  123.5 350  327  535  208  268  573  305
 8 1998  75.0 12.3 11.1  1.2   9  53.2  176.7 344  324  526  202  252  560  308
 9 1999  84.6  9.6  9.3  0.3   3  48.1  224.8 332  325  550  225  260  550  290
10 2000  98.1 13.5 12.3  1.2   8  77.5  302.3 347  327  546  219  243  582  339
11 2001 107.7  9.6  7.5  2.1  21  62.1  364.4 361  310  543  233  282  580  298
12 2002 117.6  9.9  9.0  0.9   9  70.1  434.5 340  319  550  231  235  586  351
13 2003 124.8  7.2  5.7  1.5  20  54.8  489.3 383  348  516  168  306  536  230
14 2004 133.5  8.7  7.8  0.9  10  70.6  559.9 363  341  553  212  286  574  288
15 2005 142.5  9.0  7.5  1.5  16  78.0  637.9 372  333  566  233  263  611  348
16 2006 148.8  6.3  5.1  1.2  19  57.7  695.6 419  389  546  157  313  590  277
17 2007 154.8  6.0  4.5  1.5  25  57.2  752.8 405  348  576  228  311  622  311
18 2008 161.7  6.9  6.3  0.6   8  68.6  821.4 398  383  562  179  298  577  279
19 2009 165.9  4.2  3.6  0.6  14  43.2  864.7 398  369  577  208  297  615  318
20 2010 172.2  6.3  5.1  1.2  19  66.9  931.6 393  347  591  244  313  659  346
21 2011 176.1  3.9  3.0  0.9  23  42.7  974.2 429  373  617  244  302  691  389
22 2012 179.4  3.3  2.1  1.2  36  36.9 1011.1 457  382  589  207  346  642  296
23 2013 182.4  3.0  2.4  0.6  20  34.1 1045.2 449  407  613  206  328  677  349
24 2014 185.4  3.0  1.8  1.2  40  34.7 1079.9 447  363  572  209  312  644  332
25 2015 188.1  2.7  2.1  0.6  22  31.7 1111.5 459  400  666  266  339  688  349
26 2016 190.8  2.7  2.7  0.0   0  32.1 1143.7 418  418    0    0  350  485  135

Core Length:  187.8 mm
Core Density: 384 kg/m3
Cross-sectional Density:  382 kg/m3
Early/Latewood Threshold: 500 kg/m3
Attenuation Constant: 3.14

ִִִִִִִִִִִִִִִִִִִִִִִִִִִִִִִִִִִִִִִִִִִִִִִִִִִִִִִִִִִִִִִִִִִִִִִִִִִִִִִ
Core : 30
ֲֲֲִִִִִִִִִִִִִִִִִִִִִִִִִִִִִִִִִִִִִִִִִִִִִִִִִִִִִִִִִִִִִִִִִִִִִִִִִִִִ
       ³Widths (mm)              ³ Areas    ³ Densities (kg/m3)
       ³                         ³ (cm‎)    ³
Ring   ³Outer Ring Erly Late   % ³Incr Total³Ring E/Wd L/Wd Unif  Min  Max  Rng
 # Year³ Rad.      Wood Wood  LW ³          ³mean mean mean
ֱֱֱִִִִִִִִִִִִִִִִִִִִִִִִִִִִִִִִִִִִִִִִִִִִִִִִִִִִִִִִִִִִִִִִִִִִִִִִִִִִ

 1 1992   6.3  6.3  6.3  0.0   0   1.2    1.2 318  318    0    0  239  413  174
 2 1993  16.8 10.5 10.2  0.3   2   7.6    8.9 317  312  505  193  261  505  244
 3 1994  30.3 13.5 12.3  1.2   8  20.0   28.8 343  325  532  207  269  561  292
 4 1995  43.8 13.5 12.6  0.9   6  31.4   60.3 321  305  553  248  245  573  328
 5 1996  54.3 10.5  9.3  1.2  11  32.4   92.6 346  318  562  244  268  603  335
 6 1997  66.3 12.0 11.1  0.9   7  45.5  138.1 345  328  560  232  274  592  318
 7 1998  78.9 12.6 11.4  1.2   9  57.5  195.6 354  334  538  204  273  563  290
 8 1999  90.3 11.4 11.1  0.3   2  60.6  256.2 348  342  556  214  276  556  280
 9 2000 104.1 13.8 11.4  2.4  17  84.3  340.4 351  313  532  219  253  559  306
10 2001 113.7  9.6  8.4  1.2  12  65.7  406.1 352  324  549  225  275  554  279
11 2002 124.2 10.5 10.5  0.0   0  78.5  484.6 320  320    0    0  241  495  254
12 2003 132.0  7.8  6.9  0.9  11  62.8  547.4 355  329  549  220  269  569  300
13 2004 140.4  8.4  7.5  0.9  10  71.9  619.3 347  326  526  200  266  543  277
14 2005 150.9 10.5  9.3  1.2  11  96.1  715.4 339  314  531  217  263  563  300
15 2006 159.6  8.7  7.5  1.2  13  84.9  800.2 368  341  541  200  285  583  298
16 2007 167.7  8.1  7.5  0.6   7  83.3  883.5 342  324  571  247  279  580  301
17 2008 175.5  7.8  6.9  0.9  11  84.1  967.6 376  355  534  179  284  549  265
18 2009 182.4  6.9  6.3  0.6   8  77.6 1045.2 364  345  573  228  276  583  307
19 2010 189.6  7.2  6.3  0.9  12  84.1 1129.3 372  339  598  259  290  635  345
20 2011 195.9  6.3  5.1  1.2  19  76.3 1205.6 406  362  594  232  312  673  361
21 2012 203.1  7.2  5.4  1.8  25  90.3 1295.9 407  359  551  192  312  619  307
22 2013 208.2  5.1  4.2  0.9  17  65.9 1361.8 405  364  593  229  316  654  338
23 2014 214.2  6.0  4.5  1.5  25  79.6 1441.4 394  344  541  197  290  585  295
24 2015 219.9  5.7  4.8  0.9  15  77.7 1519.1 382  341  600  259  298  615  317
25 2016 225.9  6.0  5.1  0.9  15  84.0 1603.2 394  365  559  194  321  576  255

Core Length:  225.9 mm
Core Density: 358 kg/m3
Cross-sectional Density:  364 kg/m3
Early/Latewood Threshold: 500 kg/m3
Attenuation Constant: 3.14

ִִִִִִִִִִִִִִִִִִִִִִִִִִִִִִִִִִִִִִִִִִִִִִִִִִִִִִִִִִִִִִִִִִִִִִִִִִִִִִִ
Core : 31
ֲֲֲִִִִִִִִִִִִִִִִִִִִִִִִִִִִִִִִִִִִִִִִִִִִִִִִִִִִִִִִִִִִִִִִִִִִִִִִִִִִ
       ³Widths (mm)              ³ Areas    ³ Densities (kg/m3)
       ³                         ³ (cm‎)    ³
Ring   ³Outer Ring Erly Late   % ³Incr Total³Ring E/Wd L/Wd Unif  Min  Max  Rng
 # Year³ Rad.      Wood Wood  LW ³          ³mean mean mean
ֱֱֱִִִִִִִִִִִִִִִִִִִִִִִִִִִִִִִִִִִִִִִִִִִִִִִִִִִִִִִִִִִִִִִִִִִִִִִִִִִִ

 3 1993  14.8 14.8  9.6  1.2   8   6.9    6.9 380  362  523  161  313  546  233
 4 1994  30.1 15.3 13.5  1.8  11  21.6   28.5 379  353  579  226  290  613  323
 5 1995  45.1 15.0 13.2  1.8  11  35.4   63.9 395  364  618  254  310  672  362
 6 1996  56.8 11.7  9.9  1.8  15  37.5  101.4 406  370  601  231  329  680  351
 7 1997  67.6 10.8  9.0  1.8  16  42.2  143.6 416  383  582  199  325  645  320
 8 1998  77.2  9.6  6.3  3.3  34  43.7  187.2 442  366  587  221  328  670  342
 9 1999  87.4 10.2  8.7  1.5  14  52.7  240.0 404  378  560  182  332  668  336
10 2000  99.1 11.7  9.3  2.4  20  68.6  308.5 383  339  553  214  287  653  366
11 2001 107.5  8.4  7.2  1.2  14  54.5  363.1 389  351  615  264  315  636  321
12 2002 115.6  8.1  6.3  1.8  22  56.8  419.8 405  354  585  231  306  654  348
13 2003 122.2  6.6  5.1  1.5  22  49.3  469.1 446  411  565  154  368  637  269
14 2004 128.2  6.0  4.8  1.2  19  47.2  516.3 445  410  584  174  352  671  319
15 2005 134.5  6.3  5.4  0.9  14  52.0  568.3 420  385  633  248  338  676  338
16 2006 139.3  4.8  3.6  1.2  24  41.3  609.6 456  405  609  204  325  651  326
17 2007 144.4  5.1  3.9  1.2  23  45.5  655.1 455  408  607  199  352  689  337
18 2008 148.9  4.5  3.0  1.5  33  41.5  696.5 474  409  604  195  348  656  308
19 2009 153.4  4.5  3.6  0.9  20  42.7  739.3 418  368  615  247  319  672  353
20 2010 157.0  3.6  3.0  0.6  16  35.1  774.4 416  379  604  225  344  612  268
21 2011 159.7  2.7  1.8  0.9  33  26.9  801.2 469  393  619  226  359  681  322
22 2012 163.9  4.2  2.4  1.8  42  42.7  843.9 487  379  630  251  344  727  383
23 2013 167.2  3.3  2.1  1.2  36  34.3  878.3 474  395  614  219  353  678  325
24 2014 170.8  3.6  2.1  1.5  41  38.2  916.5 459  372  581  209  330  684  354
25 2015 174.1  3.3  2.7  0.6  18  35.8  952.2 443  395  657  262  351  659  308
26 2016 178.0  3.9  1.8  2.1  53  43.1  995.4 527  415  624  209  349  669  320

Core Length:  174.0 mm
Core Density: 432 kg/m3
Cross-sectional Density:  432 kg/m3
Early/Latewood Threshold: 500 kg/m3
Attenuation Constant: 3.14

ִִִִִִִִִִִִִִִִִִִִִִִִִִִִִִִִִִִִִִִִִִִִִִִִִִִִִִִִִִִִִִִִִִִִִִִִִִִִִִִ
Core : 39
ֲֲֲִִִִִִִִִִִִִִִִִִִִִִִִִִִִִִִִִִִִִִִִִִִִִִִִִִִִִִִִִִִִִִִִִִִִִִִִִִִִ
       ³Widths (mm)              ³ Areas    ³ Densities (kg/m3)
       ³                         ³ (cm‎)    ³
Ring   ³Outer Ring Erly Late   % ³Incr Total³Ring E/Wd L/Wd Unif  Min  Max  Rng
 # Year³ Rad.      Wood Wood  LW ³          ³mean mean mean
ֱֱֱִִִִִִִִִִִִִִִִִִִִִִִִִִִִִִִִִִִִִִִִִִִִִִִִִִִִִִִִִִִִִִִִִִִִִִִִִִִִ

 3 1994  11.1 11.1 10.2  0.9   8   3.9    3.9 356  339  546  207  264  583  319
 4 1995  24.0 12.9 12.0  0.9   6  14.2   18.1 346  329  574  245  267  621  354
 5 1996  33.0  9.0  7.8  1.2  13  16.1   34.2 369  339  560  221  304  652  348
 6 1997  43.2 10.2  9.0  1.2  11  24.4   58.6 378  349  591  242  293  641  348
 7 1998  51.3  8.1  6.6  1.5  18  24.0   82.7 399  355  594  239  289  654  365
 8 1999  58.2  6.9  6.3  0.6   8  23.7  106.4 357  337  567  230  272  634  362
 9 2000  68.1  9.9  8.1  1.8  18  39.3  145.7 354  309  554  245  239  590  351
10 2001  73.8  5.7  4.8  0.9  15  25.4  171.1 390  360  553  193  324  574  250
11 2002  81.0  7.2  5.4  1.8  25  35.0  206.1 388  329  563  234  273  618  345
12 2003  85.8  4.8  3.9  0.9  18  25.2  231.3 424  393  562  169  345  590  245
13 2004  90.9  5.1  3.9  1.2  23  28.3  259.6 425  374  592  218  311  652  341
14 2005  95.4  4.5  3.3  1.2  26  26.3  285.9 443  383  609  226  346  674  328
15 2006 100.2  4.8  3.0  1.8  37  29.5  315.4 489  434  580  146  355  635  280
16 2007 104.7  4.5  3.3  1.2  26  29.0  344.4 449  400  585  185  372  604  232
17 2008 109.2  4.5  3.0  1.5  33  30.2  374.6 449  391  567  176  344  674  330
18 2009 113.1  3.9  3.0  0.9  23  27.2  401.9 427  378  592  214  350  622  272
19 2010 117.3  4.2  3.3  0.9  21  30.4  432.3 437  392  600  208  360  655  295
20 2011 120.0  2.7  1.8  0.9  33  20.1  452.4 461  392  601  209  368  649  281
21 2012 122.1  2.1  1.2  0.9  42  16.0  468.4 481  403  586  183  391  637  246

Core Length:  122.4 mm
Core Density: 411 kg/m3
Cross-sectional Density:  414 kg/m3
Early/Latewood Threshold: 500 kg/m3
Attenuation Constant: 3.14

ִִִִִִִִִִִִִִִִִִִִִִִִִִִִִִִִִִִִִִִִִִִִִִִִִִִִִִִִִִִִִִִִִִִִִִִִִִִִִִִ
Core : 40
ֲֲֲִִִִִִִִִִִִִִִִִִִִִִִִִִִִִִִִִִִִִִִִִִִִִִִִִִִִִִִִִִִִִִִִִִִִִִִִִִִִ
       ³Widths (mm)              ³ Areas    ³ Densities (kg/m3)
       ³                         ³ (cm‎)    ³
Ring   ³Outer Ring Erly Late   % ³Incr Total³Ring E/Wd L/Wd Unif  Min  Max  Rng
 # Year³ Rad.      Wood Wood  LW ³          ³mean mean mean
ֱֱֱִִִִִִִִִִִִִִִִִִִִִִִִִִִִִִִִִִִִִִִִִִִִִִִִִִִִִִִִִִִִִִִִִִִִִִִִִִִִ

 1 1992   4.5  4.5  4.5  0.0   0   0.6    0.6 362  362    0    0  313  420  107
 2 1993  15.0 10.5  9.9  0.6   5   6.4    7.1 385  377  524  147  292  529  237
 3 1994  29.1 14.1 12.6  1.5  10  19.5   26.6 393  373  563  190  329  602  273
 4 1995  43.5 14.4 12.9  1.5  10  32.8   59.4 409  386  605  219  328  639  311
 5 1996  55.2 11.7 10.5  1.2  10  36.3   95.7 413  393  592  199  353  644  291
 6 1997  67.8 12.6 10.5  2.1  16  48.7  144.4 433  406  566  160  356  618  262
 7 1998  80.1 12.3  8.7  3.6  29  57.2  201.6 456  405  579  174  358  645  287
 8 1999  90.6 10.5  8.4  2.1  20  56.3  257.9 445  414  565  151  363  600  237
 9 2000 103.5 12.9 10.2  2.7  20  78.7  336.5 434  395  581  186  356  659  303
10 2001 111.6  8.1  6.6  1.5  18  54.7  391.3 442  406  601  195  374  670  296
11 2002 120.3  8.7  6.6  2.1  24  63.4  454.7 428  378  586  208  335  651  316
12 2003 126.9  6.6  4.8  1.8  27  51.3  505.9 467  423  585  162  383  657  274
13 2004 133.8  6.9  5.4  1.5  21  56.5  562.4 447  414  569  155  368  657  289
14 2005 140.1  6.3  5.1  1.2  19  54.2  616.6 440  398  618  220  363  661  298
15 2006 144.3  4.2  1.8  2.4  57  37.5  654.2 521  434  587  153  385  690  305
16 2007 149.7  5.4  3.6  1.8  33  49.9  704.0 488  430  603  173  402  680  278
17 2008 154.5  4.8  3.0  1.8  37  45.9  749.9 486  430  579  149  377  682  305
18 2009 159.3  4.8  3.6  1.2  24  47.3  797.2 459  408  613  205  358  726  368
19 2010 164.1  4.8  3.3  1.5  31  48.8  846.0 483  434  592  158  408  666  258
20 2011 167.1  3.0  1.5  1.5  50  31.2  877.2 537  455  620  165  423  743  320
21 2012 171.0  3.9  2.4  1.5  38  41.4  918.6 527  460  634  174  427  693  266
22 2013 174.0  3.0  1.8  1.2  40  32.5  951.1 498  452  568  116  407  668  261
23 2014 177.9  3.9  2.4  1.5  38  43.1  994.3 497  421  620  199  380  709  329
24 2015 181.5  3.6  2.4  1.2  33  40.6 1034.9 495  442  601  159  413  671  258
25 2016 185.1  3.6  1.8  1.8  49  41.5 1076.4 507  438  576  138  401  679  278

Core Length:  185.1 mm
Core Density: 458 kg/m3
Cross-sectional Density:  462 kg/m3
Early/Latewood Threshold: 500 kg/m3
Attenuation Constant: 3.14

ִִִִִִִִִִִִִִִִִִִִִִִִִִִִִִִִִִִִִִִִִִִִִִִִִִִִִִִִִִִִִִִִִִִִִִִִִִִִִִִ
Core : 41
ֲֲֲִִִִִִִִִִִִִִִִִִִִִִִִִִִִִִִִִִִִִִִִִִִִִִִִִִִִִִִִִִִִִִִִִִִִִִִִִִִִ
       ³Widths (mm)              ³ Areas    ³ Densities (kg/m3)
       ³                         ³ (cm‎)    ³
Ring   ³Outer Ring Erly Late   % ³Incr Total³Ring E/Wd L/Wd Unif  Min  Max  Rng
 # Year³ Rad.      Wood Wood  LW ³          ³mean mean mean
ֱֱֱִִִִִִִִִִִִִִִִִִִִִִִִִִִִִִִִִִִִִִִִִִִִִִִִִִִִִִִִִִִִִִִִִִִִִִִִִִִִ

 1 1992   4.8  4.8  4.8  0.0   0   0.7    0.7 327  327    0    0  273  370   97
 2 1993  15.3 10.5 10.5  0.0   0   6.6    7.4 317  317    0    0  265  445  180
 3 1994  30.0 14.7 14.1  0.6   4  20.9   28.3 324  315  537  222  255  547  292
 4 1995  43.2 13.2 12.0  1.2   9  30.4   58.6 348  323  591  268  249  644  395
 5 1996  55.5 12.3 11.1  1.2   9  38.1   96.8 350  328  555  227  273  591  318
 6 1997  66.6 11.1 10.5  0.6   5  42.6  139.3 350  341  518  177  278  533  255
 7 1998  76.5  9.9  9.0  0.9   9  44.5  183.9 377  360  547  187  284  575  291
 8 1999  87.3 10.8  9.6  1.2  11  55.6  239.4 374  355  523  168  289  552  263
 9 2000 100.2 12.9 12.0  0.9   6  76.0  315.4 360  345  555  210  272  594  322
10 2001 107.7  7.5  6.6  0.9  12  49.0  364.4 377  352  563  211  294  595  301
11 2002 115.8  8.1  7.2  0.9  11  56.9  421.3 368  346  541  195  272  557  285
12 2003 121.2  5.4  4.5  0.9  16  40.2  461.5 410  383  549  166  336  562  226
13 2004 127.5  6.3  5.4  0.9  14  49.2  510.7 408  384  556  172  309  601  292
14 2005 134.1  6.6  5.1  1.5  22  54.2  564.9 398  342  590  248  302  642  340
15 2006 138.6  4.5  3.6  0.9  20  38.6  603.5 424  399  525  126  303  549  246
16 2007 144.3  5.7  4.5  1.2  21  50.7  654.2 408  363  577  214  323  611  288
17 2008 149.1  4.8  3.6  1.2  24  44.2  698.4 412  370  539  169  315  565  250
18 2009 153.6  4.5  3.6  0.9  20  42.8  741.2 390  347  564  217  314  581  267
19 2010 159.3  5.7  4.5  1.2  21  56.0  797.2 423  376  597  221  325  643  318
20 2011 163.2  3.9  3.0  0.9  23  39.5  836.7 441  401  574  173  345  650  305
21 2012 167.4  4.2  3.3  0.9  21  43.6  880.4 451  408  607  199  368  640  272
22 2013 171.0  3.6  2.4  1.2  33  38.3  918.6 453  395  571  176  335  623  288
23 2014 174.3  3.3  2.1  1.2  36  35.8  954.4 462  390  589  199  326  646  320
24 2015 177.9  3.6  2.4  1.2  33  39.8  994.3 472  405  608  203  333  659  326
25 2016 182.4  4.5  2.7  1.8  40  50.9 1045.2 497  421  610  189  352  686  334

Core Length:  182.4 mm
Core Density: 396 kg/m3
Cross-sectional Density:  402 kg/m3
Early/Latewood Threshold: 500 kg/m3
Attenuation Constant: 3.14

ִִִִִִִִִִִִִִִִִִִִִִִִִִִִִִִִִִִִִִִִִִִִִִִִִִִִִִִִִִִִִִִִִִִִִִִִִִִִִִִ
Core : 51
ֲֲֲִִִִִִִִִִִִִִִִִִִִִִִִִִִִִִִִִִִִִִִִִִִִִִִִִִִִִִִִִִִִִִִִִִִִִִִִִִִִ
       ³Widths (mm)              ³ Areas    ³ Densities (kg/m3)
       ³                         ³ (cm‎)    ³
Ring   ³Outer Ring Erly Late   % ³Incr Total³Ring E/Wd L/Wd Unif  Min  Max  Rng
 # Year³ Rad.      Wood Wood  LW ³          ³mean mean mean
ֱֱֱִִִִִִִִִִִִִִִִִִִִִִִִִִִִִִִִִִִִִִִִִִִִִִִִִִִִִִִִִִִִִִִִִִִִִִִִִִִִ

 3 1993  22.9 22.9 15.9  0.0   0  16.5   16.5 328  328    0    0  272  496  224
 4 1994  41.8 18.9 18.3  0.6   3  38.4   54.9 331  325  524  199  270  527  257
 5 1995  61.9 20.1 18.6  1.5   7  65.5  120.4 341  325  538  213  272  565  293
 6 1996  78.1 16.2 15.0  1.2   7  71.3  191.6 355  340  543  203  287  575  288
 7 1997  94.9 16.8 15.3  1.5   8  91.3  282.9 362  343  552  209  265  587  322
 8 1998 109.6 14.7 12.9  1.8  12  94.4  377.4 362  336  550  214  281  584  303
 9 1999 121.3 11.7 10.2  1.5  12  84.9  462.2 376  353  534  181  278  590  312
10 2000 136.6 15.3 12.9  2.4  15 124.0  586.2 357  325  531  206  259  559  300
11 2001 147.4 10.8  9.3  1.5  13  96.4  682.6 355  318  582  264  271  642  371
12 2002 158.5 11.1  9.6  1.5  13 106.7  789.2 339  308  535  227  238  574  336
13 2003 166.9  8.4  7.2  1.2  14  85.9  875.1 356  324  547  223  278  559  281
14 2004 175.6  8.7  8.1  0.6   6  93.6  968.7 357  343  550  207  259  571  312
15 2005 183.7  8.1  6.9  1.2  14  91.4 1060.2 335  296  558  262  250  594  344
16 2006 190.3  6.6  6.0  0.6   9  77.5 1137.7 371  351  573  222  258  576  318
17 2007 197.2  6.9  6.3  0.6   8  84.0 1221.7 332  309  569  260  253  596  343
18 2008 203.8  6.6  5.4  1.2  18  83.1 1304.8 369  335  524  189  265  540  275
19 2009 210.1  6.3  4.8  1.5  23  81.9 1386.8 356  300  535  235  242  606  364
20 2010 216.4  6.3  5.4  0.9  14  84.4 1471.2 358  324  561  237  275  627  352
21 2011 221.5  5.1  4.2  0.9  17  70.2 1541.3 365  328  539  211  283  565  282
22 2012 226.6  5.1  4.2  0.9  17  71.8 1613.1 363  324  541  217  275  572  297
23 2013 230.8  4.2  3.0  1.2  28  60.4 1673.5 396  329  562  233  293  601  308
24 2014 236.5  5.7  4.5  1.2  21  83.7 1757.2 381  339  542  203  275  591  316
25 2015 241.9  5.4  4.5  0.9  16  81.2 1838.3 363  324  556  232  279  624  345
26 2016 247.6  5.7  5.1  0.6  10  87.7 1926.0 378  357  554  197  291  574  283

Core Length:  240.6 mm
Core Density: 357 kg/m3
Cross-sectional Density:  358 kg/m3
Early/Latewood Threshold: 500 kg/m3
Attenuation Constant: 3.14

ִִִִִִִִִִִִִִִִִִִִִִִִִִִִִִִִִִִִִִִִִִִִִִִִִִִִִִִִִִִִִִִִִִִִִִִִִִִִִִִ
Core : 55
ֲֲֲִִִִִִִִִִִִִִִִִִִִִִִִִִִִִִִִִִִִִִִִִִִִִִִִִִִִִִִִִִִִִִִִִִִִִִִִִִִִ
       ³Widths (mm)              ³ Areas    ³ Densities (kg/m3)
       ³                         ³ (cm‎)    ³
Ring   ³Outer Ring Erly Late   % ³Incr Total³Ring E/Wd L/Wd Unif  Min  Max  Rng
 # Year³ Rad.      Wood Wood  LW ³          ³mean mean mean
ֱֱֱִִִִִִִִִִִִִִִִִִִִִִִִִִִִִִִִִִִִִִִִִִִִִִִִִִִִִִִִִִִִִִִִִִִִִִִִִִִִ

 1 1992   5.4  5.4  5.4  0.0   0   0.9    0.9 358  358    0    0  325  409   84
 2 1993  17.4 12.0 12.0  0.0   0   8.6    9.5 331  331    0    0  269  478  209
 3 1994  36.3 18.9 17.7  1.2   6  31.9   41.4 326  313  517  204  247  528  281
 4 1995  54.0 17.7 17.1  0.6   3  50.2   91.6 336  329  556  227  237  587  350
 5 1996  68.7 14.7 13.8  0.9   6  56.7  148.3 340  326  562  236  255  598  343
 6 1997  83.4 14.7 13.8  0.9   6  70.2  218.5 364  352  539  187  286  549  263
 7 1998  96.3 12.9 10.8  2.1  16  72.8  291.3 379  350  531  181  285  561  276
 8 1999 108.3 12.0 11.1  0.9   7  77.1  368.5 363  349  535  186  270  560  290
 9 2000 123.6 15.3 14.1  1.2   7 111.5  479.9 363  348  541  193  260  577  317
10 2001 133.2  9.6  8.4  1.2  12  77.4  557.4 344  319  516  197  283  524  241
11 2002 140.4  7.2  6.0  1.2  16  61.9  619.3 349  311  541  230  241  578  337
12 2003 147.3  6.9  6.0  0.9  13  62.4  681.6 370  342  557  215  287  587  300
13 2004 153.9  6.6  6.3  0.3   4  62.5  744.1 352  342  564  222  271  564  293
14 2005 160.2  6.3  5.4  0.9  14  62.2  806.3 357  320  579  259  288  623  335
15 2006 164.7  4.5  4.2  0.3   6  45.9  852.2 393  376  630  254  281  630  349
16 2007 169.2  4.5  4.2  0.3   6  47.2  899.4 356  335  641  306  299  641  342
17 2008 173.4  4.2  3.3  0.9  21  45.2  944.6 371  326  535  209  277  555  278
18 2009 177.3  3.9  3.3  0.6  15  43.0  987.6 338  304  523  219  255  546  291
19 2010 180.9  3.6  3.3  0.3   8  40.5 1028.1 351  335  520  185  294  520  226
20 2011 183.6  2.7  2.1  0.6  22  30.9 1059.0 411  368  562  194  304  575  271
21 2012 187.8  4.2  4.2  0.0   0  49.0 1108.0 374  374    0    0  277  499  222
22 2013 190.5  2.7  2.4  0.3  11  32.1 1140.1 373  356  509  153  290  509  219
23 2014 192.6  2.1  1.8  0.3  14  25.3 1165.4 385  352  581  229  306  581  275
24 2015 195.3  2.7  2.4  0.3  11  32.9 1198.3 384  355  609  254  301  609  308
25 2016 199.2  3.9  3.3  0.6  15  48.3 1246.6 400  376  534  158  311  541  230

Core Length:  199.2 mm
Core Density: 362 kg/m3
Cross-sectional Density:  362 kg/m3
Early/Latewood Threshold: 500 kg/m3
Attenuation Constant: 3.14

