File : C:\DENSITOM\KINLEI~1\ATIA8.DAT
Cores :
1
5
10
12
15
21
25
26
30
34
40
49

ִִִִִִִִִִִִִִִִִִִִִִִִִִִִִִִִִִִִִִִִִִִִִִִִִִִִִִִִִִִִִִִִִִִִִִִִִִִִִִִ
Core : 1
ֲֲֲִִִִִִִִִִִִִִִִִִִִִִִִִִִִִִִִִִִִִִִִִִִִִִִִִִִִִִִִִִִִִִִִִִִִִִִִִִִִ
       ³Widths (mm)              ³ Areas    ³ Densities (kg/m3)
       ³                         ³ (cm‎)    ³
Ring   ³Outer Ring Erly Late   % ³Incr Total³Ring E/Wd L/Wd Unif  Min  Max  Rng
 # Year³ Rad.      Wood Wood  LW ³          ³mean mean mean
ֱֱֱִִִִִִִִִִִִִִִִִִִִִִִִִִִִִִִִִִִִִִִִִִִִִִִִִִִִִִִִִִִִִִִִִִִִִִִִִִִִ

 2 1992   4.5  4.5  4.5  0.0   0   0.6    0.6 363  363    0    0  184  468  284
 3 1993  18.9 14.4 12.9  1.5  10  10.6   11.2 395  377  550  173  333  584  251
 4 1994  42.0 23.1 20.4  2.7  11  44.2   55.4 387  364  561  197  308  634  326
 5 1995  62.7 20.7 19.2  1.5   7  68.1  123.5 389  375  562  187  313  631  318
 6 1996  81.6 18.9 15.9  3.0  15  85.7  209.2 428  400  576  176  334  682  348
 7 1997 100.5 18.9 15.0  3.9  20 108.1  317.3 413  381  540  159  327  589  262
 8 1998 117.9 17.4 13.5  3.9  22 119.4  436.7 415  378  542  164  305  572  267
 9 1999 128.1 10.2  6.9  3.3  32  78.8  515.5 438  375  569  194  308  606  298
10 2000 135.0  6.9  5.1  1.8  26  57.0  572.6 419  360  589  229  301  638  337
11 2001 140.7  5.7  3.9  1.8  31  49.4  621.9 435  368  580  212  309  620  311
12 2002 145.2  4.5  3.3  1.2  26  40.4  662.3 444  360  675  315  305  720  415
13 2003 150.3  5.1  2.7  2.4  47  47.3  709.7 488  395  591  196  352  665  313
14 2004 154.2  3.9  2.7  1.2  30  37.3  747.0 465  383  651  268  354  679  325
15 2005 157.8  3.6  2.4  1.2  33  35.3  782.3 469  393  622  229  338  681  343
16 2006 160.8  3.0  2.1  0.9  30  30.0  812.3 475  409  630  221  328  688  360
17 2007 162.0  1.2  0.9  0.3  25  12.2  824.5 491  431  672  241  396  672  276
18 2008 163.2  1.2  0.3  0.9  74  12.3  836.7 564  366  631  265  366  692  326
19 2009 164.7  1.5  0.9  0.6  40  15.5  852.2 536  427  700  273  393  714  321
20 2010 165.9  1.2  0.3  0.9  75  12.5  864.7 503  382  544  162  382  576  194
21 2011 167.1  1.2  0.3  0.9  75  12.6  877.2 546  478  569   91  478  598  120
22 2012 168.9  1.8  0.9  0.9  49  19.0  896.2 531  422  640  218  379  695  316
23 2013 170.7  1.8  1.2  0.6  33  19.2  915.4 510  425  682  257  354  707  353
24 2014 172.8  2.1  1.2  0.9  42  22.7  938.1 507  403  647  244  370  701  331

Core Length:  173.4 mm
Core Density: 461 kg/m3
Cross-sectional Density:  440 kg/m3
Early/Latewood Threshold: 500 kg/m3
Attenuation Constant: 3.07

ִִִִִִִִִִִִִִִִִִִִִִִִִִִִִִִִִִִִִִִִִִִִִִִִִִִִִִִִִִִִִִִִִִִִִִִִִִִִִִִ
Core : 5
ֲֲֲִִִִִִִִִִִִִִִִִִִִִִִִִִִִִִִִִִִִִִִִִִִִִִִִִִִִִִִִִִִִִִִִִִִִִִִִִִִִ
       ³Widths (mm)              ³ Areas    ³ Densities (kg/m3)
       ³                         ³ (cm‎)    ³
Ring   ³Outer Ring Erly Late   % ³Incr Total³Ring E/Wd L/Wd Unif  Min  Max  Rng
 # Year³ Rad.      Wood Wood  LW ³          ³mean mean mean
ֱֱֱִִִִִִִִִִִִִִִִִִִִִִִִִִִִִִִִִִִִִִִִִִִִִִִִִִִִִִִִִִִִִִִִִִִִִִִִִִִִ

 1 1992   4.6  4.6  3.6  0.0   0   0.7    0.7 440  440    0    0  367  498  131
 2 1993  32.5 27.9 27.9  0.0   0  32.5   33.2 346  346    0    0  263  499  236
 3 1994  58.6 26.1 23.7  2.4   9  74.7  107.9 363  346  528  182  275  539  264
 4 1995  83.5 24.9 22.5  2.4   9 111.2  219.0 382  365  539  174  313  579  266
 5 1996  99.7 16.2 15.0  1.2   7  93.2  312.3 393  381  534  153  325  570  245
 6 1997 113.2 13.5 10.5  3.0  22  90.3  402.6 405  368  532  164  296  595  299
 7 1998 124.9 11.7  9.0  2.7  23  87.5  490.1 402  361  539  178  270  585  315
 8 1999 138.1 13.2 12.3  0.9   6 109.1  599.2 399  390  510  120  289  518  229
 9 2000 148.6 10.5  7.8  2.7  25  94.6  693.7 407  365  529  164  285  556  271
10 2001 158.5  9.9  9.0  0.9   9  95.5  789.2 388  375  517  142  259  547  288
11 2002 168.1  9.6  7.5  2.1  21  98.5  887.7 395  351  553  202  269  582  313
12 2003 176.5  8.4  6.3  2.1  25  90.9  978.7 399  356  530  174  313  607  294
13 2004 183.4  6.9  6.6  0.3   4  78.0 1056.7 372  365  511  146  292  511  219
14 2005 190.9  7.5  6.3  1.2  16  88.2 1144.9 386  361  517  156  272  551  279
15 2006 196.0  5.1  5.1  0.0   0  62.0 1206.9 333  333    0    0  258  431  173
16 2007 200.2  4.2  4.2  0.0   0  52.3 1259.2 365  365    0    0  245  496  251
17 2008 204.7  4.5  3.6  0.9  20  57.2 1316.4 392  356  538  182  273  566  293
18 2009 210.1  5.4  5.1  0.3   5  70.4 1386.8 367  359  507  148  285  507  222
19 2010 214.0  3.9  3.6  0.3   7  52.0 1438.7 373  361  521  160  282  521  239
20 2011 216.4  2.4  2.4  0.0   0  32.5 1471.2 377  377    0    0  274  494  220
21 2012 219.1  2.7  2.4  0.3  11  36.9 1508.1 358  338  518  180  273  518  245
22 2013 221.2  2.1  1.8  0.3  14  29.0 1537.2 369  345  513  168  279  513  234
23 2014 223.6  2.4  1.8  0.6  25  33.5 1570.7 391  350  514  164  283  524  241

Core Length:  222.6 mm
Core Density: 382 kg/m3
Cross-sectional Density:  384 kg/m3
Early/Latewood Threshold: 500 kg/m3
Attenuation Constant: 3.07

ִִִִִִִִִִִִִִִִִִִִִִִִִִִִִִִִִִִִִִִִִִִִִִִִִִִִִִִִִִִִִִִִִִִִִִִִִִִִִִִ
Core : 10
ֲֲֲִִִִִִִִִִִִִִִִִִִִִִִִִִִִִִִִִִִִִִִִִִִִִִִִִִִִִִִִִִִִִִִִִִִִִִִִִִִִ
       ³Widths (mm)              ³ Areas    ³ Densities (kg/m3)
       ³                         ³ (cm‎)    ³
Ring   ³Outer Ring Erly Late   % ³Incr Total³Ring E/Wd L/Wd Unif  Min  Max  Rng
 # Year³ Rad.      Wood Wood  LW ³          ³mean mean mean
ֱֱֱִִִִִִִִִִִִִִִִִִִִִִִִִִִִִִִִִִִִִִִִִִִִִִִִִִִִִִִִִִִִִִִִִִִִִִִִִִִִ

 3 1993  21.8 21.8 14.1  2.7  12  14.9   14.9 423  400  543  143  357  604  247
 4 1994  43.4 21.6 18.9  2.7  12  44.2   59.2 413  396  535  139  332  574  242
 5 1995  61.4 18.0 15.6  2.4  13  59.3  118.4 421  398  571  173  328  638  310
 6 1996  77.9 16.5 12.9  3.6  21  72.2  190.6 450  419  560  141  322  621  299
 7 1997  95.0 17.1 13.5  3.6  21  92.9  283.5 436  407  545  138  318  574  256
 8 1998 108.2 13.2  9.6  3.6  27  84.3  367.8 430  390  537  147  316  579  263
 9 1999 119.0 10.8  8.7  2.1  19  77.1  444.9 429  403  538  135  327  567  240
10 2000 129.2 10.2  6.9  3.3  32  79.5  524.4 432  370  560  190  297  599  302
11 2001 135.5  6.3  4.5  1.8  28  52.4  576.8 453  399  586  187  316  622  306
12 2002 142.7  7.2  4.5  2.7  37  62.9  639.7 459  378  595  217  286  652  366
13 2003 153.5 10.8  6.3  4.5  41 100.5  740.2 466  387  576  189  339  660  321
14 2004 161.6  8.1  5.7  2.4  29  80.2  820.4 435  376  574  198  334  604  270
15 2005 169.1  7.5  5.4  2.1  28  77.9  898.3 447  393  586  193  348  639  291
16 2006 176.9  7.8  4.8  3.0  38  84.8  983.1 451  399  535  136  342  576  234
17 2007 185.0  8.1  4.8  3.3  40  92.1 1075.2 468  391  580  189  343  602  259
18 2008 194.3  9.3  4.8  4.5  48 110.8 1186.0 481  385  585  200  336  657  321
19 2009 202.7  8.4  4.8  3.6  42 104.8 1290.8 471  389  580  191  325  630  305
20 2010 210.2  7.5  4.2  3.3  44  97.3 1388.1 495  406  608  202  350  691  341
21 2011 217.4  7.2  3.9  3.3  45  96.7 1484.8 490  409  586  177  352  634  282
22 2012 221.3  3.9  2.4  1.5  38  53.8 1538.6 482  396  620  224  342  671  329
23 2013 226.1  4.8  2.1  2.7  56  67.5 1606.0 522  415  605  190  378  677  299
24 2014 230.3  4.2  0.9  3.3  78  60.2 1666.2 581  431  621  190  402  661  259

Core Length:  225.9 mm
Core Density: 460 kg/m3
Cross-sectional Density:  462 kg/m3
Early/Latewood Threshold: 500 kg/m3
Attenuation Constant: 3.07

ִִִִִִִִִִִִִִִִִִִִִִִִִִִִִִִִִִִִִִִִִִִִִִִִִִִִִִִִִִִִִִִִִִִִִִִִִִִִִִִ
Core : 12
ֲֲֲִִִִִִִִִִִִִִִִִִִִִִִִִִִִִִִִִִִִִִִִִִִִִִִִִִִִִִִִִִִִִִִִִִִִִִִִִִִִ
       ³Widths (mm)              ³ Areas    ³ Densities (kg/m3)
       ³                         ³ (cm‎)    ³
Ring   ³Outer Ring Erly Late   % ³Incr Total³Ring E/Wd L/Wd Unif  Min  Max  Rng
 # Year³ Rad.      Wood Wood  LW ³          ³mean mean mean
ֱֱֱִִִִִִִִִִִִִִִִִִִִִִִִִִִִִִִִִִִִִִִִִִִִִִִִִִִִִִִִִִִִִִִִִִִִִִִִִִִִ

 2 1992   8.8  8.8  1.5  0.3   3   2.4    2.4 468  458  519   61  429  519   90
 3 1993  32.8 24.0 23.4  0.6   2  31.4   33.8 406  403  527  124  348  534  186
 4 1994  50.2 17.4 16.2  1.2   6  45.4   79.2 362  349  524  175  300  570  270
 5 1995  64.9 14.7 14.4  0.3   2  53.2  132.3 362  359  548  189  303  548  245
 6 1996  79.6 14.7 13.2  1.5  10  66.7  199.1 399  384  530  146  289  564  275
 7 1997  95.5 15.9 13.5  2.4  15  87.5  286.5 401  374  552  178  311  592  281
 8 1998 112.9 17.4 14.7  2.7  15 113.9  400.4 396  371  533  162  305  554  249
 9 1999 131.2 18.3 14.1  4.2  22 140.3  540.8 421  384  544  160  312  576  264
10 2000 148.9 17.7 13.5  4.2  23 155.8  696.5 419  376  559  183  317  619  302
11 2001 163.0 14.1 11.4  2.7  19 138.2  834.7 406  374  538  164  330  560  230
12 2002 173.2 10.2  7.8  2.4  23 107.7  942.4 421  372  581  209  318  655  337
13 2003 183.4 10.2  6.3  3.9  38 114.3 1056.7 460  389  575  186  341  612  271
14 2004 190.3  6.9  4.8  2.1  30  81.0 1137.7 436  367  592  225  344  647  303
15 2005 196.3  6.0  4.5  1.5  25  72.9 1210.6 431  376  597  221  335  642  307
16 2006 200.8  4.5  3.3  1.2  26  56.1 1266.7 422  375  552  177  324  586  262
17 2007 205.0  4.2  3.3  0.9  21  53.5 1320.3 455  396  673  277  344  694  350
18 2008 210.1  5.1  3.9  1.2  23  66.5 1386.8 447  401  596  195  368  645  277
19 2009 213.7  3.6  2.4  1.2  33  47.9 1434.7 451  384  585  201  344  652  308
20 2010 216.7  3.0  2.1  0.9  30  40.6 1475.3 443  387  575  188  359  606  247
21 2011 218.5  1.8  1.5  0.3  16  24.6 1499.9 440  416  560  144  354  560  206
22 2012 219.4  0.9  0.9  0.0   0  12.4 1512.2 412  412    0    0  350  471  121
23 2013 220.9  1.5  0.9  0.6  40  20.7 1533.0 481  405  594  189  384  631  247
24 2014 222.7  1.8  0.9  0.9  49  25.1 1558.1 511  403  618  215  396  691  295

Core Length:  216.0 mm
Core Density: 428 kg/m3
Cross-sectional Density:  422 kg/m3
Early/Latewood Threshold: 500 kg/m3
Attenuation Constant: 3.07

ִִִִִִִִִִִִִִִִִִִִִִִִִִִִִִִִִִִִִִִִִִִִִִִִִִִִִִִִִִִִִִִִִִִִִִִִִִִִִִִ
Core : 15
ֲֲֲִִִִִִִִִִִִִִִִִִִִִִִִִִִִִִִִִִִִִִִִִִִִִִִִִִִִִִִִִִִִִִִִִִִִִִִִִִִִ
       ³Widths (mm)              ³ Areas    ³ Densities (kg/m3)
       ³                         ³ (cm‎)    ³
Ring   ³Outer Ring Erly Late   % ³Incr Total³Ring E/Wd L/Wd Unif  Min  Max  Rng
 # Year³ Rad.      Wood Wood  LW ³          ³mean mean mean
ֱֱֱִִִִִִִִִִִִִִִִִִִִִִִִִִִִִִִִִִִִִִִִִִִִִִִִִִִִִִִִִִִִִִִִִִִִִִִִִִִִ

 1 1991   3.6  3.6  3.6  0.0   0   0.4    0.4 387  387    0    0  272  452  180
 2 1992  10.2  6.6  6.6  0.0   0   2.9    3.3 345  345    0    0  281  449  168
 3 1993  29.7 19.5 19.5  0.0   0  24.4   27.7 332  332    0    0  271  444  173
 4 1994  51.9 22.2 22.2  0.0   0  56.9   84.6 325  325    0    0  249  477  228
 5 1995  72.3 20.4 20.1  0.3   1  79.6  164.2 336  333  522  189  259  522  263
 6 1996  89.1 16.8 15.9  0.9   5  85.2  249.4 368  358  533  175  260  555  295
 7 1997 104.7 15.6 14.4  1.2   7  95.0  344.4 401  389  541  152  314  565  251
 8 1998 123.0 18.3 17.4  0.9   4 130.9  475.3 384  378  507  129  307  510  203
 9 1999 137.7 14.7 12.9  1.8  12 120.4  595.7 379  357  532  175  294  552  258
10 2000 147.6  9.9  8.1  1.8  18  88.7  684.4 376  345  516  171  300  533  233
11 2001 157.8 10.2  8.1  2.1  20  97.9  782.3 401  366  536  170  313  583  270
12 2002 164.1  6.3  4.5  1.8  28  63.7  846.0 416  362  550  188  317  615  298
13 2003 170.7  6.6  4.8  1.8  27  69.4  915.4 431  385  552  167  330  569  239
14 2004 179.4  8.7  8.4  0.3   3  95.7 1011.1 374  370  500  130  303  500  197
15 2005 185.4  6.0  4.8  1.2  20  68.8 1079.9 404  374  526  152  295  568  273
16 2006 190.5  5.1  5.1  0.0   0  60.2 1140.1 397  397    0    0  307  495  188
17 2007 193.5  3.0  2.7  0.3   9  36.2 1176.3 387  373  509  136  316  509  193
18 2008 195.6  2.1  0.9  1.2  57  25.7 1202.0 504  435  555  120  369  569  200
19 2009 199.8  4.2  2.7  1.5  35  52.2 1254.1 448  411  514  103  338  522  184
20 2010 204.6  4.8  4.2  0.6  12  61.0 1315.1 430  412  558  146  311  587  276
21 2011 208.2  3.6  1.8  1.8  49  46.7 1361.8 456  385  527  142  319  548  229
22 2012 211.2  3.0  2.1  0.9  30  39.5 1401.3 416  362  543  181  309  565  256
23 2013 213.6  2.4  1.5  0.9  37  32.0 1433.4 433  356  562  206  328  587  259
24 2014 216.6  3.0  0.9  2.1  70  40.5 1473.9 489  375  538  163  336  564  228

Core Length:  217.2 mm
Core Density: 400 kg/m3
Cross-sectional Density:  396 kg/m3
Early/Latewood Threshold: 500 kg/m3
Attenuation Constant: 3.07

ִִִִִִִִִִִִִִִִִִִִִִִִִִִִִִִִִִִִִִִִִִִִִִִִִִִִִִִִִִִִִִִִִִִִִִִִִִִִִִִ
Core : 21
ֲֲֲִִִִִִִִִִִִִִִִִִִִִִִִִִִִִִִִִִִִִִִִִִִִִִִִִִִִִִִִִִִִִִִִִִִִִִִִִִִִ
       ³Widths (mm)              ³ Areas    ³ Densities (kg/m3)
       ³                         ³ (cm‎)    ³
Ring   ³Outer Ring Erly Late   % ³Incr Total³Ring E/Wd L/Wd Unif  Min  Max  Rng
 # Year³ Rad.      Wood Wood  LW ³          ³mean mean mean
ֱֱֱִִִִִִִִִִִִִִִִִִִִִִִִִִִִִִִִִִִִִִִִִִִִִִִִִִִִִִִִִִִִִִִִִִִִִִִִִִִִ

 2 1992  17.2 17.2 10.2  0.0   0   9.3    9.3 374  374    0    0  293  472  179
 3 1993  34.9 17.7 16.8  0.9   5  29.0   38.3 362  354  513  159  297  522  225
 4 1994  61.6 26.7 24.6  2.1   7  80.9  119.2 362  348  527  179  266  545  279
 5 1995  85.3 23.7 22.2  1.5   6 109.4  228.6 375  363  558  195  304  608  304
 6 1996 107.2 21.9 19.5  2.4  10 132.4  361.0 411  393  559  166  293  590  297
 7 1997 130.3 23.1 19.5  3.6  15 172.4  533.4 391  366  524  158  306  549  243
 8 1998 158.2 27.9 23.7  4.2  15 252.9  786.3 392  368  528  160  282  548  266
 9 1999 181.9 23.7 19.5  4.2  17 253.2 1039.5 409  383  530  147  300  559  259
10 2000 199.6 17.7 12.9  4.8  27 212.1 1251.6 414  370  533  163  294  567  273
11 2001 213.7 14.1 10.8  3.3  23 183.1 1434.7 421  379  557  178  289  587  298
12 2002 227.5 13.8 10.2  3.6  26 191.3 1626.0 425  382  545  163  285  568  283
13 2003 242.8 15.3 12.3  3.0  19 226.1 1852.0 415  386  536  150  297  554  257
14 2004 256.3 13.5 10.5  3.0  22 211.7 2063.7 413  382  518  136  292  570  278
15 2005 268.0 11.7  8.1  3.6  30 192.7 2256.4 417  365  535  170  282  597  315
16 2006 278.8 10.8  8.7  2.1  19 185.5 2441.9 414  388  522  134  298  560  262
17 2007 287.2  8.4  5.7  2.7  32 149.4 2591.3 429  359  576  217  303  618  315
18 2008 295.3  8.1  4.8  3.3  40 148.2 2739.5 461  372  590  218  313  634  321
19 2009 301.9  6.6  4.2  2.4  36 123.8 2863.4 463  387  596  209  325  626  301
20 2010 307.9  6.0  4.2  1.8  30 114.9 2978.3 441  382  578  196  313  619  306
21 2011 312.7  4.8  3.0  1.8  37  93.6 3071.9 448  375  570  195  317  592  275
22 2012 316.6  3.9  2.7  1.2  30  77.1 3149.0 441  372  598  226  313  624  311
23 2013 320.8  4.2  2.1  2.1  49  84.1 3233.1 485  384  587  203  340  643  303
24 2014 325.6  4.8  2.1  2.7  56  97.5 3330.6 485  368  576  208  326  619  293

Core Length:  319.2 mm
Core Density: 419 kg/m3
Cross-sectional Density:  419 kg/m3
Early/Latewood Threshold: 500 kg/m3
Attenuation Constant: 3.07

ִִִִִִִִִִִִִִִִִִִִִִִִִִִִִִִִִִִִִִִִִִִִִִִִִִִִִִִִִִִִִִִִִִִִִִִִִִִִִִִ
Core : 25
ֲֲֲִִִִִִִִִִִִִִִִִִִִִִִִִִִִִִִִִִִִִִִִִִִִִִִִִִִִִִִִִִִִִִִִִִִִִִִִִִִִ
       ³Widths (mm)              ³ Areas    ³ Densities (kg/m3)
       ³                         ³ (cm‎)    ³
Ring   ³Outer Ring Erly Late   % ³Incr Total³Ring E/Wd L/Wd Unif  Min  Max  Rng
 # Year³ Rad.      Wood Wood  LW ³          ³mean mean mean
ֱֱֱִִִִִִִִִִִִִִִִִִִִִִִִִִִִִִִִִִִִִִִִִִִִִִִִִִִִִִִִִִִִִִִִִִִִִִִִִִִִ

 1 1991  11.7 11.7  8.7  0.0   0   4.3    4.3 314  314    0    0  267  403  136
 2 1992  23.4 11.7 11.7  0.0   0  12.9   17.2 353  353    0    0  284  428  144
 3 1993  30.9  7.5  7.5  0.0   0  12.8   30.0 360  360    0    0  291  496  205
 4 1994  57.6 26.7 26.4  0.3   1  74.2  104.2 349  347  503  156  273  503  230
 5 1995  86.4 28.8 28.2  0.6   2 130.3  234.5 332  329  506  177  270  508  238
 6 1996 110.4 24.0 23.1  0.9   3 148.4  382.9 363  355  556  201  271  573  302
 7 1997 131.1 20.7 19.8  0.9   4 157.0  540.0 382  375  545  170  287  559  272
 8 1998 149.7 18.6 16.2  2.4  12 164.1  704.0 366  340  540  200  280  567  287
 9 1999 165.0 15.3 13.8  1.5   9 151.3  855.3 378  363  518  155  303  532  229
10 2000 174.9  9.9  8.4  1.5  15 105.7  961.0 364  326  573  247  276  612  336
11 2001 184.5  9.6  7.5  2.1  21 108.4 1069.4 395  355  536  181  277  571  294
12 2002 192.3  7.8  5.4  2.4  30  92.3 1161.7 396  338  526  188  269  543  274
13 2003 203.7 11.4  8.4  3.0  26 141.8 1303.6 403  354  538  184  287  564  277
14 2004 209.1  5.4  4.2  1.2  22  70.0 1373.6 379  328  555  227  294  590  296
15 2005 213.9  4.8  3.9  0.9  18  63.8 1437.4 384  350  532  182  285  581  296
16 2006 216.3  2.4  2.1  0.3  12  32.4 1469.8 389  365  558  193  304  558  254
17 2007 219.6  3.3  2.7  0.6  18  45.2 1515.0 407  376  551  175  300  577  277
18 2008 221.7  2.1  1.5  0.6  28  29.1 1544.1 457  406  585  179  319  648  329
19 2009 224.1  2.4  1.5  0.9  37  33.6 1577.7 430  354  556  202  315  584  269
20 2010 226.2  2.1  1.2  0.9  42  29.7 1607.4 443  363  549  186  327  578  251
21 2011 227.7  1.5  0.9  0.6  40  21.4 1628.8 446  350  590  240  316  594  278
22 2012 229.5  1.8  1.2  0.6  33  25.9 1654.7 436  375  559  184  337  568  231
23 2013 231.0  1.5  1.2  0.3  20  21.7 1676.4 403  361  575  214  305  575  270
24 2014 233.4  2.4  1.2  1.2  50  35.0 1711.4 483  381  585  204  324  622  298

Core Length:  230.4 mm
Core Density: 392 kg/m3
Cross-sectional Density:  382 kg/m3
Early/Latewood Threshold: 500 kg/m3
Attenuation Constant: 3.07

ִִִִִִִִִִִִִִִִִִִִִִִִִִִִִִִִִִִִִִִִִִִִִִִִִִִִִִִִִִִִִִִִִִִִִִִִִִִִִִִ
Core : 26
ֲֲֲִִִִִִִִִִִִִִִִִִִִִִִִִִִִִִִִִִִִִִִִִִִִִִִִִִִִִִִִִִִִִִִִִִִִִִִִִִִִ
       ³Widths (mm)              ³ Areas    ³ Densities (kg/m3)
       ³                         ³ (cm‎)    ³
Ring   ³Outer Ring Erly Late   % ³Incr Total³Ring E/Wd L/Wd Unif  Min  Max  Rng
 # Year³ Rad.      Wood Wood  LW ³          ³mean mean mean
ֱֱֱִִִִִִִִִִִִִִִִִִִִִִִִִִִִִִִִִִִִִִִִִִִִִִִִִִִִִִִִִִִִִִִִִִִִִִִִִִִִ

 3 1993  29.0 29.0 24.0  0.0   0  26.4   26.4 357  357    0    0  299  488  189
 4 1994  51.5 22.5 20.4  2.1   9  56.9   83.3 381  363  557  194  298  589  291
 5 1995  70.1 18.6 18.3  0.3   1  71.1  154.4 391  389  551  162  317  551  234
 6 1996  87.2 17.1 15.0  2.1  12  84.5  238.9 420  400  563  163  315  634  319
 7 1997 105.8 18.6 16.2  2.4  12 112.8  351.7 424  406  549  143  331  589  258
 8 1998 123.2 17.4 15.6  1.8  10 125.2  476.8 413  399  531  132  327  555  228
 9 1999 140.0 16.8 15.6  1.2   7 138.9  615.8 410  403  509  106  326  516  190
10 2000 150.8 10.8  9.6  1.2  11  98.7  714.4 404  391  507  116  290  521  231
11 2001 160.1  9.3  9.3  0.0   0  90.8  805.3 383  383    0    0  282  490  208
12 2002 168.5  8.4  5.4  3.0  35  86.7  892.0 425  372  519  147  293  533  240
13 2003 177.8  9.3  7.8  1.5  16 101.2  993.1 417  397  521  124  322  542  220
14 2004 186.5  8.7  8.1  0.6   6  99.6 1092.7 411  404  511  107  304  517  213
15 2005 193.7  7.2  5.1  2.1  29  86.0 1178.7 415  368  527  159  315  546  231
16 2006 199.4  5.7  4.2  1.5  26  70.4 1249.1 425  393  516  123  319  545  226
17 2007 205.7  6.3  4.2  2.1  33  80.2 1329.3 448  394  557  163  334  596  262
18 2008 210.8  5.1  3.3  1.8  35  66.7 1396.0 462  398  580  182  343  620  277
19 2009 215.9  5.1  3.9  1.2  23  68.4 1464.4 436  397  561  164  355  621  266
20 2010 220.4  4.5  2.7  1.8  40  61.7 1526.1 464  402  558  156  344  599  255
21 2011 224.3  3.9  2.4  1.5  38  54.5 1580.6 465  417  540  123  378  558  180
22 2012 227.0  2.7  2.4  0.3  11  38.3 1618.8 425  413  523  110  358  523  165
23 2013 229.4  2.4  1.8  0.6  25  34.4 1653.2 430  405  506  101  362  510  148
24 2014 231.5  2.1  1.2  0.9  42  30.4 1683.7 495  433  579  146  413  609  196

Core Length:  226.8 mm
Core Density: 422 kg/m3
Cross-sectional Density:  420 kg/m3
Early/Latewood Threshold: 500 kg/m3
Attenuation Constant: 3.07

ִִִִִִִִִִִִִִִִִִִִִִִִִִִִִִִִִִִִִִִִִִִִִִִִִִִִִִִִִִִִִִִִִִִִִִִִִִִִִִִ
Core : 30
ֲֲֲִִִִִִִִִִִִִִִִִִִִִִִִִִִִִִִִִִִִִִִִִִִִִִִִִִִִִִִִִִִִִִִִִִִִִִִִִִִִ
       ³Widths (mm)              ³ Areas    ³ Densities (kg/m3)
       ³                         ³ (cm‎)    ³
Ring   ³Outer Ring Erly Late   % ³Incr Total³Ring E/Wd L/Wd Unif  Min  Max  Rng
 # Year³ Rad.      Wood Wood  LW ³          ³mean mean mean
ֱֱֱִִִִִִִִִִִִִִִִִִִִִִִִִִִִִִִִִִִִִִִִִִִִִִִִִִִִִִִִִִִִִִִִִִִִִִִִִִִִ

 2 1992  11.1 11.1  8.1  0.0   0   3.9    3.9 351  351    0    0  279  425  146
 3 1993  26.7 15.6 15.6  0.0   0  18.5   22.4 371  371    0    0  322  457  135
 4 1994  52.5 25.8 25.5  0.3   1  64.2   86.6 344  342  506  164  290  506  216
 5 1995  78.9 26.4 25.8  0.6   2 109.0  195.6 361  357  519  162  307  525  218
 6 1996 106.2 27.3 26.7  0.6   2 158.8  354.3 364  361  534  173  288  546  258
 7 1997 129.9 23.7 23.7  0.0   0 175.8  530.1 356  356    0    0  281  488  207
 8 1998 152.1 22.2 22.2  0.0   0 196.7  726.8 338  338    0    0  241  457  216
 9 1999 168.0 15.9 15.9  0.0   0 159.9  886.7 352  352    0    0  249  498  249
10 2000 180.9 12.9 12.9  0.0   0 141.4 1028.1 337  337    0    0  250  499  249
11 2001 189.9  9.0  9.0  0.0   0 104.8 1132.9 351  351    0    0  243  487  244
12 2002 198.3  8.4  7.5  0.9  10 102.4 1235.4 356  337  513  176  228  527  299
13 2003 206.7  8.4  6.9  1.5  17 106.9 1342.2 378  349  513  164  268  530  262
14 2004 213.3  6.6  6.0  0.6   9  87.1 1429.3 364  350  508  158  255  510  255
15 2005 219.9  6.6  5.4  1.2  18  89.8 1519.1 375  335  556  221  260  575  315
16 2006 225.9  6.0  5.4  0.6  10  84.0 1603.2 371  353  536  183  251  552  301
17 2007 231.6  5.7  4.8  0.9  15  81.9 1685.1 365  332  540  208  258  547  289
18 2008 236.4  4.8  3.9  0.9  18  70.6 1755.7 396  352  587  235  284  608  324
19 2009 240.6  4.2  3.3  0.9  21  62.9 1818.6 401  349  592  243  283  597  314
20 2010 245.1  4.5  3.6  0.9  20  68.7 1887.3 405  363  570  207  300  614  314
21 2011 249.0  3.9  2.4  1.5  38  60.5 1947.8 430  356  550  194  305  583  278
22 2012 251.7  2.7  2.4  0.3  11  42.5 1990.3 374  348  585  237  281  585  304
23 2013 254.4  2.7  2.1  0.6  22  42.9 2033.2 391  342  562  220  315  567  252
24 2014 257.4  3.0  1.8  1.2  39  48.2 2081.5 443  376  543  167  313  556  243

Core Length:  255.6 mm
Core Density: 372 kg/m3
Cross-sectional Density:  365 kg/m3
Early/Latewood Threshold: 500 kg/m3
Attenuation Constant: 3.07

ִִִִִִִִִִִִִִִִִִִִִִִִִִִִִִִִִִִִִִִִִִִִִִִִִִִִִִִִִִִִִִִִִִִִִִִִִִִִִִִ
Core : 34
ֲֲֲִִִִִִִִִִִִִִִִִִִִִִִִִִִִִִִִִִִִִִִִִִִִִִִִִִִִִִִִִִִִִִִִִִִִִִִִִִִִ
       ³Widths (mm)              ³ Areas    ³ Densities (kg/m3)
       ³                         ³ (cm‎)    ³
Ring   ³Outer Ring Erly Late   % ³Incr Total³Ring E/Wd L/Wd Unif  Min  Max  Rng
 # Year³ Rad.      Wood Wood  LW ³          ³mean mean mean
ֱֱֱִִִִִִִִִִִִִִִִִִִִִִִִִִִִִִִִִִִִִִִִִִִִִִִִִִִִִִִִִִִִִִִִִִִִִִִִִִִִ

 2 1992   4.8  4.8  1.8  0.0   0   0.7    0.7 410  410    0    0  393  428   35
 3 1993  24.9 20.1 20.1  0.0   0  18.8   19.5 364  364    0    0  282  497  215
 4 1994  44.7 19.8 18.6  1.2   6  43.3   62.8 379  369  531  162  291  551  260
 5 1995  61.2 16.5 15.3  1.2   7  54.9  117.7 380  368  533  165  281  568  287
 6 1996  76.2 15.0 13.8  1.2   7  64.7  182.4 399  385  565  180  315  598  283
 7 1997  94.5 18.3 14.7  3.6  19  98.1  280.6 409  379  532  153  328  567  239
 8 1998 114.0 19.5 17.4  2.1  10 127.7  408.3 387  369  535  166  293  588  295
 9 1999 131.1 17.1 14.1  3.0  17 131.7  540.0 406  380  525  145  302  581  279
10 2000 143.7 12.6  9.3  3.3  26 108.8  648.7 398  352  528  176  263  585  322
11 2001 157.5 13.8 11.1  2.7  19 130.6  779.3 401  370  532  162  275  616  341
12 2002 168.6 11.1  8.7  2.4  21 113.7  893.0 393  349  553  204  269  590  321
13 2003 180.3 11.7  8.4  3.3  28 128.2 1021.3 426  374  558  184  324  608  284
14 2004 188.1  7.8  5.7  2.1  26  90.3 1111.5 420  364  572  208  302  615  313
15 2005 197.4  9.3  6.6  2.7  29 112.6 1224.2 447  396  574  178  341  593  252
16 2006 205.8  8.4  5.7  2.7  32 106.4 1330.6 439  386  552  166  315  588  273
17 2007 213.0  7.2  5.1  2.1  29  94.7 1425.3 445  381  600  219  342  629  287
18 2008 219.0  6.0  3.9  2.1  35  81.4 1506.7 470  382  634  252  335  663  328
19 2009 223.8  4.8  3.0  1.8  37  66.8 1573.5 481  391  631  240  323  694  371
20 2010 229.5  5.7  3.6  2.1  36  81.2 1654.7 492  414  624  210  354  722  368
21 2011 234.3  4.8  2.4  2.4  50  69.9 1724.6 499  387  611  224  357  680  323
22 2012 238.2  3.9  3.0  0.9  23  57.9 1782.5 448  393  631  238  324  655  331
23 2013 240.9  2.7  2.1  0.6  22  40.6 1823.2 457  400  656  256  361  673  312
24 2014 243.3  2.4  1.5  0.9  37  36.5 1859.7 461  365  622  257  338  673  335

Core Length:  240.6 mm
Core Density: 426 kg/m3
Cross-sectional Density:  425 kg/m3
Early/Latewood Threshold: 500 kg/m3
Attenuation Constant: 3.07

ִִִִִִִִִִִִִִִִִִִִִִִִִִִִִִִִִִִִִִִִִִִִִִִִִִִִִִִִִִִִִִִִִִִִִִִִִִִִִִִ
Core : 40
ֲֲֲִִִִִִִִִִִִִִִִִִִִִִִִִִִִִִִִִִִִִִִִִִִִִִִִִִִִִִִִִִִִִִִִִִִִִִִִִִִִ
       ³Widths (mm)              ³ Areas    ³ Densities (kg/m3)
       ³                         ³ (cm‎)    ³
Ring   ³Outer Ring Erly Late   % ³Incr Total³Ring E/Wd L/Wd Unif  Min  Max  Rng
 # Year³ Rad.      Wood Wood  LW ³          ³mean mean mean
ֱֱֱִִִִִִִִִִִִִִִִִִִִִִִִִִִִִִִִִִִִִִִִִִִִִִִִִִִִִִִִִִִִִִִִִִִִִִִִִִִִ

 3 1993  24.2 24.2 18.6  0.6   2  18.4   18.4 377  372  532  160  327  541  214
 4 1994  49.1 24.9 22.5  2.4   9  57.3   75.7 369  351  536  185  288  557  269
 5 1995  72.2 23.1 21.6  1.5   6  88.0  163.8 358  345  548  203  285  591  306
 6 1996  91.7 19.5 17.7  1.8   9 100.4  264.2 389  371  560  189  321  600  279
 7 1997 110.9 19.2 17.1  2.1  10 122.2  386.4 396  377  548  171  322  599  277
 8 1998 129.2 18.3 15.9  2.4  13 138.0  524.4 385  364  527  163  312  552  240
 9 1999 144.8 15.6 13.8  1.8  11 134.3  658.7 378  358  530  172  294  545  251
10 2000 157.7 12.9 11.1  1.8  13 122.6  781.3 392  361  584  223  308  633  325
11 2001 168.5 10.8  8.4  2.4  22 110.7  892.0 410  365  569  204  320  619  299
12 2002 178.1  9.6  8.1  1.5  15 104.5  996.5 425  396  581  185  341  625  284
13 2003 187.4  9.3  7.2  2.1  22 106.8 1103.3 440  387  621  234  349  661  312
14 2004 194.9  7.5  5.4  2.1  28  90.1 1193.4 424  364  577  213  338  635  297
15 2005 202.1  7.2  5.7  1.5  20  89.8 1283.2 429  387  586  199  332  626  294
16 2006 207.2  5.1  3.6  1.5  29  65.6 1348.7 423  372  546  174  328  582  254
17 2007 210.5  3.3  2.7  0.6  18  43.3 1392.0 410  374  571  197  346  587  241
18 2008 213.2  2.7  2.1  0.6  22  35.9 1428.0 455  406  624  218  381  653  272
19 2009 216.2  3.0  2.1  0.9  30  40.5 1468.5 465  402  613  211  355  630  275
20 2010 219.8  3.6  2.1  1.5  41  49.3 1517.8 483  415  579  164  374  644  270
21 2011 223.1  3.3  1.8  1.5  45  45.9 1563.7 481  398  581  183  365  613  248
22 2012 226.7  3.6  2.4  1.2  33  50.9 1614.6 446  374  590  216  349  646  297
23 2013 230.9  4.2  2.7  1.5  35  60.4 1674.9 467  397  593  196  360  667  307
24 2014 235.4  4.5  2.1  2.4  53  65.9 1740.9 492  403  569  166  366  610  244

Core Length:  231.6 mm
Core Density: 422 kg/m3
Cross-sectional Density:  414 kg/m3
Early/Latewood Threshold: 500 kg/m3
Attenuation Constant: 3.07

ִִִִִִִִִִִִִִִִִִִִִִִִִִִִִִִִִִִִִִִִִִִִִִִִִִִִִִִִִִִִִִִִִִִִִִִִִִִִִִִ
Core : 49
ֲֲֲִִִִִִִִִִִִִִִִִִִִִִִִִִִִִִִִִִִִִִִִִִִִִִִִִִִִִִִִִִִִִִִִִִִִִִִִִִִִ
       ³Widths (mm)              ³ Areas    ³ Densities (kg/m3)
       ³                         ³ (cm‎)    ³
Ring   ³Outer Ring Erly Late   % ³Incr Total³Ring E/Wd L/Wd Unif  Min  Max  Rng
 # Year³ Rad.      Wood Wood  LW ³          ³mean mean mean
ֱֱֱִִִִִִִִִִִִִִִִִִִִִִִִִִִִִִִִִִִִִִִִִִִִִִִִִִִִִִִִִִִִִִִִִִִִִִִִִִִִ

 2 1992   4.5  4.5  4.5  0.0   0   0.6    0.6 384  384    0    0  324  449  125
 3 1993  18.0 13.5 13.5  0.0   0   9.5   10.2 382  382    0    0  298  475  177
 4 1994  36.6 18.6 17.7  0.9   4  31.9   42.1 346  337  517  180  276  542  266
 5 1995  55.8 19.2 18.3  0.9   4  55.7   97.8 363  353  561  208  278  581  303
 6 1996  73.2 17.4 16.8  0.6   3  70.5  168.3 375  370  521  151  287  539  252
 7 1997  87.3 14.1 13.2  0.9   6  71.1  239.4 380  372  504  132  275  509  234
 8 1998  99.9 12.6 12.3  0.3   2  74.1  313.5 359  355  529  174  283  529  246
 9 1999 111.3 11.4 11.1  0.3   2  75.6  389.2 391  387  526  139  304  526  222
10 2000 119.1  7.8  7.2  0.6   7  56.5  445.6 357  343  521  178  265  530  265
11 2001 126.3  7.2  7.2  0.0   0  55.5  501.1 354  354    0    0  256  481  225
12 2002 133.2  6.9  6.3  0.6   8  56.3  557.4 382  370  504  134  256  508  252
13 2003 141.9  8.7  8.1  0.6   6  75.2  632.6 382  370  531  161  297  542  245
14 2004 147.3  5.4  5.1  0.3   5  49.1  681.6 366  358  504  146  282  504  222
15 2005 152.4  5.1  4.2  0.9  17  48.0  729.7 393  366  515  149  282  522  240
16 2006 156.3  3.9  3.9  0.0   0  37.8  767.5 395  395    0    0  287  491  204
17 2007 159.9  3.6  3.3  0.3   8  35.8  803.2 390  376  538  162  292  538  246
18 2008 164.4  4.5  3.3  1.2  26  45.8  849.1 405  364  521  157  305  548  243
19 2009 168.6  4.2  3.3  0.9  21  43.9  893.0 407  360  582  222  298  602  304
20 2010 171.3  2.7  2.1  0.6  22  28.8  921.9 434  391  584  193  301  665  364
21 2011 173.4  2.1  1.5  0.6  28  22.7  944.6 436  382  572  190  325  617  292
22 2012 175.2  1.8  1.5  0.3  16  19.7  964.3 408  370  600  230  328  600  272
23 2013 176.1  0.9  0.6  0.3  33   9.9  974.2 440  360  599  239  306  599  293
24 2014 177.3  1.2  0.9  0.3  25  13.3  987.6 406  347  583  236  323  583  260

Core Length:  177.6 mm
Core Density: 388 kg/m3
Cross-sectional Density:  381 kg/m3
Early/Latewood Threshold: 500 kg/m3
Attenuation Constant: 3.07

