File : C:\DENSITOM\KINLEI~1\ATIA11.DAT
Cores :
6
9
10
12
18
23
25
28
30
33
45
43

ִִִִִִִִִִִִִִִִִִִִִִִִִִִִִִִִִִִִִִִִִִִִִִִִִִִִִִִִִִִִִִִִִִִִִִִִִִִִִִִ
Core : 6
ֲֲֲִִִִִִִִִִִִִִִִִִִִִִִִִִִִִִִִִִִִִִִִִִִִִִִִִִִִִִִִִִִִִִִִִִִִִִִִִִִִ
       ³Widths (mm)              ³ Areas    ³ Densities (kg/m3)
       ³                         ³ (cm‎)    ³
Ring   ³Outer Ring Erly Late   % ³Incr Total³Ring E/Wd L/Wd Unif  Min  Max  Rng
 # Year³ Rad.      Wood Wood  LW ³          ³mean mean mean
ֱֱֱִִִִִִִִִִִִִִִִִִִִִִִִִִִִִִִִִִִִִִִִִִִִִִִִִִִִִִִִִִִִִִִִִִִִִִִִִִִִ

 3 1993  26.0 26.0 17.4  0.6   2  21.2   21.2 328  321  527  206  250  546  296
 4 1994  47.9 21.9 20.7  1.2   5  50.8   72.1 336  323  553  230  249  575  326
 5 1995  73.1 25.2 24.0  1.2   4  95.8  167.9 368  359  550  191  280  598  318
 6 1996  96.5 23.4 22.2  1.2   5 124.7  292.6 355  345  557  212  281  590  309
 7 1997 120.2 23.7 21.9  1.8   7 161.3  453.9 376  363  535  172  308  553  245
 8 1998 143.0 22.8 21.3  1.5   6 188.5  642.4 367  356  527  171  281  549  268
 9 1999 161.9 18.9 16.8  2.1  11 181.0  823.5 374  356  522  166  280  551  271
10 2000 177.2 15.3 12.9  2.4  15 163.0  986.5 388  360  536  176  287  560  273
11 2001 186.2  9.0  6.3  2.7  30 102.7 1089.2 407  344  555  211  272  583  311
12 2002 193.7  7.5  4.5  3.0  40  89.5 1178.7 421  319  574  255  267  649  382
13 2003 204.8 11.1  7.5  3.6  32 139.0 1317.7 450  389  576  187  327  618  291
14 2004 213.5  8.7  6.3  2.4  27 114.3 1432.0 422  363  578  215  296  608  312
15 2005 221.9  8.4  5.7  2.7  32 114.9 1546.9 441  370  590  220  311  622  311
16 2006 228.5  6.6  4.2  2.4  36  93.4 1640.3 447  377  572  195  304  619  315
17 2007 235.7  7.2  4.8  2.4  33 105.0 1745.3 449  373  601  228  327  696  369
18 2008 242.0  6.3  4.5  1.8  28  94.5 1839.8 463  410  597  187  367  693  326
19 2009 246.2  4.2  2.7  1.5  35  64.4 1904.3 486  411  621  210  365  678  313
20 2010 248.9  2.7  0.9  1.8  66  42.0 1946.3 534  451  576  125  428  696  268
21 2011 250.7  1.8  0.9  0.9  49  28.3 1974.5 547  460  634  174  444  651  207
22 2012 253.1  2.4  1.5  0.9  37  38.0 2012.5 497  423  619  196  393  655  262
23 2013 255.8  2.7  1.5  1.2  44  43.2 2055.7 482  413  569  156  382  649  267
24 2014 259.4  3.6  1.5  2.1  58  58.3 2113.9 549  443  625  182  416  688  272

Core Length:  252.3 mm
Core Density: 431 kg/m3
Cross-sectional Density:  415 kg/m3
Early/Latewood Threshold: 500 kg/m3
Attenuation Constant: 3.07

ִִִִִִִִִִִִִִִִִִִִִִִִִִִִִִִִִִִִִִִִִִִִִִִִִִִִִִִִִִִִִִִִִִִִִִִִִִִִִִִ
Core : 9
ֲֲֲִִִִִִִִִִִִִִִִִִִִִִִִִִִִִִִִִִִִִִִִִִִִִִִִִִִִִִִִִִִִִִִִִִִִִִִִִִִִ
       ³Widths (mm)              ³ Areas    ³ Densities (kg/m3)
       ³                         ³ (cm‎)    ³
Ring   ³Outer Ring Erly Late   % ³Incr Total³Ring E/Wd L/Wd Unif  Min  Max  Rng
 # Year³ Rad.      Wood Wood  LW ³          ³mean mean mean
ֱֱֱִִִִִִִִִִִִִִִִִִִִִִִִִִִִִִִִִִִִִִִִִִִִִִִִִִִִִִִִִִִִִִִִִִִִִִִִִִִִ

 2 1992   6.5  6.5  4.5  0.0   0   1.3    1.3 406  406    0    0  268  488  220
 3 1993  22.1 15.6 15.6  0.0   0  14.0   15.3 357  357    0    0  305  433  128
 4 1994  41.6 19.5 18.9  0.6   3  39.0   54.4 358  353  503  150  290  505  215
 5 1995  64.4 22.8 20.1  2.7  11  75.9  130.3 411  392  554  162  300  597  297
 6 1996  78.8 14.4 13.5  0.9   6  64.8  195.1 387  377  534  157  316  587  271
 7 1997  95.9 17.1 12.6  4.5  26  93.9  288.9 446  417  528  111  362  556  194
 8 1998 116.0 20.1 15.9  4.2  20 133.8  422.7 422  391  541  150  327  587  260
 9 1999 137.3 21.3 17.7  3.6  16 169.5  592.2 417  398  511  113  304  520  216
10 2000 157.7 20.4 18.6  1.8   8 189.1  781.3 411  401  521  120  331  548  217
11 2001 174.5 16.8 14.1  2.7  16 175.3  956.6 418  393  547  154  311  586  275
12 2002 188.3 13.8  9.0  4.8  34 157.3 1113.9 446  393  546  153  321  599  278
13 2003 207.2 18.9 15.0  3.9  20 234.8 1348.7 435  408  538  130  334  609  275
14 2004 218.9 11.7  8.7  3.0  25 156.6 1505.4 426  390  531  141  345  572  227
15 2005 229.4 10.5  7.5  3.0  28 147.9 1653.2 439  398  541  143  338  581  243
16 2006 239.3  9.9  7.8  2.1  21 145.8 1799.0 424  394  537  143  276  601  325
17 2007 249.2  9.9  6.9  3.0  30 151.9 1950.9 445  398  553  155  329  624  295
18 2008 260.6 11.4  7.8  3.6  31 182.6 2133.5 448  403  545  142  342  616  274
19 2009 270.8 10.2  7.8  2.4  23 170.3 2303.8 440  402  566  164  353  628  275
20 2010 280.7  9.9  6.6  3.3  33 171.5 2475.3 460  411  557  146  360  617  257
21 2011 286.7  6.0  3.3  2.7  45 107.0 2582.3 456  380  549  169  351  602  251
22 2012 291.5  4.8  3.3  1.5  31  87.2 2669.5 434  381  551  170  338  588  250
23 2013 295.4  3.9  2.4  1.5  38  71.9 2741.4 465  386  591  205  350  645  295
24 2014 300.8  5.4  3.0  2.4  44 101.1 2842.5 470  378  586  208  347  624  277

Core Length:  299.7 mm
Core Density: 427 kg/m3
Cross-sectional Density:  433 kg/m3
Early/Latewood Threshold: 500 kg/m3
Attenuation Constant: 3.07

ִִִִִִִִִִִִִִִִִִִִִִִִִִִִִִִִִִִִִִִִִִִִִִִִִִִִִִִִִִִִִִִִִִִִִִִִִִִִִִִ
Core : 10
ֲֲֲִִִִִִִִִִִִִִִִִִִִִִִִִִִִִִִִִִִִִִִִִִִִִִִִִִִִִִִִִִִִִִִִִִִִִִִִִִִִ
       ³Widths (mm)              ³ Areas    ³ Densities (kg/m3)
       ³                         ³ (cm‎)    ³
Ring   ³Outer Ring Erly Late   % ³Incr Total³Ring E/Wd L/Wd Unif  Min  Max  Rng
 # Year³ Rad.      Wood Wood  LW ³          ³mean mean mean
ֱֱֱִִִִִִִִִִִִִִִִִִִִִִִִִִִִִִִִִִִִִִִִִִִִִִִִִִִִִִִִִִִִִִִִִִִִִִִִִִִִ

 3 1993  10.2 10.2 10.2  0.0   0   3.3    3.3 335  335    0    0  278  461  183
 4 1994  30.6 20.4 20.4  0.0   0  26.1   29.4 336  336    0    0  290  472  182
 5 1995  57.0 26.4 24.9  1.5   5  72.7  102.1 385  376  540  164  312  572  260
 6 1996  71.1 14.1 12.9  1.2   8  56.7  158.8 390  377  523  146  320  548  228
 7 1997  86.1 15.0 14.7  0.3   2  74.1  232.9 384  382  515  133  334  515  181
 8 1998 103.8 17.7 17.7  0.0   0 105.6  338.5 362  362    0    0  280  468  188
 9 1999 120.3 16.5 16.5  0.0   0 116.2  454.7 368  368    0    0  297  464  167
10 2000 132.6 12.3 12.3  0.0   0  97.7  552.4 356  356    0    0  280  484  204
11 2001 139.8  7.2  7.2  0.0   0  61.6  614.0 372  372    0    0  291  488  197
12 2002 143.1  3.3  3.0  0.3   9  29.3  643.3 366  352  509  157  275  509  234
13 2003 148.5  5.4  5.4  0.0   0  49.5  692.8 415  415    0    0  329  498  169
14 2004 154.8  6.3  6.0  0.3   4  60.0  752.8 402  396  523  127  323  523  200
15 2005 158.7  3.9  2.7  1.2  30  38.4  791.2 444  413  516  103  356  537  181
16 2006 161.1  2.4  1.8  0.6  25  24.1  815.3 424  393  515  122  353  527  174
17 2007 162.3  1.2  0.9  0.3  25  12.2  827.5 440  411  527  116  372  527  155
18 2008 163.8  1.5  0.6  0.9  60  15.4  842.9 501  434  545  111  429  566  137
19 2009 165.3  1.5  1.2  0.3  20  15.5  858.4 447  420  554  134  366  554  188

Core Length:  165.6 mm
Core Density: 395 kg/m3
Cross-sectional Density:  384 kg/m3
Early/Latewood Threshold: 500 kg/m3
Attenuation Constant: 3.07

ִִִִִִִִִִִִִִִִִִִִִִִִִִִִִִִִִִִִִִִִִִִִִִִִִִִִִִִִִִִִִִִִִִִִִִִִִִִִִִִ
Core : 12
ֲֲֲִִִִִִִִִִִִִִִִִִִִִִִִִִִִִִִִִִִִִִִִִִִִִִִִִִִִִִִִִִִִִִִִִִִִִִִִִִִִ
       ³Widths (mm)              ³ Areas    ³ Densities (kg/m3)
       ³                         ³ (cm‎)    ³
Ring   ³Outer Ring Erly Late   % ³Incr Total³Ring E/Wd L/Wd Unif  Min  Max  Rng
 # Year³ Rad.      Wood Wood  LW ³          ³mean mean mean
ֱֱֱִִִִִִִִִִִִִִִִִִִִִִִִִִִִִִִִִִִִִִִִִִִִִִִִִִִִִִִִִִִִִִִִִִִִִִִִִִִִ

 2 1992  12.4 12.4  5.4  0.0   0   4.8    4.8 370  370    0    0  333  404   71
 3 1993  30.4 18.0 18.0  0.0   0  24.2   29.0 324  324    0    0  275  495  220
 4 1994  54.1 23.7 23.7  0.0   0  62.9   91.9 326  326    0    0  267  495  228
 5 1995  79.9 25.8 24.6  1.2   4 108.6  200.6 343  334  536  202  283  599  316
 6 1996  97.6 17.7 17.4  0.3   1  98.7  299.3 364  362  500  138  284  500  216
 7 1997 114.1 16.5 15.6  0.9   5 109.7  409.0 366  357  527  170  276  535  259
 8 1998 130.6 16.5 15.6  0.9   5 126.8  535.8 358  349  519  170  301  529  228
 9 1999 148.0 17.4 17.4  0.0   0 152.3  688.1 354  354    0    0  295  456  161
10 2000 158.2 10.2 10.2  0.0   0  98.1  786.3 318  318    0    0  266  494  228
11 2001 166.0  7.8  7.2  0.6   7  79.4  865.7 359  346  516  170  279  523  244
12 2002 172.9  6.9  6.0  0.9  13  73.5  939.2 390  365  553  188  284  602  318
13 2003 184.9 12.0  9.0  3.0  25 134.9 1074.0 425  389  534  145  338  585  247
14 2004 194.5  9.6  7.2  2.4  25 114.4 1188.5 395  355  514  159  304  559  255
15 2005 205.6 11.1 10.2  0.9   8 139.5 1328.0 364  350  527  177  276  536  260
16 2006 213.4  7.8  7.2  0.6   7 102.7 1430.7 390  377  555  178  300  590  290
17 2007 224.5 11.1  9.6  1.5  13 152.7 1583.4 392  364  565  201  310  590  280
18 2008 234.1  9.6  7.8  1.8  18 138.3 1721.7 418  384  563  179  317  620  303
19 2009 242.2  8.1  6.6  1.5  18 121.2 1842.9 399  371  525  154  320  554  234
20 2010 247.6  5.4  4.2  1.2  22  83.1 1926.0 412  367  572  205  316  602  286
21 2011 250.9  3.3  2.1  1.2  36  51.7 1977.7 440  383  540  157  327  561  234
22 2012 253.9  3.0  1.8  1.2  40  47.6 2025.2 442  365  557  192  317  612  295
23 2013 256.3  2.4  1.2  1.2  49  38.5 2063.7 477  367  587  220  356  655  299
24 2014 261.7  5.4  2.7  2.7  50  87.9 2151.6 482  376  587  211  327  656  329

Core Length:  255.9 mm
Core Density: 387 kg/m3
Cross-sectional Density:  385 kg/m3
Early/Latewood Threshold: 500 kg/m3
Attenuation Constant: 3.07

ִִִִִִִִִִִִִִִִִִִִִִִִִִִִִִִִִִִִִִִִִִִִִִִִִִִִִִִִִִִִִִִִִִִִִִִִִִִִִִִ
Core : 18
ֲֲֲִִִִִִִִִִִִִִִִִִִִִִִִִִִִִִִִִִִִִִִִִִִִִִִִִִִִִִִִִִִִִִִִִִִִִִִִִִִִ
       ³Widths (mm)              ³ Areas    ³ Densities (kg/m3)
       ³                         ³ (cm‎)    ³
Ring   ³Outer Ring Erly Late   % ³Incr Total³Ring E/Wd L/Wd Unif  Min  Max  Rng
 # Year³ Rad.      Wood Wood  LW ³          ³mean mean mean
ֱֱֱִִִִִִִִִִִִִִִִִִִִִִִִִִִִִִִִִִִִִִִִִִִִִִִִִִִִִִִִִִִִִִִִִִִִִִִִִִִִ

 2 1993   9.3  9.3  9.3  0.0   0   2.7    2.7 333  333    0    0  250  489  239
 3 1994  24.3 15.0 14.7  0.3   2  15.8   18.6 323  319  506  187  262  506  244
 4 1995  42.0 17.7 16.8  0.9   5  36.9   55.4 326  316  524  208  258  542  284
 5 1996  55.8 13.8 12.6  1.2   8  42.4   97.8 381  366  531  165  290  559  269
 6 1997  69.6 13.8 12.6  1.2   8  54.4  152.2 384  369  547  178  312  577  265
 7 1998  80.7 11.1 10.2  0.9   8  52.4  204.6 357  341  533  192  280  556  276
 8 1999  93.3 12.6 11.7  0.9   7  68.9  273.5 371  360  510  150  269  523  254
 9 2000 103.8 10.5 10.2  0.3   2  65.0  338.5 343  338  500  162  255  500  245
10 2001 108.9  5.1  5.1  0.0   0  34.1  372.6 369  369    0    0  273  494  221
11 2002 112.8  3.9  3.6  0.3   7  27.2  399.7 411  403  506  103  273  506  233
12 2003 119.1  6.3  6.3  0.0   0  45.9  445.6 381  381    0    0  302  426  124
13 2004 129.9 10.8 10.8  0.0   0  84.5  530.1 354  354    0    0  261  426  165
14 2005 137.1  7.2  7.2  0.0   0  60.4  590.5 350  350    0    0  275  429  154
15 2006 142.2  5.1  5.1  0.0   0  44.7  635.3 374  374    0    0  290  460  170
16 2007 146.7  4.5  3.3  1.2  26  40.8  676.1 412  371  523  152  281  530  249
17 2008 151.5  4.8  3.0  1.8  37  45.0  721.1 448  385  553  168  312  575  263
18 2009 156.3  4.8  3.0  1.8  37  46.4  767.5 455  391  562  171  305  586  281
19 2010 160.8  4.5  3.3  1.2  26  44.8  812.3 443  391  584  193  295  656  361
20 2011 164.7  3.9  2.1  1.8  46  39.9  852.2 487  410  576  166  348  623  275
21 2012 168.0  3.3  2.1  1.2  36  34.5  886.7 454  379  584  205  322  631  309
22 2013 170.4  2.4  1.2  1.2  49  25.5  912.2 471  369  574  205  350  640  290
23 2014 172.8  2.4  0.9  1.5  62  25.9  938.1 571  432  655  223  396  706  310

Core Length:  172.8 mm
Core Density: 399 kg/m3
Cross-sectional Density:  394 kg/m3
Early/Latewood Threshold: 500 kg/m3
Attenuation Constant: 3.07

ִִִִִִִִִִִִִִִִִִִִִִִִִִִִִִִִִִִִִִִִִִִִִִִִִִִִִִִִִִִִִִִִִִִִִִִִִִִִִִִ
Core : 23
ֲֲֲִִִִִִִִִִִִִִִִִִִִִִִִִִִִִִִִִִִִִִִִִִִִִִִִִִִִִִִִִִִִִִִִִִִִִִִִִִִִ
       ³Widths (mm)              ³ Areas    ³ Densities (kg/m3)
       ³                         ³ (cm‎)    ³
Ring   ³Outer Ring Erly Late   % ³Incr Total³Ring E/Wd L/Wd Unif  Min  Max  Rng
 # Year³ Rad.      Wood Wood  LW ³          ³mean mean mean
ֱֱֱִִִִִִִִִִִִִִִִִִִִִִִִִִִִִִִִִִִִִִִִִִִִִִִִִִִִִִִִִִִִִִִִִִִִִִִִִִִִ

 2 1992  13.0 13.0  2.4  0.6   4   5.3    5.3 427  408  505   97  363  509  146
 3 1993  26.2 13.2 13.2  0.0   0  16.3   21.6 360  360    0    0  308  493  185
 4 1994  48.7 22.5 21.0  1.5   6  52.9   74.5 326  313  516  203  261  526  265
 5 1995  70.6 21.9 21.0  0.9   4  82.1  156.6 357  350  520  170  291  546  255
 6 1996  83.2 12.6 12.3  0.3   2  60.9  217.5 375  371  524  153  283  524  241
 7 1997 101.5 18.3 17.4  0.9   4 106.2  323.7 387  381  517  136  296  533  237
 8 1998 120.7 19.2 19.2  0.0   0 134.0  457.7 371  371    0    0  307  471  164
 9 1999 138.7 18.0 18.0  0.0   0 146.7  604.4 371  371    0    0  297  497  200
10 2000 151.9 13.2 12.6  0.6   4 120.5  724.9 376  370  514  144  288  516  228
11 2001 159.7  7.8  7.8  0.0   0  76.4  801.2 365  365    0    0  283  465  182
12 2002 165.7  6.0  5.4  0.6  10  61.3  862.6 372  358  502  144  261  504  243
13 2003 178.0 12.3 12.3  0.0   0 132.8  995.4 405  405    0    0  317  491  174
14 2004 189.4 11.4 11.1  0.3   2 131.6 1127.0 379  375  512  137  294  512  218
15 2005 203.2 13.8 13.2  0.6   4 170.2 1297.2 389  383  524  141  303  544  241
16 2006 212.8  9.6  9.0  0.6   6 125.5 1422.6 412  403  535  132  299  555  256
17 2007 219.1  6.3  5.1  1.2  19  85.5 1508.1 416  385  547  162  337  581  244
18 2008 224.8  5.7  3.9  1.8  31  79.5 1587.6 463  419  557  138  346  624  278
19 2009 229.3  4.5  2.7  1.8  40  64.2 1651.8 463  407  547  140  369  595  226
20 2010 233.8  4.5  3.6  0.9  20  65.5 1717.3 456  414  625  211  343  632  289
21 2011 235.6  1.8  1.5  0.3  16  26.5 1743.8 404  366  597  231  314  597  283
22 2012 237.7  2.1  1.5  0.6  28  31.2 1775.0 443  404  540  136  306  556  250
23 2013 239.5  1.8  0.9  0.9  49  27.0 1802.0 462  356  569  213  345  630  285
24 2014 242.8  3.3  1.5  1.8  54  50.0 1852.0 489  375  584  209  320  623  303

Core Length:  233.4 mm
Core Density: 402 kg/m3
Cross-sectional Density:  396 kg/m3
Early/Latewood Threshold: 500 kg/m3
Attenuation Constant: 3.07

ִִִִִִִִִִִִִִִִִִִִִִִִִִִִִִִִִִִִִִִִִִִִִִִִִִִִִִִִִִִִִִִִִִִִִִִִִִִִִִִ
Core : 25
ֲֲֲִִִִִִִִִִִִִִִִִִִִִִִִִִִִִִִִִִִִִִִִִִִִִִִִִִִִִִִִִִִִִִִִִִִִִִִִִִִִ
       ³Widths (mm)              ³ Areas    ³ Densities (kg/m3)
       ³                         ³ (cm‎)    ³
Ring   ³Outer Ring Erly Late   % ³Incr Total³Ring E/Wd L/Wd Unif  Min  Max  Rng
 # Year³ Rad.      Wood Wood  LW ³          ³mean mean mean
ֱֱֱִִִִִִִִִִִִִִִִִִִִִִִִִִִִִִִִִִִִִִִִִִִִִִִִִִִִִִִִִִִִִִִִִִִִִִִִִִִִ

 3 1993  31.5 31.5 21.3  1.2   3  31.2   31.2 309  298  515  217  246  528  282
 4 1994  55.2 23.7 22.8  0.9   3  64.6   95.7 302  294  522  228  234  529  295
 5 1995  80.7 25.5 24.9  0.6   2 108.9  204.6 321  316  543  227  257  563  306
 6 1996  95.7 15.0 13.8  1.2   8  83.1  287.7 334  317  532  215  234  562  328
 7 1997 112.5 16.8 16.8  0.0   0 109.9  397.6 338  338    0    0  251  475  224
 8 1998 135.6 23.1 23.1  0.0   0 180.0  577.7 340  340    0    0  254  487  233
 9 1999 163.5 27.9 27.9  0.0   0 262.2  839.8 359  359    0    0  279  491  212
10 2000 183.3 19.8 18.6  1.2   6 215.7 1055.5 360  350  508  158  260  525  265
11 2001 196.5 13.2 12.6  0.6   4 157.5 1213.0 360  353  514  161  270  524  254
12 2002 209.4 12.9 10.8  2.1  16 164.5 1377.5 386  363  507  144  267  519  252
13 2003 223.2 13.8 13.5  0.3   2 187.5 1565.1 367  363  532  169  285  532  247
14 2004 232.5  9.3  9.3  0.0   0 133.1 1698.2 359  359    0    0  255  499  244
15 2005 243.0 10.5 10.5  0.0   0 156.9 1855.1 377  377    0    0  275  498  223
16 2006 249.3  6.3  5.4  0.9  14  97.4 1952.5 390  366  529  163  257  564  307
17 2007 256.2  6.9  5.7  1.2  17 109.6 2062.1 381  352  521  169  260  538  278
18 2008 264.6  8.4  6.3  2.1  25 137.4 2199.5 397  358  515  157  272  544  272
19 2009 271.2  6.6  4.5  2.1  31 111.1 2310.6 397  335  528  193  272  551  279
20 2010 276.3  5.1  3.9  1.2  23  87.7 2398.3 421  372  580  208  305  610  305
21 2011 280.2  3.9  2.4  1.5  38  68.2 2466.5 444  354  588  234  293  612  319
22 2012 282.9  2.7  2.1  0.6  22  47.8 2514.3 387  335  569  234  284  571  287
23 2013 285.0  2.1  1.5  0.6  28  37.5 2551.8 401  318  608  290  285  663  378
24 2014 287.1  2.1  1.5  0.6  28  37.7 2589.5 412  338  597  259  295  602  307

Core Length:  278.1 mm
Core Density: 370 kg/m3
Cross-sectional Density:  367 kg/m3
Early/Latewood Threshold: 500 kg/m3
Attenuation Constant: 3.07

ִִִִִִִִִִִִִִִִִִִִִִִִִִִִִִִִִִִִִִִִִִִִִִִִִִִִִִִִִִִִִִִִִִִִִִִִִִִִִִִ
Core : 28
ֲֲֲִִִִִִִִִִִִִִִִִִִִִִִִִִִִִִִִִִִִִִִִִִִִִִִִִִִִִִִִִִִִִִִִִִִִִִִִִִִִ
       ³Widths (mm)              ³ Areas    ³ Densities (kg/m3)
       ³                         ³ (cm‎)    ³
Ring   ³Outer Ring Erly Late   % ³Incr Total³Ring E/Wd L/Wd Unif  Min  Max  Rng
 # Year³ Rad.      Wood Wood  LW ³          ³mean mean mean
ֱֱֱִִִִִִִִִִִִִִִִִִִִִִִִִִִִִִִִִִִִִִִִִִִִִִִִִִִִִִִִִִִִִִִִִִִִִִִִִִִִ

 2 1992  10.5 10.5  7.5  0.0   0   3.5    3.5 351  351    0    0  284  447  163
 3 1993  24.9 14.4 14.4  0.0   0  16.0   19.5 314  314    0    0  246  461  215
 4 1994  46.5 21.6 21.0  0.6   2  48.5   67.9 318  313  506  193  250  512  262
 5 1995  71.7 25.2 24.3  0.9   3  93.6  161.5 357  350  554  204  289  579  290
 6 1996  89.4 17.7 17.1  0.6   3  89.6  251.1 348  341  550  209  269  573  304
 7 1997 101.1 11.7 10.5  1.2  10  70.0  321.1 375  357  527  170  309  582  273
 8 1998 115.8 14.7 12.6  2.1  14 100.2  421.3 365  335  545  210  276  560  284
 9 1999 130.5 14.7 13.8  0.9   6 113.7  535.0 388  379  531  152  312  541  229
10 2000 144.6 14.1 12.0  2.1  14 121.9  656.9 379  353  530  177  282  594  312
11 2001 158.4 13.8 12.9  0.9   6 131.4  788.2 389  377  563  186  293  581  288
12 2002 168.6 10.2  8.4  1.8  17 104.8  893.0 395  368  523  155  267  569  302
13 2003 176.7  8.1  5.1  3.0  37  87.9  980.9 451  393  549  156  343  570  227
14 2004 183.6  6.9  6.0  0.9  13  78.1 1059.0 379  358  520  162  297  527  230
15 2005 189.9  6.3  6.3  0.0   0  73.9 1132.9 391  391    0    0  300  486  186
16 2006 195.3  5.4  5.4  0.0   0  65.3 1198.3 406  406    0    0  303  498  195
17 2007 200.7  5.4  4.5  0.9  16  67.2 1265.4 427  400  563  163  313  583  270
18 2008 205.8  5.1  2.7  2.4  47  65.1 1330.6 476  367  598  231  308  662  354
19 2009 210.3  4.5  2.7  1.8  40  58.8 1389.4 447  382  545  163  318  568  250
20 2010 215.1  4.8  2.4  2.4  49  64.1 1453.6 461  364  558  194  314  592  278
21 2011 221.4  6.3  5.4  0.9  14  86.4 1539.9 435  421  524  103  334  554  220
22 2012 225.3  3.9  1.8  2.1  53  54.7 1594.7 455  331  560  229  290  599  309
23 2013 228.3  3.0  1.5  1.5  50  42.8 1637.4 470  365  574  209  316  647  331
24 2014 232.2  3.9  1.8  2.1  53  56.4 1693.8 479  348  592  244  301  622  321

Core Length:  229.8 mm
Core Density: 402 kg/m3
Cross-sectional Density:  402 kg/m3
Early/Latewood Threshold: 500 kg/m3
Attenuation Constant: 3.07

ִִִִִִִִִִִִִִִִִִִִִִִִִִִִִִִִִִִִִִִִִִִִִִִִִִִִִִִִִִִִִִִִִִִִִִִִִִִִִִִ
Core : 30
ֲֲֲִִִִִִִִִִִִִִִִִִִִִִִִִִִִִִִִִִִִִִִִִִִִִִִִִִִִִִִִִִִִִִִִִִִִִִִִִִִִ
       ³Widths (mm)              ³ Areas    ³ Densities (kg/m3)
       ³                         ³ (cm‎)    ³
Ring   ³Outer Ring Erly Late   % ³Incr Total³Ring E/Wd L/Wd Unif  Min  Max  Rng
 # Year³ Rad.      Wood Wood  LW ³          ³mean mean mean
ֱֱֱִִִִִִִִִִִִִִִִִִִִִִִִִִִִִִִִִִִִִִִִִִִִִִִִִִִִִִִִִִִִִִִִִִִִִִִִִִִִ

 3 1993  27.1 27.1 17.1  0.0   0  23.1   23.1 347  347    0    0  308  457  149
 4 1994  50.2 23.1 22.8  0.3   1  56.1   79.2 349  347  513  166  288  513  225
 5 1995  71.5 21.3 20.1  1.2   5  81.4  160.6 365  355  533  178  275  545  270
 6 1996  89.2 17.7 16.2  1.5   8  89.4  250.0 385  371  538  167  284  566  282
 7 1997 106.3 17.1 15.0  2.1  12 105.0  355.0 403  386  524  138  306  548  242
 8 1998 123.4 17.1 17.1  0.0   0 123.4  478.4 375  375    0    0  304  499  195
 9 1999 139.3 15.9 15.0  0.9   5 131.2  609.6 394  387  512  125  295  525  230
10 2000 152.2 12.9 12.0  0.9   6 118.1  727.7 385  376  514  138  279  528  249
11 2001 161.8  9.6  9.3  0.3   3  94.7  822.4 376  372  501  129  281  501  220
12 2002 170.2  8.4  7.5  0.9  10  87.6  910.1 397  384  506  122  264  511  247
13 2003 180.7 10.5 10.5  0.0   0 115.8 1025.8 391  391    0    0  284  496  212
14 2004 187.6  6.9  5.4  1.5  21  79.8 1105.6 398  366  514  148  271  528  257
15 2005 195.1  7.5  6.3  1.2  16  90.2 1195.8 412  393  516  123  295  520  225
16 2006 201.1  6.0  6.0  0.0   0  74.7 1270.5 392  392    0    0  298  483  185
17 2007 205.9  4.8  3.9  0.9  18  61.4 1331.9 421  395  532  137  300  554  254
18 2008 211.6  5.7  3.6  2.1  36  74.8 1406.6 433  372  538  166  320  562  242
19 2009 215.5  3.9  2.7  1.2  30  52.3 1459.0 429  370  564  194  317  592  275
20 2010 220.3  4.8  3.6  1.2  25  65.7 1524.7 430  390  549  159  343  566  223
21 2011 223.6  3.3  2.1  1.2  36  46.0 1570.7 434  368  549  181  334  582  248
22 2012 226.6  3.0  2.1  0.9  30  42.4 1613.1 431  372  570  198  337  604  267
23 2013 229.6  3.0  2.1  0.9  30  43.0 1656.1 466  406  605  199  365  633  268
24 2014 234.7  5.1  2.7  2.4  47  74.4 1730.5 475  385  577  192  346  604  258

Core Length:  225.3 mm
Core Density: 404 kg/m3
Cross-sectional Density:  400 kg/m3
Early/Latewood Threshold: 500 kg/m3
Attenuation Constant: 3.07

ִִִִִִִִִִִִִִִִִִִִִִִִִִִִִִִִִִִִִִִִִִִִִִִִִִִִִִִִִִִִִִִִִִִִִִִִִִִִִִִ
Core : 33
ֲֲֲִִִִִִִִִִִִִִִִִִִִִִִִִִִִִִִִִִִִִִִִִִִִִִִִִִִִִִִִִִִִִִִִִִִִִִִִִִִִ
       ³Widths (mm)              ³ Areas    ³ Densities (kg/m3)
       ³                         ³ (cm‎)    ³
Ring   ³Outer Ring Erly Late   % ³Incr Total³Ring E/Wd L/Wd Unif  Min  Max  Rng
 # Year³ Rad.      Wood Wood  LW ³          ³mean mean mean
ֱֱֱִִִִִִִִִִִִִִִִִִִִִִִִִִִִִִִִִִִִִִִִִִִִִִִִִִִִִִִִִִִִִִִִִִִִִִִִִִִִ

 1 1992   6.9  6.9  6.9  0.0   0   1.5    1.5 389  389    0    0  317  458  141
 2 1993  20.1 13.2 12.9  0.3   2  11.2   12.7 343  340  505  165  289  505  216
 3 1994  42.3 22.2 21.0  1.2   5  43.5   56.2 330  319  529  210  262  543  281
 4 1995  66.3 24.0 22.8  1.2   5  81.9  138.1 346  336  539  203  296  566  270
 5 1996  75.3  9.0  8.4  0.6   6  40.0  178.1 369  356  555  199  236  573  337
 6 1997  83.7  8.4  7.5  0.9  10  42.0  220.1 397  377  564  187  290  599  309
 7 1998  96.0 12.3 11.4  0.9   7  69.4  289.5 376  364  533  169  287  561  274
 8 1999 110.1 14.1 14.1  0.0   0  91.3  380.8 380  380    0    0  319  495  176
 9 2000 122.4 12.3 12.0  0.3   2  89.8  470.7 359  355  518  163  282  518  236
10 2001 134.1 11.7 11.4  0.3   2  94.3  564.9 365  361  516  155  273  516  243
11 2002 142.8  8.7  8.4  0.3   3  75.7  640.6 375  371  504  133  263  504  241
12 2003 154.5 11.7 11.7  0.0   0 109.3  749.9 381  381    0    0  313  477  164
13 2004 164.1  9.6  9.3  0.3   3  96.1  846.0 376  372  508  136  288  508  220
14 2005 171.9  7.8  7.5  0.3   3  82.3  928.3 384  379  521  142  292  521  229
15 2006 178.8  6.9  6.6  0.3   4  76.0 1004.3 393  387  511  124  282  511  229
16 2007 184.2  5.4  4.5  0.9  16  61.6 1065.9 384  358  515  157  277  530  253
17 2008 189.9  5.7  3.6  2.1  36  67.0 1132.9 446  373  571  198  273  616  343
18 2009 195.9  6.0  3.9  2.1  35  72.7 1205.6 438  377  553  176  317  580  263
19 2010 199.8  3.9  2.7  1.2  30  48.5 1254.1 457  403  577  174  351  617  266
20 2011 202.5  2.7  1.5  1.2  44  34.1 1288.2 450  385  533  148  333  555  222
21 2012 205.5  3.0  2.4  0.6  20  38.5 1326.7 402  368  537  169  309  552  243
22 2013 208.2  2.7  1.5  1.2  44  35.1 1361.8 462  376  570  194  324  596  272
23 2014 211.5  3.3  1.8  1.5  45  43.5 1405.3 459  364  572  208  309  605  296

Core Length:  212.1 mm
Core Density: 393 kg/m3
Cross-sectional Density:  390 kg/m3
Early/Latewood Threshold: 500 kg/m3
Attenuation Constant: 3.07

ִִִִִִִִִִִִִִִִִִִִִִִִִִִִִִִִִִִִִִִִִִִִִִִִִִִִִִִִִִִִִִִִִִִִִִִִִִִִִִִ
Core : 45
ֲֲֲִִִִִִִִִִִִִִִִִִִִִִִִִִִִִִִִִִִִִִִִִִִִִִִִִִִִִִִִִִִִִִִִִִִִִִִִִִִִ
       ³Widths (mm)              ³ Areas    ³ Densities (kg/m3)
       ³                         ³ (cm‎)    ³
Ring   ³Outer Ring Erly Late   % ³Incr Total³Ring E/Wd L/Wd Unif  Min  Max  Rng
 # Year³ Rad.      Wood Wood  LW ³          ³mean mean mean
ֱֱֱִִִִִִִִִִִִִִִִִִִִִִִִִִִִִִִִִִִִִִִִִִִִִִִִִִִִִִִִִִִִִִִִִִִִִִִִִִִִ

 2 1992  10.0 10.0  9.0  0.0   0   3.1    3.1 364  364    0    0  227  473  246
 3 1993  18.4  8.4  8.4  0.0   0   7.5   10.6 369  369    0    0  282  450  168
 4 1994  41.5 23.1 23.1  0.0   0  43.5   54.1 330  330    0    0  255  477  222
 5 1995  68.2 26.7 26.1  0.6   2  92.0  146.1 340  336  521  185  277  529  252
 6 1996  85.6 17.4 16.8  0.6   3  84.1  230.2 359  353  514  161  248  520  272
 7 1997 105.4 19.8 19.8  0.0   0 118.8  349.0 367  367    0    0  289  478  189
 8 1998 129.1 23.7 23.7  0.0   0 174.6  523.6 379  379    0    0  307  496  189
 9 1999 152.5 23.4 23.4  0.0   0 207.0  730.6 368  368    0    0  297  492  195
10 2000 169.9 17.4 16.5  0.9   5 176.2  906.9 374  366  523  157  279  548  269
11 2001 182.8 12.9 12.3  0.6   4 142.9 1049.8 370  362  518  156  288  527  239
12 2002 196.0 13.2 11.4  1.8  13 157.1 1206.9 395  374  529  155  300  557  257
13 2003 208.3 12.3 10.5  1.8  14 156.2 1363.1 431  416  519  103  353  531  178
14 2004 219.7 11.4  9.3  2.1  18 153.3 1516.4 415  390  526  136  320  562  242
15 2005 229.9 10.2  9.6  0.6   5 144.1 1660.5 408  401  518  117  324  524  200
16 2006 238.0  8.1  7.8  0.3   3 119.1 1779.5 389  384  510  126  324  510  186
17 2007 244.3  6.3  4.8  1.5  23  95.5 1875.0 395  350  539  189  317  574  257
18 2008 252.7  8.4  7.2  1.2  14 131.2 2006.1 402  379  541  162  320  569  249
19 2009 258.1  5.4  3.9  1.5  27  86.7 2092.8 419  375  534  159  338  550  212
20 2010 264.4  6.3  4.8  1.5  23 103.4 2196.2 427  389  549  160  350  594  244
21 2011 268.6  4.2  2.7  1.5  35  70.3 2266.5 458  409  548  139  369  591  222
22 2012 272.5  3.9  2.4  1.5  38  66.3 2332.8 448  393  537  144  334  579  245
23 2013 277.0  4.5  3.0  1.5  33  77.7 2410.5 450  407  536  129  320  563  243
24 2014 281.8  4.8  3.9  0.9  18  84.3 2494.8 447  434  507   73  335  520  185

Core Length:  282.3 mm
Core Density: 395 kg/m3
Cross-sectional Density:  396 kg/m3
Early/Latewood Threshold: 500 kg/m3
Attenuation Constant: 3.07

ִִִִִִִִִִִִִִִִִִִִִִִִִִִִִִִִִִִִִִִִִִִִִִִִִִִִִִִִִִִִִִִִִִִִִִִִִִִִִִִ
Core : 43
ֲֲֲִִִִִִִִִִִִִִִִִִִִִִִִִִִִִִִִִִִִִִִִִִִִִִִִִִִִִִִִִִִִִִִִִִִִִִִִִִִִ
       ³Widths (mm)              ³ Areas    ³ Densities (kg/m3)
       ³                         ³ (cm‎)    ³
Ring   ³Outer Ring Erly Late   % ³Incr Total³Ring E/Wd L/Wd Unif  Min  Max  Rng
 # Year³ Rad.      Wood Wood  LW ³          ³mean mean mean
ֱֱֱִִִִִִִִִִִִִִִִִִִִִִִִִִִִִִִִִִִִִִִִִִִִִִִִִִִִִִִִִִִִִִִִִִִִִִִִִִִִ

 2 1992   5.8  5.8  4.8  0.0   0   1.1    1.1 468  468    0    0  301  497  196
 3 1993  22.6 16.8 15.9  0.9   5  15.0   16.0 399  392  524  132  338  542  204
 4 1994  37.3 14.7 14.4  0.3   2  27.7   43.7 348  344  529  185  301  529  228
 5 1995  54.1 16.8 15.9  0.9   5  48.2   91.9 369  359  547  188  313  586  273
 6 1996  62.2  8.1  7.2  0.9  11  29.6  121.5 395  373  575  202  263  615  352
 7 1997  73.6 11.4  9.9  1.5  13  48.6  170.2 409  387  556  169  326  602  276
 8 1998  90.1 16.5 14.7  1.8  10  84.9  255.0 408  394  519  125  321  544  223
 9 1999 104.5 14.4 12.6  1.8  12  88.0  343.1 394  375  526  151  306  560  254
10 2000 115.3 10.8  8.4  2.4  22  74.6  417.6 420  379  564  185  321  608  287
11 2001 123.1  7.8  6.0  1.8  23  58.4  476.1 434  390  582  192  323  628  305
12 2002 128.8  5.7  4.2  1.5  26  45.1  521.2 445  401  568  167  358  647  289
13 2003 134.2  5.4  4.5  0.9  16  44.6  565.8 445  410  620  210  360  650  290
14 2004 138.7  4.5  3.6  0.9  20  38.6  604.4 436  392  612  220  352  647  295
15 2005 141.7  3.0  2.4  0.6  20  26.4  630.8 440  390  638  248  349  680  331
16 2006 143.2  1.5  1.2  0.3  20  13.4  644.2 482  446  627  181  399  627  228
17 2007 145.0  1.8  1.5  0.3  16  16.3  660.5 434  398  615  217  361  615  254
18 2008 146.2  1.2  0.9  0.3  24  11.0  671.5 452  415  564  149  377  564  187
19 2009 147.4  1.2  0.9  0.3  25  11.1  682.6 435  397  548  151  357  548  191

Core Length:  147.3 mm
Core Density: 422 kg/m3
Cross-sectional Density:  414 kg/m3
Early/Latewood Threshold: 500 kg/m3
Attenuation Constant: 3.07

