File : C:\DENSITOM\KINLEI~1\ATIA15.DAT
Cores :
7
12
14
15
18
22
32
36
41
50
54
61
66

ִִִִִִִִִִִִִִִִִִִִִִִִִִִִִִִִִִִִִִִִִִִִִִִִִִִִִִִִִִִִִִִִִִִִִִִִִִִִִִִ
Core : 7
ֲֲֲִִִִִִִִִִִִִִִִִִִִִִִִִִִִִִִִִִִִִִִִִִִִִִִִִִִִִִִִִִִִִִִִִִִִִִִִִִִִ
       ³Widths (mm)              ³ Areas    ³ Densities (kg/m3)
       ³                         ³ (cm‎)    ³
Ring   ³Outer Ring Erly Late   % ³Incr Total³Ring E/Wd L/Wd Unif  Min  Max  Rng
 # Year³ Rad.      Wood Wood  LW ³          ³mean mean mean
ֱֱֱִִִִִִִִִִִִִִִִִִִִִִִִִִִִִִִִִִִִִִִִִִִִִִִִִִִִִִִִִִִִִִִִִִִִִִִִִִִִ

 2 1992  14.7 14.7 11.7  0.0   0   6.8    6.8 301  301    0    0  247  380  133
 3 1993  34.2 19.5 19.5  0.0   0  30.0   36.7 294  294    0    0  241  462  221
 4 1994  63.9 29.7 29.1  0.6   2  91.5  128.3 350  347  504  157  233  505  272
 5 1995  89.7 25.8 25.2  0.6   2 124.5  252.8 375  371  536  165  304  557  253
 6 1996 116.4 26.7 26.1  0.6   2 172.9  425.7 332  327  521  194  232  528  296
 7 1997 141.6 25.2 25.2  0.0   0 204.3  629.9 328  328    0    0  268  490  222
 8 1998 170.7 29.1 29.1  0.0   0 285.5  915.4 332  332    0    0  239  494  255
 9 1999 195.9 25.2 24.9  0.3   1 290.2 1205.6 345  343  500  157  263  500  237
10 2000 213.3 17.4 17.4  0.0   0 223.7 1429.3 319  319    0    0  246  490  244
11 2001 228.0 14.7 14.7  0.0   0 203.8 1633.1 313  313    0    0  220  497  277
12 2002 240.6 12.6 12.6  0.0   0 185.5 1818.6 316  316    0    0  216  485  269
13 2003 256.8 16.2 16.2  0.0   0 253.1 2071.8 312  312    0    0  232  445  213
14 2004 268.2 11.4 11.4  0.0   0 188.0 2259.8 320  320    0    0  238  475  237
15 2005 279.9 11.7 11.7  0.0   0 201.5 2461.2 317  317    0    0  215  455  240
16 2006 288.6  8.7  8.7  0.0   0 155.4 2616.6 329  329    0    0  233  465  232
17 2007 296.4  7.8  7.2  0.6   7 143.4 2760.0 344  329  526  197  248  540  292
18 2008 301.5  5.1  4.2  0.9  17  95.8 2855.8 364  320  571  251  266  586  320
19 2009 305.4  3.9  3.3  0.6  15  74.4 2930.1 362  325  571  246  277  584  307
20 2010 309.9  4.5  4.2  0.3   6  87.0 3017.1 356  339  604  265  269  604  335
21 2011 314.4  4.5  3.6  0.9  20  88.3 3105.4 389  336  602  266  281  662  381
22 2012 318.3  3.9  3.0  0.9  23  77.5 3182.9 365  309  553  244  269  627  358
23 2013 321.6  3.3  3.0  0.3   9  66.3 3249.2 365  345  560  215  296  560  264
24 2014 324.9  3.3  2.4  0.9  27  67.0 3316.3 445  396  575  179  320  603  283

Core Length:  322.5 mm
Core Density: 342 kg/m3
Cross-sectional Density:  336 kg/m3
Early/Latewood Threshold: 500 kg/m3
Attenuation Constant: 3.07

ִִִִִִִִִִִִִִִִִִִִִִִִִִִִִִִִִִִִִִִִִִִִִִִִִִִִִִִִִִִִִִִִִִִִִִִִִִִִִִִ
Core : 12
ֲֲֲִִִִִִִִִִִִִִִִִִִִִִִִִִִִִִִִִִִִִִִִִִִִִִִִִִִִִִִִִִִִִִִִִִִִִִִִִִִִ
       ³Widths (mm)              ³ Areas    ³ Densities (kg/m3)
       ³                         ³ (cm‎)    ³
Ring   ³Outer Ring Erly Late   % ³Incr Total³Ring E/Wd L/Wd Unif  Min  Max  Rng
 # Year³ Rad.      Wood Wood  LW ³          ³mean mean mean
ֱֱֱִִִִִִִִִִִִִִִִִִִִִִִִִִִִִִִִִִִִִִִִִִִִִִִִִִִִִִִִִִִִִִִִִִִִִִִִִִִִ

 3 1993  13.0 13.0  9.0  0.0   0   5.3    5.3 357  357    0    0  273  437  164
 4 1994  35.8 22.8 22.8  0.0   0  35.0   40.3 322  322    0    0  255  471  216
 5 1995  56.8 21.0 21.0  0.0   0  61.1  101.4 327  327    0    0  267  459  192
 6 1996  75.1 18.3 18.3  0.0   0  75.8  177.2 333  333    0    0  248  455  207
 7 1997  88.6 13.5 13.5  0.0   0  69.4  246.6 323  323    0    0  262  471  209
 8 1998 103.3 14.7 14.7  0.0   0  88.6  335.2 334  334    0    0  230  468  238
 9 1999 114.1 10.8  8.1  2.7  24  73.8  409.0 359  304  527  223  244  560  316
10 2000 122.8  8.7  6.9  1.8  20  64.7  473.7 348  297  544  247  249  570  321
11 2001 129.4  6.6  5.7  0.9  13  52.3  526.0 339  313  504  191  256  513  257
12 2002 135.4  6.0  5.1  0.9  15  49.9  576.0 349  308  582  274  258  639  381
13 2003 141.4  6.0  5.4  0.6  10  52.2  628.1 364  333  642  309  283  651  368
14 2004 146.8  5.4  4.2  1.2  22  48.9  677.0 355  304  536  232  270  586  316
15 2005 151.6  4.8  4.5  0.3   6  45.0  722.0 340  325  554  229  265  554  289
16 2006 155.2  3.6  3.3  0.3   8  34.7  756.7 364  349  529  180  289  529  240
17 2007 158.2  3.0  2.7  0.3  10  29.5  786.3 372  358  501  143  301  501  200
18 2008 160.3  2.1  1.8  0.3  14  21.0  807.3 405  385  527  142  333  527  194
19 2009 163.0  2.7  2.1  0.6  22  27.4  834.7 400  359  544  185  326  553  227
20 2010 166.0  3.0  2.4  0.6  20  31.0  865.7 391  354  540  186  302  561  259
21 2011 169.0  3.0  2.4  0.6  20  31.6  897.3 403  367  547  180  334  568  234
22 2012 172.0  3.0  3.0  0.0   0  32.1  929.4 370  370    0    0  303  480  177
23 2013 175.0  3.0  3.0  0.0   0  32.7  962.1 376  376    0    0  322  485  163
24 2014 176.8  1.8  1.5  0.3  16  19.9  982.0 435  416  528  112  369  528  159

Core Length:  173.4 mm
Core Density: 362 kg/m3
Cross-sectional Density:  353 kg/m3
Early/Latewood Threshold: 500 kg/m3
Attenuation Constant: 3.07

ִִִִִִִִִִִִִִִִִִִִִִִִִִִִִִִִִִִִִִִִִִִִִִִִִִִִִִִִִִִִִִִִִִִִִִִִִִִִִִִ
Core : 14
ֲֲֲִִִִִִִִִִִִִִִִִִִִִִִִִִִִִִִִִִִִִִִִִִִִִִִִִִִִִִִִִִִִִִִִִִִִִִִִִִִִ
       ³Widths (mm)              ³ Areas    ³ Densities (kg/m3)
       ³                         ³ (cm‎)    ³
Ring   ³Outer Ring Erly Late   % ³Incr Total³Ring E/Wd L/Wd Unif  Min  Max  Rng
 # Year³ Rad.      Wood Wood  LW ³          ³mean mean mean
ֱֱֱִִִִִִִִִִִִִִִִִִִִִִִִִִִִִִִִִִִִִִִִִִִִִִִִִִִִִִִִִִִִִִִִִִִִִִִִִִִִ

 1 1991   2.7  2.7  2.7  0.0   0   0.2    0.2 403  403    0    0  345  485  140
 2 1992  13.2 10.5 10.5  0.0   0   5.2    5.5 376  376    0    0  307  480  173
 3 1993  31.8 18.6 18.6  0.0   0  26.3   31.8 329  329    0    0  278  455  177
 4 1994  57.9 26.1 26.1  0.0   0  73.6  105.3 326  326    0    0  259  482  223
 5 1995  80.4 22.5 21.3  1.2   5  97.8  203.1 351  341  523  182  260  544  284
 6 1996 102.6 22.2 21.6  0.6   2 127.6  330.7 362  358  532  174  284  558  274
 7 1997 120.6 18.0 18.0  0.0   0 126.2  456.9 354  354    0    0  280  496  216
 8 1998 137.7 17.1 17.1  0.0   0 138.8  595.7 348  348    0    0  264  485  221
 9 1999 153.0 15.3 14.1  1.2   7 139.7  735.4 377  366  514  148  280  528  248
10 2000 166.2 13.2 10.5  2.7  20 132.4  867.8 378  342  518  176  264  530  266
11 2001 176.7 10.5  8.4  2.1  20 113.1  980.9 384  347  532  185  293  565  272
12 2002 186.0  9.3  6.9  2.4  25 106.0 1086.9 402  347  559  212  276  601  325
13 2003 195.0  9.0  7.2  1.8  19 107.7 1194.6 388  353  527  174  295  544  249
14 2004 202.8  7.8  6.0  1.8  23  97.5 1292.1 381  339  520  181  287  554  267
15 2005 208.8  6.0  4.5  1.5  25  77.6 1369.7 401  349  557  208  281  563  282
16 2006 213.9  5.1  4.2  0.9  17  67.7 1437.4 386  347  569  222  286  592  306
17 2007 217.8  3.9  3.3  0.6  15  52.9 1490.3 392  354  603  249  307  652  345
18 2008 221.7  3.9  2.7  1.2  30  53.8 1544.1 425  354  584  230  317  628  311
19 2009 225.6  3.9  3.3  0.6  15  54.8 1598.9 421  384  621  237  317  626  309
20 2010 228.6  3.0  2.4  0.6  20  42.8 1641.7 409  360  609  249  313  671  358
21 2011 231.6  3.0  2.1  0.9  30  43.4 1685.1 438  373  588  215  321  617  296
22 2012 234.3  2.7  2.1  0.6  22  39.5 1724.6 419  372  583  211  312  585  273
23 2013 236.7  2.4  2.1  0.3  12  35.5 1760.1 393  364  596  232  338  596  258
24 2014 239.1  2.4  1.5  0.9  37  35.9 1796.0 442  349  596  247  319  629  310

Core Length:  239.7 mm
Core Density: 386 kg/m3
Cross-sectional Density:  380 kg/m3
Early/Latewood Threshold: 500 kg/m3
Attenuation Constant: 3.07

ִִִִִִִִִִִִִִִִִִִִִִִִִִִִִִִִִִִִִִִִִִִִִִִִִִִִִִִִִִִִִִִִִִִִִִִִִִִִִִִ
Core : 15
ֲֲֲִִִִִִִִִִִִִִִִִִִִִִִִִִִִִִִִִִִִִִִִִִִִִִִִִִִִִִִִִִִִִִִִִִִִִִִִִִִִ
       ³Widths (mm)              ³ Areas    ³ Densities (kg/m3)
       ³                         ³ (cm‎)    ³
Ring   ³Outer Ring Erly Late   % ³Incr Total³Ring E/Wd L/Wd Unif  Min  Max  Rng
 # Year³ Rad.      Wood Wood  LW ³          ³mean mean mean
ֱֱֱִִִִִִִִִִִִִִִִִִִִִִִִִִִִִִִִִִִִִִִִִִִִִִִִִִִִִִִִִִִִִִִִִִִִִִִִִִִִ

 5 1996  24.9 24.9 18.9  0.0   0  19.5   19.5 342  342    0    0  299  493  194
 6 1997  46.5 21.6 21.6  0.0   0  48.5   67.9 320  320    0    0  259  477  218
 7 1998  66.0 19.5 18.6  0.9   4  68.9  136.8 347  337  539  202  260  567  307
 8 1999  81.3 15.3 14.4  0.9   5  70.8  207.6 355  343  546  203  277  588  311
 9 2000  93.6 12.3 11.4  0.9   7  67.6  275.2 349  333  547  214  296  579  283
10 2001 105.0 11.4 11.1  0.3   2  71.1  346.4 333  327  557  230  274  557  283
11 2002 112.8  7.8  7.2  0.6   7  53.4  399.7 351  336  531  195  285  550  265
12 2003 117.9  5.1  4.2  0.9  17  37.0  436.7 379  342  555  213  263  571  308
13 2004 123.3  5.4  4.8  0.6  11  40.9  477.6 379  356  560  204  280  609  329
14 2005 126.9  3.6  2.7  0.9  25  28.3  505.9 390  332  564  232  281  666  385
15 2006 130.5  3.6  3.0  0.6  16  29.1  535.0 397  358  593  235  323  661  338
16 2007 134.7  4.2  3.3  0.9  21  35.0  570.0 391  343  565  222  304  582  278
17 2008 138.6  3.9  3.3  0.6  15  33.5  603.5 407  367  626  259  299  651  352
18 2009 143.4  4.8  3.0  1.8  37  42.5  646.0 435  359  563  204  294  628  334
19 2010 147.9  4.5  3.3  1.2  26  41.2  687.2 428  371  586  215  302  674  372
20 2011 152.4  4.5  3.3  1.2  26  42.5  729.7 449  379  640  261  323  680  357
21 2012 155.7  3.3  2.1  1.2  36  31.9  761.6 451  375  584  209  318  629  311
22 2013 159.6  3.9  3.0  0.9  23  38.6  800.2 421  361  618  257  295  707  412
23 2014 162.6  3.0  2.1  0.9  30  30.4  830.6 449  390  586  196  341  673  332

Core Length:  157.8 mm
Core Density: 388 kg/m3
Cross-sectional Density:  380 kg/m3
Early/Latewood Threshold: 500 kg/m3
Attenuation Constant: 3.07

ִִִִִִִִִִִִִִִִִִִִִִִִִִִִִִִִִִִִִִִִִִִִִִִִִִִִִִִִִִִִִִִִִִִִִִִִִִִִִִִ
Core : 18
ֲֲֲִִִִִִִִִִִִִִִִִִִִִִִִִִִִִִִִִִִִִִִִִִִִִִִִִִִִִִִִִִִִִִִִִִִִִִִִִִִִ
       ³Widths (mm)              ³ Areas    ³ Densities (kg/m3)
       ³                         ³ (cm‎)    ³
Ring   ³Outer Ring Erly Late   % ³Incr Total³Ring E/Wd L/Wd Unif  Min  Max  Rng
 # Year³ Rad.      Wood Wood  LW ³          ³mean mean mean
ֱֱֱִִִִִִִִִִִִִִִִִִִִִִִִִִִִִִִִִִִִִִִִִִִִִִִִִִִִִִִִִִִִִִִִִִִִִִִִִִִִ

 2 1992   9.4  9.4  5.4  0.0   0   2.8    2.8 337  337    0    0  272  427  155
 3 1993  28.0 18.6 18.6  0.0   0  21.9   24.6 304  304    0    0  254  438  184
 4 1994  52.0 24.0 23.1  0.9   3  60.3   84.9 318  311  514  203  256  519  263
 5 1995  73.0 21.0 20.1  0.9   4  82.5  167.4 337  328  531  203  269  546  277
 6 1996  86.8 13.8 12.6  1.2   8  69.3  236.7 383  368  545  177  277  575  298
 7 1997 103.0 16.2 15.0  1.2   7  96.6  333.3 360  348  518  170  287  533  246
 8 1998 119.8 16.8 16.8  0.0   0 117.6  450.9 345  345    0    0  259  484  225
 9 1999 131.8 12.0 10.8  1.2  10  94.9  545.7 354  336  513  177  254  519  265
10 2000 143.5 11.7  9.3  2.4  20 101.2  646.9 374  320  583  263  257  626  369
11 2001 151.9  8.4  6.3  2.1  24  78.0  724.9 391  340  542  202  281  616  335
12 2002 157.0  5.1  3.6  1.5  29  49.5  774.4 406  336  574  238  295  620  325
13 2003 162.7  5.7  4.5  1.2  21  57.2  831.6 418  364  622  258  293  676  383
14 2004 167.2  4.5  3.3  1.2  26  46.6  878.3 416  357  580  223  306  606  300
15 2005 173.5  6.3  5.1  1.2  19  67.4  945.7 408  360  613  253  308  634  326
16 2006 180.1  6.6  4.5  2.1  31  73.3 1019.0 439  371  585  214  313  653  340
17 2007 185.8  5.7  4.8  0.9  15  65.5 1084.5 434  389  671  282  339  693  354
18 2008 190.0  4.2  3.0  1.2  28  49.6 1134.1 458  381  649  268  338  676  338
19 2009 193.9  3.9  2.4  1.5  38  47.0 1181.2 466  382  602  220  326  691  365
20 2010 198.4  4.5  2.7  1.8  40  55.5 1236.6 472  382  608  226  324  704  380
21 2011 202.9  4.5  2.7  1.8  40  56.7 1293.3 459  362  604  242  322  654  332
22 2012 205.6  2.7  2.1  0.6  22  34.7 1328.0 446  397  619  222  344  631  287
23 2013 208.6  3.0  1.8  1.2  40  39.0 1367.0 470  401  573  172  358  645  287
24 2014 211.6  3.0  1.5  1.5  50  39.6 1406.6 529  401  657  256  346  719  373

Core Length:  208.8 mm
Core Density: 405 kg/m3
Cross-sectional Density:  399 kg/m3
Early/Latewood Threshold: 500 kg/m3
Attenuation Constant: 3.07

ִִִִִִִִִִִִִִִִִִִִִִִִִִִִִִִִִִִִִִִִִִִִִִִִִִִִִִִִִִִִִִִִִִִִִִִִִִִִִִִ
Core : 22
ֲֲֲִִִִִִִִִִִִִִִִִִִִִִִִִִִִִִִִִִִִִִִִִִִִִִִִִִִִִִִִִִִִִִִִִִִִִִִִִִִִ
       ³Widths (mm)              ³ Areas    ³ Densities (kg/m3)
       ³                         ³ (cm‎)    ³
Ring   ³Outer Ring Erly Late   % ³Incr Total³Ring E/Wd L/Wd Unif  Min  Max  Rng
 # Year³ Rad.      Wood Wood  LW ³          ³mean mean mean
ֱֱֱִִִִִִִִִִִִִִִִִִִִִִִִִִִִִִִִִִִִִִִִִִִִִִִִִִִִִִִִִִִִִִִִִִִִִִִִִִִִ

 3 1993  15.1 15.1 11.1  0.0   0   7.2    7.2 332  332    0    0  286  470  184
 4 1994  35.8 20.7 20.4  0.3   1  33.1   40.3 290  287  508  221  226  508  282
 5 1995  53.5 17.7 17.4  0.3   1  49.7   89.9 296  292  539  247  232  539  307
 6 1996  73.0 19.5 19.2  0.3   1  77.5  167.4 326  323  530  207  218  530  312
 7 1997  91.3 18.3 18.3  0.0   0  94.5  261.9 330  330    0    0  254  473  219
 8 1998 108.4 17.1 17.1  0.0   0 107.3  369.2 339  339    0    0  252  479  227
 9 1999 121.3 12.9 12.6  0.3   2  93.1  462.2 339  335  513  178  252  513  261
10 2000 129.7  8.4  8.1  0.3   3  66.2  528.5 306  296  585  289  236  585  349
11 2001 135.7  6.0  5.1  0.9  15  50.0  578.5 357  322  555  233  265  577  312
12 2002 140.2  4.5  3.3  1.2  26  39.0  617.5 361  288  562  274  245  640  395
13 2003 146.2  6.0  4.8  1.2  20  54.0  671.5 400  348  606  258  312  654  342
14 2004 150.4  4.2  3.0  1.2  28  39.1  710.6 425  359  590  231  312  625  313
15 2005 154.9  4.5  3.3  1.2  26  43.2  753.8 419  354  596  242  291  642  351
16 2006 157.6  2.7  1.5  1.2  44  26.5  780.3 472  379  588  209  326  642  316
17 2007 160.6  3.0  2.4  0.6  20  30.0  810.3 425  375  624  249  314  689  375
18 2008 164.5  3.9  2.4  1.5  38  39.8  850.1 468  377  614  237  337  702  365
19 2009 167.2  2.7  1.8  0.9  33  28.1  878.3 462  393  600  207  342  677  335
20 2010 170.5  3.3  2.4  0.9  27  35.0  913.3 432  371  597  226  307  691  384
21 2011 175.6  5.1  3.0  2.1  41  55.5  968.7 483  396  609  213  328  678  350
22 2012 178.6  3.0  1.8  1.2  40  33.4 1002.1 506  414  643  229  381  687  306
23 2013 181.3  2.7  1.8  0.9  33  30.5 1032.6 444  375  580  205  335  625  290
24 2014 184.3  3.0  1.5  1.5  50  34.5 1067.1 495  387  603  216  348  670  322

Core Length:  180.9 mm
Core Density: 395 kg/m3
Cross-sectional Density:  380 kg/m3
Early/Latewood Threshold: 500 kg/m3
Attenuation Constant: 3.07

ִִִִִִִִִִִִִִִִִִִִִִִִִִִִִִִִִִִִִִִִִִִִִִִִִִִִִִִִִִִִִִִִִִִִִִִִִִִִִִִ
Core : 32
ֲֲֲִִִִִִִִִִִִִִִִִִִִִִִִִִִִִִִִִִִִִִִִִִִִִִִִִִִִִִִִִִִִִִִִִִִִִִִִִִִִ
       ³Widths (mm)              ³ Areas    ³ Densities (kg/m3)
       ³                         ³ (cm‎)    ³
Ring   ³Outer Ring Erly Late   % ³Incr Total³Ring E/Wd L/Wd Unif  Min  Max  Rng
 # Year³ Rad.      Wood Wood  LW ³          ³mean mean mean
ֱֱֱִִִִִִִִִִִִִִִִִִִִִִִִִִִִִִִִִִִִִִִִִִִִִִִִִִִִִִִִִִִִִִִִִִִִִִִִִִִִ

 2 1993  12.6 12.6 11.4  1.2   9   5.0    5.0 363  346  524  178  270  538  268
 3 1994  33.0 20.4 19.5  0.9   4  29.2   34.2 372  364  538  174  281  555  274
 4 1995  50.1 17.1 15.6  1.5   8  44.6   78.9 376  362  526  164  286  576  290
 5 1996  64.8 14.7 13.2  1.5  10  53.1  131.9 412  400  516  116  310  545  235
 6 1997  85.2 20.4 15.6  4.8  23  96.1  228.0 411  376  526  150  298  551  253
 7 1998 108.6 23.4 21.9  1.5   6 142.5  370.5 385  376  516  140  278  530  252
 8 1999 125.1 16.5 15.3  1.2   7 121.1  491.7 401  390  531  141  324  548  224
 9 2000 134.4  9.3  7.8  1.5  16  75.8  567.5 366  331  547  216  276  558  282
10 2001 141.9  7.5  6.3  1.2  16  65.1  632.6 379  351  525  174  280  545  265
11 2002 148.8  6.9  6.0  0.9  13  63.0  695.6 372  345  550  205  267  585  318
12 2003 155.1  6.3  5.1  1.2  19  60.1  755.7 413  367  605  238  319  626  307
13 2004 159.3  4.2  3.3  0.9  21  41.5  797.2 388  347  539  192  319  564  245
14 2005 162.6  3.3  2.4  0.9  27  33.4  830.6 428  371  579  208  315  607  292
15 2006 165.3  2.7  2.1  0.6  22  27.8  858.4 415  369  579  210  310  599  289
16 2007 167.4  2.1  1.5  0.6  28  21.9  880.4 423  358  585  227  335  631  296
17 2008 168.9  1.5  1.2  0.3  20  15.8  896.2 391  354  538  184  329  538  209
18 2009 170.4  1.5  1.2  0.3  20  16.0  912.2 419  378  586  208  336  586  250
19 2010 172.2  1.8  1.2  0.6  33  19.4  931.6 456  398  573  175  342  605  263
20 2011 174.6  2.4  1.5  0.9  37  26.1  957.7 468  402  578  176  355  605  250
21 2012 177.0  2.4  1.5  0.9  37  26.5  984.2 434  347  579  232  317  599  282
22 2013 178.8  1.8  1.5  0.3  16  20.1 1004.3 425  397  562  165  328  562  234
23 2014 180.9  2.1  1.2  0.9  42  23.7 1028.1 452  373  558  185  319  588  269

Core Length:  180.9 mm
Core Density: 406 kg/m3
Cross-sectional Density:  399 kg/m3
Early/Latewood Threshold: 500 kg/m3
Attenuation Constant: 3.07

ִִִִִִִִִִִִִִִִִִִִִִִִִִִִִִִִִִִִִִִִִִִִִִִִִִִִִִִִִִִִִִִִִִִִִִִִִִִִִִִ
Core : 36
ֲֲֲִִִִִִִִִִִִִִִִִִִִִִִִִִִִִִִִִִִִִִִִִִִִִִִִִִִִִִִִִִִִִִִִִִִִִִִִִִִִ
       ³Widths (mm)              ³ Areas    ³ Densities (kg/m3)
       ³                         ³ (cm‎)    ³
Ring   ³Outer Ring Erly Late   % ³Incr Total³Ring E/Wd L/Wd Unif  Min  Max  Rng
 # Year³ Rad.      Wood Wood  LW ³          ³mean mean mean
ֱֱֱִִִִִִִִִִִִִִִִִִִִִִִִִִִִִִִִִִִִִִִִִִִִִִִִִִִִִִִִִִִִִִִִִִִִִִִִִִִִ

 2 1992   4.5  4.5  4.5  0.0   0   0.6    0.6 331  331    0    0  288  396  108
 3 1993  21.6 17.1 17.1  0.0   0  14.0   14.7 314  314    0    0  249  496  247
 4 1994  39.9 18.3 17.7  0.6   3  35.4   50.0 309  300  560  260  238  568  330
 5 1995  54.6 14.7 13.5  1.2   8  43.6   93.7 337  316  580  264  259  610  351
 6 1996  66.9 12.3 11.4  0.9   7  46.9  140.6 364  347  579  232  261  610  349
 7 1997  79.8 12.9 11.7  1.2   9  59.5  200.1 348  330  524  194  284  552  268
 8 1998  92.4 12.6 11.7  0.9   7  68.2  268.2 346  332  528  196  265  557  292
 9 1999 102.0  9.6  7.2  2.4  24  58.6  326.9 389  333  560  227  272  603  331
10 2000 109.2  7.2  6.3  0.9  12  47.8  374.6 368  336  586  250  266  629  363
11 2001 116.4  7.2  6.0  1.2  16  51.0  425.7 383  344  580  236  275  628  353
12 2002 121.5  5.1  4.5  0.6  11  38.1  463.8 386  354  625  271  257  646  389
13 2003 128.1  6.6  4.5  2.1  31  51.8  515.5 419  339  589  250  306  655  349
14 2004 133.2  5.1  3.9  1.2  23  41.9  557.4 388  331  574  243  302  630  328
15 2005 137.4  4.2  3.6  0.6  14  35.7  593.1 419  389  602  213  308  616  308
16 2006 141.6  4.2  3.0  1.2  28  36.8  629.9 433  378  569  191  313  641  328
17 2007 145.2  3.6  3.0  0.6  16  32.4  662.3 423  387  600  213  311  652  341
18 2008 149.1  3.9  2.1  1.8  46  36.1  698.4 480  384  593  209  334  642  308
19 2009 153.0  3.9  2.7  1.2  30  37.0  735.4 433  367  580  213  318  631  313
20 2010 156.3  3.3  2.1  1.2  36  32.1  767.5 443  383  550  167  334  617  283
21 2011 159.6  3.3  2.4  0.9  27  32.8  800.2 455  397  610  213  373  642  269
22 2012 163.2  3.6  2.4  1.2  33  36.5  836.7 469  411  586  175  357  620  263
23 2013 167.1  3.9  2.4  1.5  38  40.5  877.2 492  414  617  203  365  650  285
24 2014 171.3  4.2  1.8  2.4  57  44.7  921.9 507  374  606  232  333  654  321

Core Length:  172.5 mm
Core Density: 401 kg/m3
Cross-sectional Density:  402 kg/m3
Early/Latewood Threshold: 500 kg/m3
Attenuation Constant: 3.07

ִִִִִִִִִִִִִִִִִִִִִִִִִִִִִִִִִִִִִִִִִִִִִִִִִִִִִִִִִִִִִִִִִִִִִִִִִִִִִִִ
Core : 41
ֲֲֲִִִִִִִִִִִִִִִִִִִִִִִִִִִִִִִִִִִִִִִִִִִִִִִִִִִִִִִִִִִִִִִִִִִִִִִִִִִִ
       ³Widths (mm)              ³ Areas    ³ Densities (kg/m3)
       ³                         ³ (cm‎)    ³
Ring   ³Outer Ring Erly Late   % ³Incr Total³Ring E/Wd L/Wd Unif  Min  Max  Rng
 # Year³ Rad.      Wood Wood  LW ³          ³mean mean mean
ֱֱֱִִִִִִִִִִִִִִִִִִִִִִִִִִִִִִִִִִִִִִִִִִִִִִִִִִִִִִִִִִִִִִִִִִִִִִִִִִִִ

 2 1992   6.0  6.0  3.0  0.0   0   1.1    1.1 384  384    0    0  337  438  101
 3 1993  24.6 18.6 18.6  0.0   0  17.9   19.0 325  325    0    0  262  484  222
 4 1994  46.5 21.9 21.3  0.6   2  48.9   67.9 313  308  513  205  243  517  274
 5 1995  64.5 18.0 17.1  0.9   5  62.8  130.7 334  324  532  208  242  543  301
 6 1996  81.0 16.5 15.3  1.2   7  75.4  206.1 362  347  552  205  254  584  330
 7 1997  94.2 13.2 12.9  0.3   2  72.7  278.8 359  355  536  181  291  536  245
 8 1998 106.8 12.6 11.7  0.9   7  79.6  358.3 380  370  519  149  282  536  254
 9 1999 116.7  9.9  7.2  2.7  27  69.5  427.9 401  350  537  187  267  569  302
10 2000 124.8  8.1  6.0  2.1  25  61.5  489.3 392  339  544  205  287  560  273
11 2001 132.0  7.2  5.7  1.5  20  58.1  547.4 386  336  576  240  280  610  330
12 2002 138.9  6.9  4.5  2.4  34  58.7  606.1 428  332  607  275  291  670  379
13 2003 147.0  8.1  5.7  2.4  29  72.8  678.9 432  349  628  279  305  693  388
14 2004 153.9  6.9  5.4  1.5  21  65.2  744.1 388  335  581  246  298  619  321
15 2005 159.9  6.0  4.8  1.2  20  59.1  803.2 387  339  582  243  291  620  329
16 2006 165.3  5.4  3.9  1.5  27  55.2  858.4 417  352  585  233  297  600  303
17 2007 170.1  4.8  3.9  0.9  18  50.6  909.0 403  362  580  218  330  670  340
18 2008 174.3  4.2  2.7  1.5  35  45.4  954.4 463  375  622  247  333  650  317
19 2009 179.1  4.8  3.3  1.5  31  53.3 1007.7 433  357  601  244  317  645  328
20 2010 184.8  5.7  4.2  1.5  26  65.2 1072.9 430  368  605  237  316  659  343
21 2011 189.6  4.8  3.0  1.8  37  56.5 1129.3 474  391  613  222  325  677  352
22 2012 195.0  5.4  4.2  1.2  22  65.2 1194.6 427  385  575  190  349  588  239

Core Length:  194.7 mm
Core Density: 396 kg/m3
Cross-sectional Density:  397 kg/m3
Early/Latewood Threshold: 500 kg/m3
Attenuation Constant: 3.07

ִִִִִִִִִִִִִִִִִִִִִִִִִִִִִִִִִִִִִִִִִִִִִִִִִִִִִִִִִִִִִִִִִִִִִִִִִִִִִִִ
Core : 50
ֲֲֲִִִִִִִִִִִִִִִִִִִִִִִִִִִִִִִִִִִִִִִִִִִִִִִִִִִִִִִִִִִִִִִִִִִִִִִִִִִִ
       ³Widths (mm)              ³ Areas    ³ Densities (kg/m3)
       ³                         ³ (cm‎)    ³
Ring   ³Outer Ring Erly Late   % ³Incr Total³Ring E/Wd L/Wd Unif  Min  Max  Rng
 # Year³ Rad.      Wood Wood  LW ³          ³mean mean mean
ֱֱֱִִִִִִִִִִִִִִִִִִִִִִִִִִִִִִִִִִִִִִִִִִִִִִִִִִִִִִִִִִִִִִִִִִִִִִִִִִִִ

 1 1991   4.8  4.8  4.8  0.0   0   0.7    0.7 340  340    0    0  248  382  134
 2 1992  13.5  8.7  8.7  0.0   0   5.0    5.7 304  304    0    0  239  437  198
 3 1993  31.2 17.7 17.7  0.0   0  24.9   30.6 296  296    0    0  249  466  217
 4 1994  52.8 21.6 21.3  0.3   1  57.0   87.6 309  306  532  226  239  532  293
 5 1995  72.3 19.5 18.6  0.9   4  76.6  164.2 336  326  556  230  269  588  319
 6 1996  90.6 18.3 17.4  0.9   4  93.7  257.9 348  338  540  202  262  560  298
 7 1997 107.7 17.1 16.2  0.9   5 106.5  364.4 343  334  508  174  275  513  238
 8 1998 125.7 18.0 16.5  1.5   8 132.0  496.4 341  324  529  205  242  540  298
 9 1999 138.0 12.3 12.0  0.3   2 101.9  598.3 352  348  526  178  280  526  246
10 2000 146.1  8.1  6.6  1.5  18  72.3  670.6 376  339  538  199  276  561  285
11 2001 151.5  5.4  4.5  0.9  16  50.5  721.1 397  366  549  183  312  596  284
12 2002 154.8  3.3  2.1  1.2  36  31.8  752.8 456  387  577  190  336  613  277
13 2003 156.9  2.1  1.5  0.6  28  20.6  773.4 471  412  618  206  387  620  233
14 2004 159.6  2.7  1.2  1.5  55  26.8  800.2 474  385  546  161  360  596  236
15 2005 161.7  2.1  1.2  0.9  42  21.2  821.4 480  405  580  175  357  620  263
16 2006 164.4  2.7  1.8  0.9  33  27.7  849.1 472  431  555  124  384  573  189
17 2007 165.9  1.5  0.9  0.6  40  15.6  864.7 474  446  517   71  424  521   97

Core Length:  166.5 mm
Core Density: 386 kg/m3
Cross-sectional Density:  366 kg/m3
Early/Latewood Threshold: 500 kg/m3
Attenuation Constant: 3.07

ִִִִִִִִִִִִִִִִִִִִִִִִִִִִִִִִִִִִִִִִִִִִִִִִִִִִִִִִִִִִִִִִִִִִִִִִִִִִִִִ
Core : 54
ֲֲֲִִִִִִִִִִִִִִִִִִִִִִִִִִִִִִִִִִִִִִִִִִִִִִִִִִִִִִִִִִִִִִִִִִִִִִִִִִִִ
       ³Widths (mm)              ³ Areas    ³ Densities (kg/m3)
       ³                         ³ (cm‎)    ³
Ring   ³Outer Ring Erly Late   % ³Incr Total³Ring E/Wd L/Wd Unif  Min  Max  Rng
 # Year³ Rad.      Wood Wood  LW ³          ³mean mean mean
ֱֱֱִִִִִִִִִִִִִִִִִִִִִִִִִִִִִִִִִִִִִִִִִִִִִִִִִִִִִִִִִִִִִִִִִִִִִִִִִִִִ

 2 1992   3.3  3.3  3.3  0.0   0   0.3    0.3 348  348    0    0  293  406  113
 3 1993  16.8 13.5 13.5  0.0   0   8.5    8.9 318  318    0    0  276  451  175
 4 1994  40.8 24.0 24.0  0.0   0  43.4   52.3 308  308    0    0  256  405  149
 5 1995  66.9 26.1 25.8  0.3   1  88.3  140.6 299  296  512  216  228  512  284
 6 1996  91.2 24.3 24.0  0.3   1 120.7  261.3 328  326  510  184  243  510  267
 7 1997 112.5 21.3 21.3  0.0   0 136.3  397.6 336  336    0    0  280  476  196
 8 1998 131.1 18.6 18.3  0.3   1 142.3  540.0 330  327  512  185  242  512  270
 9 1999 145.5 14.4 14.4  0.0   0 125.1  665.1 348  348    0    0  273  478  205
10 2000 154.2  8.7  8.7  0.0   0  81.9  747.0 371  371    0    0  249  496  247
11 2001 160.5  6.3  6.3  0.0   0  62.3  809.3 346  346    0    0  272  467  195
12 2002 166.2  5.7  5.4  0.3   5  58.5  867.8 372  364  518  154  261  518  257
13 2003 176.1  9.9  9.0  0.9   9 106.5  974.2 373  359  506  147  263  517  254
14 2004 186.0  9.9  9.9  0.0   0 112.6 1086.9 374  374    0    0  271  485  214
15 2005 193.8  7.8  7.2  0.6   7  93.1 1179.9 385  373  526  153  283  545  262
16 2006 201.0  7.2  7.2  0.0   0  89.3 1269.2 365  365    0    0  292  481  189
17 2007 205.5  4.5  4.2  0.3   6  57.5 1326.7 370  357  542  185  298  542  244
18 2008 210.3  4.8  3.3  1.5  31  62.7 1389.4 434  381  550  169  317  581  264
19 2009 217.2  6.9  5.4  1.5  21  92.7 1482.1 397  358  540  182  309  583  274
20 2010 222.3  5.1  4.2  0.9  17  70.4 1552.5 407  375  556  181  312  569  257
21 2011 225.3  3.0  2.4  0.6  20  42.2 1594.7 414  374  574  200  313  578  265
22 2012 228.0  2.7  1.8  0.9  33  38.5 1633.1 433  379  541  162  313  560  247
23 2013 231.3  3.3  2.7  0.6  18  47.6 1680.7 407  372  565  193  323  608  285
24 2014 234.3  3.0  1.5  1.5  50  43.9 1724.6 462  367  556  189  325  610  285

Core Length:  234.9 mm
Core Density: 370 kg/m3
Cross-sectional Density:  365 kg/m3
Early/Latewood Threshold: 500 kg/m3
Attenuation Constant: 3.07

ִִִִִִִִִִִִִִִִִִִִִִִִִִִִִִִִִִִִִִִִִִִִִִִִִִִִִִִִִִִִִִִִִִִִִִִִִִִִִִִ
Core : 61
ֲֲֲִִִִִִִִִִִִִִִִִִִִִִִִִִִִִִִִִִִִִִִִִִִִִִִִִִִִִִִִִִִִִִִִִִִִִִִִִִִִ
       ³Widths (mm)              ³ Areas    ³ Densities (kg/m3)
       ³                         ³ (cm‎)    ³
Ring   ³Outer Ring Erly Late   % ³Incr Total³Ring E/Wd L/Wd Unif  Min  Max  Rng
 # Year³ Rad.      Wood Wood  LW ³          ³mean mean mean
ֱֱֱִִִִִִִִִִִִִִִִִִִִִִִִִִִִִִִִִִִִִִִִִִִִִִִִִִִִִִִִִִִִִִִִִִִִִִִִִִִִ

 1 1991  12.6 12.6  9.6  0.0   0   5.0    5.0 366  366    0    0  323  471  148
 2 1992  18.0  5.4  5.1  0.3   5   5.2   10.2 387  380  509  129  329  509  180
 3 1993  38.7 20.7 19.8  0.9   4  36.9   47.1 352  343  541  198  270  556  286
 4 1994  59.7 21.0 19.8  1.2   5  64.9  112.0 329  316  544  228  236  565  329
 5 1995  79.8 20.1 18.6  1.5   7  88.1  200.1 357  339  578  239  247  644  397
 6 1996  99.0 19.2 18.0  1.2   6 107.8  307.9 355  342  547  205  274  582  308
 7 1997 118.2 19.2 18.3  0.9   4 131.0  438.9 342  333  508  175  267  515  248
 8 1998 132.9 14.7 12.6  2.1  14 116.0  554.9 368  334  569  235  273  589  316
 9 1999 142.8  9.9  9.0  0.9   9  85.7  640.6 341  318  573  255  253  609  356
10 2000 151.2  8.4  7.5  0.9  10  77.6  718.2 353  327  570  243  269  578  309
11 2001 157.5  6.3  5.1  1.2  19  61.1  779.3 368  319  576  257  260  596  336
12 2002 163.2  5.7  4.8  0.9  15  57.4  836.7 379  336  609  273  293  668  375
13 2003 166.5  3.3  3.0  0.3   9  34.2  870.9 340  310  639  329  275  639  364
14 2004 169.2  2.7  2.4  0.3  11  28.5  899.4 370  343  593  250  273  593  320
15 2005 170.7  1.5  1.5  0.0   0  16.0  915.4 350  350    0    0  289  454  165
16 2006 172.5  1.8  1.8  0.0   0  19.4  934.8 362  362    0    0  271  480  209
17 2007 174.3  1.8  1.5  0.3  16  19.6  954.4 394  359  574  215  313  574  261
18 2008 175.8  1.5  1.2  0.3  20  16.5  970.9 406  356  609  253  325  609  284
19 2009 177.0  1.2  0.9  0.3  25  13.3  984.2 394  356  507  151  327  507  180
20 2010 178.2  1.2  1.2  0.0   0  13.4  997.6 410  410    0    0  321  495  174
21 2011 178.8  0.6  0.6  0.0   0   6.7 1004.3 377  377    0    0  323  432  109
22 2012 179.4  0.6  0.6  0.0   0   6.8 1011.1 389  389    0    0  350  428   78
23 2013 180.0  0.6  0.6  0.0   0   6.8 1017.9 437  437    0    0  381  494  113

Core Length:  177.0 mm
Core Density: 370 kg/m3
Cross-sectional Density:  357 kg/m3
Early/Latewood Threshold: 500 kg/m3
Attenuation Constant: 3.07

ִִִִִִִִִִִִִִִִִִִִִִִִִִִִִִִִִִִִִִִִִִִִִִִִִִִִִִִִִִִִִִִִִִִִִִִִִִִִִִִ
Core : 66
ֲֲֲִִִִִִִִִִִִִִִִִִִִִִִִִִִִִִִִִִִִִִִִִִִִִִִִִִִִִִִִִִִִִִִִִִִִִִִִִִִִ
       ³Widths (mm)              ³ Areas    ³ Densities (kg/m3)
       ³                         ³ (cm‎)    ³
Ring   ³Outer Ring Erly Late   % ³Incr Total³Ring E/Wd L/Wd Unif  Min  Max  Rng
 # Year³ Rad.      Wood Wood  LW ³          ³mean mean mean
ֱֱֱִִִִִִִִִִִִִִִִִִִִִִִִִִִִִִִִִִִִִִִִִִִִִִִִִִִִִִִִִִִִִִִִִִִִִִִִִִִִ

 3 1993  18.7 18.7 14.7  0.0   0  11.0   11.0 366  366    0    0  265  476  211
 4 1994  41.2 22.5 21.6  0.9   4  42.3   53.3 327  319  509  190  259  520  261
 5 1995  58.9 17.7 16.8  0.9   5  55.7  109.0 349  338  554  216  283  577  294
 6 1996  78.4 19.5 18.9  0.6   3  84.1  193.1 356  350  539  189  284  572  288
 7 1997 100.0 21.6 20.4  1.2   5 121.1  314.2 367  357  524  167  289  537  248
 8 1998 125.2 25.2 23.7  1.5   5 178.3  492.4 352  341  522  181  271  544  273
 9 1999 144.4 19.2 17.7  1.5   7 162.6  655.1 374  361  530  169  280  570  290
10 2000 155.5 11.1  9.3  1.8  16 104.6  759.6 374  334  579  245  292  622  330
11 2001 166.0 10.5  9.3  1.2  11 106.1  865.7 370  348  545  197  286  591  305
12 2002 173.2  7.2  6.0  1.2  16  76.7  942.4 366  326  565  239  274  637  363
13 2003 182.5  9.3  8.1  1.2  12 103.9 1046.3 394  363  605  242  294  633  339
14 2004 187.9  5.4  4.8  0.6  11  62.8 1109.2 388  359  622  263  294  631  337
15 2005 193.3  5.4  4.8  0.6  11  64.7 1173.9 391  365  597  232  309  609  300
16 2006 196.6  3.3  2.7  0.6  18  40.4 1214.3 415  370  616  246  310  626  316
17 2007 199.0  2.4  2.1  0.3  12  29.8 1244.1 396  374  550  176  332  550  218
18 2008 200.5  1.5  1.2  0.3  20  18.8 1262.9 425  395  543  148  374  543  169
19 2009 201.7  1.2  0.9  0.3  25  15.2 1278.1 443  401  571  170  379  571  192
20 2010 202.6  0.9  0.6  0.3  33  11.4 1289.5 465  431  532  101  412  532  120
21 2011 204.4  1.8  1.2  0.6  33  23.0 1312.5 454  401  562  161  338  570  232
22 2012 205.9  1.5  0.6  0.9  60  19.3 1331.9 531  460  579  119  460  640  180
23 2013 208.6  2.7  1.8  0.9  33  35.2 1367.0 487  419  623  204  389  655  266
24 2014 211.6  3.0  1.2  1.8  60  39.6 1406.6 513  354  619  265  104  708  604

Core Length:  207.6 mm
Core Density: 404 kg/m3
Cross-sectional Density:  383 kg/m3
Early/Latewood Threshold: 500 kg/m3
Attenuation Constant: 3.07

