File : C:\DENSITOM\KINLEI~1\ATIA6N~1.DAT
Cores :
2
4
12
17
18
22
25
29
31
40
46

ִִִִִִִִִִִִִִִִִִִִִִִִִִִִִִִִִִִִִִִִִִִִִִִִִִִִִִִִִִִִִִִִִִִִִִִִִִִִִִִ
Core : 2
ֲֲֲִִִִִִִִִִִִִִִִִִִִִִִִִִִִִִִִִִִִִִִִִִִִִִִִִִִִִִִִִִִִִִִִִִִִִִִִִִִִ
       ³Widths (mm)              ³ Areas    ³ Densities (kg/m3)
       ³                         ³ (cm‎)    ³
Ring   ³Outer Ring Erly Late   % ³Incr Total³Ring E/Wd L/Wd Unif  Min  Max  Rng
 # Year³ Rad.      Wood Wood  LW ³          ³mean mean mean
ֱֱֱִִִִִִִִִִִִִִִִִִִִִִִִִִִִִִִִִִִִִִִִִִִִִִִִִִִִִִִִִִִִִִִִִִִִִִִִִִִִ

 1 1991   9.0  9.0  8.7  0.3   3   2.5    2.5 342  335  542  207  247  542  295
 2 1992  16.8  7.8  7.8  0.0   0   6.3    8.9 333  333    0    0  273  380  107
 3 1993  26.7  9.9  9.9  0.0   0  13.5   22.4 287  287    0    0  251  348   97
 4 1994  41.4 14.7 14.7  0.0   0  31.4   53.8 299  299    0    0  249  405  156
 5 1995  65.1 23.7 23.1  0.6   2  79.3  133.1 336  332  512  180  249  518  269
 6 1996  90.0 24.9 23.4  1.5   6 121.3  254.5 371  360  542  182  298  565  267
 7 1997 115.5 25.5 25.5  0.0   0 164.6  419.1 349  349    0    0  298  447  149
 8 1998 143.1 27.6 27.6  0.0   0 224.2  643.3 351  351    0    0  292  454  162
 9 1999 165.0 21.9 21.9  0.0   0 212.0  855.3 370  370    0    0  314  437  123
10 2000 186.3 21.3 21.3  0.0   0 235.1 1090.4 349  349    0    0  281  495  214
11 2001 205.8 19.5 18.9  0.6   3 240.2 1330.6 356  351  511  160  290  519  229
12 2002 223.8 18.0 18.0  0.0   0 242.9 1573.5 338  338    0    0  275  475  200
13 2003 238.5 14.7 14.4  0.3   2 213.5 1787.0 354  350  524  174  288  524  236
14 2004 249.9 11.4 11.4  0.0   0 174.9 1961.9 357  357    0    0  279  478  199
15 2005 260.7 10.8 10.8  0.0   0 173.2 2135.2 370  370    0    0  270  483  213
16 2006 268.8  8.1  8.1  0.0   0 134.7 2269.9 363  363    0    0  256  458  202
17 2007 273.6  4.8  4.2  0.6  12  81.8 2351.7 368  343  540  197  292  551  259
18 2008 278.1  4.5  3.3  1.2  26  78.0 2429.7 417  368  553  185  313  575  262
19 2009 280.8  2.7  2.4  0.3  11  47.4 2477.1 374  356  523  167  310  523  213
20 2010 284.1  3.3  2.7  0.6  18  58.6 2535.7 440  411  570  159  332  586  254
21 2011 287.4  3.3  2.7  0.6  18  59.2 2594.9 390  358  534  176  341  547  206
22 2012 289.8  2.4  2.1  0.3  12  43.5 2638.4 387  368  527  159  332  527  195
23 2013 292.2  2.4  2.1  0.3  12  43.9 2682.3 409  383  592  209  339  592  253
24 2014 295.2  3.0  1.8  1.2  40  55.4 2737.7 442  381  534  153  349  554  205

Core Length:  295.8 mm
Core Density: 364 kg/m3
Cross-sectional Density:  362 kg/m3
Early/Latewood Threshold: 500 kg/m3
Attenuation Constant: 3.07

ִִִִִִִִִִִִִִִִִִִִִִִִִִִִִִִִִִִִִִִִִִִִִִִִִִִִִִִִִִִִִִִִִִִִִִִִִִִִִִִ
Core : 4
ֲֲֲִִִִִִִִִִִִִִִִִִִִִִִִִִִִִִִִִִִִִִִִִִִִִִִִִִִִִִִִִִִִִִִִִִִִִִִִִִִִ
       ³Widths (mm)              ³ Areas    ³ Densities (kg/m3)
       ³                         ³ (cm‎)    ³
Ring   ³Outer Ring Erly Late   % ³Incr Total³Ring E/Wd L/Wd Unif  Min  Max  Rng
 # Year³ Rad.      Wood Wood  LW ³          ³mean mean mean
ֱֱֱִִִִִִִִִִִִִִִִִִִִִִִִִִִִִִִִִִִִִִִִִִִִִִִִִִִִִִִִִִִִִִִִִִִִִִִִִִִִ

 1 1993  14.7 14.7 14.7  0.0   0   6.8    6.8 322  322    0    0  129  492  363
 2 1994  35.7 21.0 20.1  0.9   4  33.3   40.0 335  326  538  212  241  563  322
 3 1995  56.7 21.0 18.6  2.4  11  61.0  101.0 395  372  574  202  271  648  377
 4 1996  75.6 18.9 17.4  1.5   7  78.6  179.6 382  367  552  185  292  623  331
 5 1997  94.5 18.9 18.6  0.3   1 101.0  280.6 375  373  501  128  308  501  193
 6 1998 115.8 21.3 19.8  1.5   7 140.7  421.3 363  352  512  160  271  523  252
 7 1999 137.4 21.6 19.5  2.1   9 171.8  593.1 396  383  510  127  293  517  224
 8 2000 156.6 19.2 17.4  1.8   9 177.3  770.4 366  350  523  173  290  531  241
 9 2001 168.0 11.4  9.6  1.8  15 116.3  886.7 371  341  527  186  296  563  267
10 2002 178.2 10.2  9.0  1.2  11 110.9  997.6 368  345  538  193  277  556  279
11 2003 189.0 10.8  8.1  2.7  25 124.6 1122.2 403  362  525  163  299  542  243
12 2004 198.6  9.6  7.5  2.1  21 116.9 1239.1 393  349  550  201  305  582  277
13 2005 205.5  6.9  6.0  0.9  13  87.6 1326.7 382  357  550  193  314  564  250
14 2006 209.7  4.2  4.2  0.0   0  54.8 1381.5 378  378    0    0  295  481  186
15 2007 212.7  3.0  2.4  0.6  20  39.8 1421.3 401  357  578  221  329  632  303
16 2008 216.6  3.9  2.7  1.2  30  52.6 1473.9 448  379  604  225  335  647  312
17 2009 221.4  4.8  3.3  1.5  31  66.0 1539.9 428  363  573  210  321  591  270
18 2010 228.0  6.6  5.1  1.5  22  93.2 1633.1 421  374  583  209  284  605  321
19 2011 232.2  4.2  3.0  1.2  28  60.7 1693.8 412  351  565  214  297  569  272
20 2012 235.8  3.6  2.7  0.9  25  52.9 1746.8 402  338  597  259  319  605  286
21 2013 238.5  2.7  1.8  0.9  33  40.2 1787.0 431  358  578  220  325  647  322
22 2014 241.2  2.7  1.8  0.9  33  40.7 1827.7 450  363  624  261  331  668  337

Core Length:  241.8 mm
Core Density: 391 kg/m3
Cross-sectional Density:  389 kg/m3
Early/Latewood Threshold: 500 kg/m3
Attenuation Constant: 3.07

ִִִִִִִִִִִִִִִִִִִִִִִִִִִִִִִִִִִִִִִִִִִִִִִִִִִִִִִִִִִִִִִִִִִִִִִִִִִִִִִ
Core : 12
ֲֲֲִִִִִִִִִִִִִִִִִִִִִִִִִִִִִִִִִִִִִִִִִִִִִִִִִִִִִִִִִִִִִִִִִִִִִִִִִִִִ
       ³Widths (mm)              ³ Areas    ³ Densities (kg/m3)
       ³                         ³ (cm‎)    ³
Ring   ³Outer Ring Erly Late   % ³Incr Total³Ring E/Wd L/Wd Unif  Min  Max  Rng
 # Year³ Rad.      Wood Wood  LW ³          ³mean mean mean
ֱֱֱִִִִִִִִִִִִִִִִִִִִִִִִִִִִִִִִִִִִִִִִִִִִִִִִִִִִִִִִִִִִִִִִִִִִִִִִִִִִ

 4 1994  27.2 27.2 19.2  0.0   0  23.2   23.2 321  321    0    0  271  428  157
 5 1995  50.0 22.8 22.8  0.0   0  55.3   78.5 315  315    0    0  250  474  224
 6 1996  68.9 18.9 18.6  0.3   1  70.6  149.1 314  310  524  214  250  524  274
 7 1997  91.4 22.5 21.9  0.6   2 113.3  262.4 354  349  515  166  279  529  250
 8 1998 116.0 24.6 24.6  0.0   0 160.3  422.7 357  357    0    0  273  494  221
 9 1999 141.8 25.8 25.8  0.0   0 209.0  631.7 346  346    0    0  275  474  199
10 2000 161.6 19.8 19.8  0.0   0 188.7  820.4 329  329    0    0  259  450  191
11 2001 177.8 16.2 16.2  0.0   0 172.7  993.1 325  325    0    0  255  481  226
12 2002 193.4 15.6 15.6  0.0   0 181.9 1175.1 333  333    0    0  255  487  232
13 2003 206.3 12.9 12.9  0.0   0 162.0 1337.1 326  326    0    0  266  481  215
14 2004 217.7 11.4 11.4  0.0   0 151.9 1488.9 333  333    0    0  266  495  229
15 2005 227.3  9.6  9.3  0.3   3 134.2 1623.1 349  343  511  168  253  511  258
16 2006 237.2  9.9  9.9  0.0   0 144.5 1767.6 352  352    0    0  256  479  223
17 2007 243.5  6.3  6.3  0.0   0  95.1 1862.7 332  332    0    0  267  479  212
18 2008 248.0  4.5  4.2  0.3   6  69.5 1932.2 311  296  522  226  273  522  249
19 2009 252.5  4.5  3.9  0.6  13  70.8 2003.0 361  335  526  191  269  541  272
20 2010 256.7  4.2  3.9  0.3   7  67.2 2070.1 321  304  549  245  282  549  267
21 2011 258.8  2.1  2.1  0.0   0  34.0 2104.2 337  337    0    0  289  417  128
22 2012 260.3  1.5  1.2  0.3  20  24.5 2128.6 345  300  526  226  296  526  230
23 2013 261.8  1.5  1.5  0.0   0  24.6 2153.2 327  327    0    0  288  417  129
24 2014 264.2  2.4  2.4  0.0   0  39.7 2192.9 331  331    0    0  277  443  166

Core Length:  256.5 mm
Core Density: 334 kg/m3
Cross-sectional Density:  336 kg/m3
Early/Latewood Threshold: 500 kg/m3
Attenuation Constant: 3.07

ִִִִִִִִִִִִִִִִִִִִִִִִִִִִִִִִִִִִִִִִִִִִִִִִִִִִִִִִִִִִִִִִִִִִִִִִִִִִִִִ
Core : 17
ֲֲֲִִִִִִִִִִִִִִִִִִִִִִִִִִִִִִִִִִִִִִִִִִִִִִִִִִִִִִִִִִִִִִִִִִִִִִִִִִִִ
       ³Widths (mm)              ³ Areas    ³ Densities (kg/m3)
       ³                         ³ (cm‎)    ³
Ring   ³Outer Ring Erly Late   % ³Incr Total³Ring E/Wd L/Wd Unif  Min  Max  Rng
 # Year³ Rad.      Wood Wood  LW ³          ³mean mean mean
ֱֱֱִִִִִִִִִִִִִִִִִִִִִִִִִִִִִִִִִִִִִִִִִִִִִִִִִִִִִִִִִִִִִִִִִִִִִִִִִִִִ

 3 1993  13.9 13.9 12.9  0.0   0   6.1    6.1 354  354    0    0  140  459  319
 4 1994  34.9 21.0 21.0  0.0   0  32.2   38.3 347  347    0    0  273  491  218
 5 1995  61.6 26.7 25.2  1.5   5  80.9  119.2 390  379  560  181  307  600  293
 6 1996  84.7 23.1 21.6  1.5   6 106.2  225.4 377  364  560  196  287  615  328
 7 1997 111.4 26.7 24.0  2.7  10 164.5  389.9 390  375  525  150  293  549  256
 8 1998 137.8 26.4 25.2  1.2   4 206.7  596.6 375  369  508  139  283  519  236
 9 1999 160.6 22.8 19.8  3.0  13 213.7  810.3 385  365  520  155  300  566  266
10 2000 178.3 17.7 15.9  1.8  10 188.4  998.7 372  355  523  168  288  561  273
11 2001 192.4 14.1 13.8  0.3   2 164.2 1162.9 366  362  578  216  284  578  294
12 2002 202.9 10.5  9.6  0.9   8 130.4 1293.3 358  343  521  178  290  551  261
13 2003 213.4 10.5  9.9  0.6   5 137.3 1430.7 368  358  539  181  294  563  269
14 2004 220.3  6.9  6.0  0.9  13  94.0 1524.7 367  344  522  178  276  558  282
15 2005 230.2  9.9  9.0  0.9   9 140.1 1664.8 378  363  538  175  289  556  267
16 2006 236.8  6.6  6.3  0.3   4  96.8 1761.6 365  359  510  151  281  510  229
17 2007 241.3  4.5  3.9  0.6  13  67.6 1829.2 382  354  562  208  298  583  285
18 2008 246.7  5.4  3.6  1.8  33  82.8 1912.0 416  338  570  232  292  595  303
19 2009 253.3  6.6  4.5  2.1  31 103.7 2015.7 410  352  533  181  304  555  251
20 2010 259.9  6.6  5.1  1.5  22 106.4 2122.1 404  358  559  201  298  594  296
21 2011 266.2  6.3  3.9  2.4  38 104.1 2226.2 435  365  547  182  309  572  263
22 2012 271.3  5.1  3.6  1.5  29  86.1 2312.3 408  344  562  218  293  580  287
23 2013 275.5  4.2  3.0  1.2  28  72.1 2384.5 411  341  586  245  300  649  349
24 2014 280.0  4.5  2.7  1.8  40  78.5 2463.0 433  370  528  158  296  560  264

Core Length:  280.5 mm
Core Density: 385 kg/m3
Cross-sectional Density:  385 kg/m3
Early/Latewood Threshold: 500 kg/m3
Attenuation Constant: 3.07

ִִִִִִִִִִִִִִִִִִִִִִִִִִִִִִִִִִִִִִִִִִִִִִִִִִִִִִִִִִִִִִִִִִִִִִִִִִִִִִִ
Core : 18
ֲֲֲִִִִִִִִִִִִִִִִִִִִִִִִִִִִִִִִִִִִִִִִִִִִִִִִִִִִִִִִִִִִִִִִִִִִִִִִִִִִ
       ³Widths (mm)              ³ Areas    ³ Densities (kg/m3)
       ³                         ³ (cm‎)    ³
Ring   ³Outer Ring Erly Late   % ³Incr Total³Ring E/Wd L/Wd Unif  Min  Max  Rng
 # Year³ Rad.      Wood Wood  LW ³          ³mean mean mean
ֱֱֱִִִִִִִִִִִִִִִִִִִִִִִִִִִִִִִִִִִִִִִִִִִִִִִִִִִִִִִִִִִִִִִִִִִִִִִִִִִִ

 1 1992   3.6  3.6  3.6  0.0   0   0.4    0.4 390  390    0    0  292  431  139
 2 1993  20.1 16.5 14.7  1.8  10  12.3   12.7 391  375  517  142  315  532  217
 3 1994  46.5 26.4 25.8  0.6   2  55.2   67.9 376  373  508  135  304  509  205
 4 1995  73.2 26.7 26.1  0.6   2 100.4  168.3 340  336  531  195  281  541  260
 5 1996  95.1 21.9 21.0  0.9   4 115.8  284.1 351  344  519  175  265  523  258
 6 1997 119.4 24.3 24.3  0.0   0 163.8  447.9 344  344    0    0  277  470  193
 7 1998 144.0 24.6 24.6  0.0   0 203.6  651.4 302  302    0    0  209  455  246
 8 1999 166.5 22.5 22.2  0.3   1 219.5  870.9 341  339  503  164  259  503  244
 9 2000 183.6 17.1 17.1  0.0   0 188.1 1059.0 352  352    0    0  260  491  231
10 2001 193.8 10.2 10.2  0.0   0 120.9 1179.9 323  323    0    0  257  464  207
11 2002 200.4  6.6  6.6  0.0   0  81.7 1261.7 338  338    0    0  257  476  219
12 2003 209.1  8.7  8.7  0.0   0 111.9 1373.6 347  347    0    0  262  477  215
13 2004 216.3  7.2  7.2  0.0   0  96.2 1469.8 363  363    0    0  264  492  228
14 2005 224.1  7.8  7.2  0.6   7 107.9 1577.7 370  358  506  148  269  506  237
15 2006 229.5  5.4  4.8  0.6  11  77.0 1654.7 379  362  511  149  272  522  250
16 2007 233.4  3.9  3.6  0.3   7  56.7 1711.4 374  357  577  220  294  577  283
17 2008 236.1  2.7  2.4  0.3  11  39.8 1751.2 351  331  509  178  277  509  232
18 2009 238.5  2.4  1.8  0.6  24  35.8 1787.0 390  347  518  171  286  529  243
19 2010 241.2  2.7  2.7  0.0   0  40.7 1827.7 365  365    0    0  287  485  198
20 2011 243.0  1.8  1.5  0.3  16  27.4 1855.1 396  367  539  172  288  539  251
21 2012 244.8  1.8  1.5  0.3  16  27.6 1882.7 382  354  523  169  300  523  223
22 2013 247.2  2.4  2.1  0.3  12  37.1 1919.8 408  375  640  265  312  640  328
23 2014 249.9  2.7  2.1  0.6  22  42.2 1961.9 430  381  604  223  309  620  311

Core Length:  250.2 mm
Core Density: 365 kg/m3
Cross-sectional Density:  350 kg/m3
Early/Latewood Threshold: 500 kg/m3
Attenuation Constant: 3.07

ִִִִִִִִִִִִִִִִִִִִִִִִִִִִִִִִִִִִִִִִִִִִִִִִִִִִִִִִִִִִִִִִִִִִִִִִִִִִִִִ
Core : 22
ֲֲֲִִִִִִִִִִִִִִִִִִִִִִִִִִִִִִִִִִִִִִִִִִִִִִִִִִִִִִִִִִִִִִִִִִִִִִִִִִִִ
       ³Widths (mm)              ³ Areas    ³ Densities (kg/m3)
       ³                         ³ (cm‎)    ³
Ring   ³Outer Ring Erly Late   % ³Incr Total³Ring E/Wd L/Wd Unif  Min  Max  Rng
 # Year³ Rad.      Wood Wood  LW ³          ³mean mean mean
ֱֱֱִִִִִִִִִִִִִִִִִִִִִִִִִִִִִִִִִִִִִִִִִִִִִִִִִִִִִִִִִִִִִִִִִִִִִִִִִִִִ

 3 1993  21.9 21.9  6.9  0.0   0  15.1   15.1 463  463    0    0  438  494   56
 4 1994  48.6 26.7 25.5  1.2   4  59.1   74.2 348  340  526  186  270  534  264
 5 1995  74.1 25.5 24.6  0.9   3  98.3  172.5 346  339  531  192  281  546  265
 6 1996 102.9 28.8 27.6  1.2   4 160.1  332.6 368  361  535  174  323  554  231
 7 1997 132.6 29.7 27.3  2.4   8 219.7  552.4 387  376  518  142  310  541  231
 8 1998 159.3 26.7 24.3  2.4   8 244.8  797.2 366  351  517  166  293  534  241
 9 1999 179.4 20.1 19.2  0.9   4 213.9 1011.1 372  365  518  153  289  530  241
10 2000 194.1 14.7 14.1  0.6   4 172.5 1183.6 372  366  528  162  280  545  265
11 2001 205.5 11.4 10.5  0.9   7 143.1 1326.7 371  358  518  160  276  536  260
12 2002 215.7 10.2  7.2  3.0  29 135.0 1461.7 410  349  554  205  273  592  319
13 2003 227.7 12.0  8.7  3.3  27 167.2 1628.8 418  364  558  194  307  612  305
14 2004 236.4  8.7  5.1  3.6  41 126.8 1755.7 447  350  585  235  315  631  316
15 2005 245.1  8.7  6.3  2.4  27 131.6 1887.3 417  357  575  218  312  620  308
16 2006 250.5  5.4  3.6  1.8  33  84.1 1971.4 427  368  545  177  310  597  287
17 2007 257.7  7.2  4.8  2.4  33 115.0 2086.3 449  377  594  217  314  649  335
18 2008 267.6  9.9  6.6  3.3  33 163.4 2249.7 452  384  589  205  321  618  297
19 2009 275.7  8.1  6.0  2.1  25 138.3 2387.9 407  361  538  177  306  558  252
20 2010 282.3  6.6  4.8  1.8  27 115.7 2503.6 415  360  561  201  290  611  321
21 2011 288.0  5.7  3.3  2.4  42 102.1 2605.8 451  367  568  201  310  600  290
22 2012 291.9  3.9  2.7  1.2  30  71.1 2676.8 408  331  581  250  288  609  321
23 2013 296.4  4.5  2.4  2.1  46  83.2 2760.0 471  354  604  250  299  652  353
24 2014 303.6  7.2  3.6  3.6  50 135.7 2895.7 465  376  554  178  312  586  274

Core Length:  290.1 mm
Core Density: 410 kg/m3
Cross-sectional Density:  404 kg/m3
Early/Latewood Threshold: 500 kg/m3
Attenuation Constant: 3.07

ִִִִִִִִִִִִִִִִִִִִִִִִִִִִִִִִִִִִִִִִִִִִִִִִִִִִִִִִִִִִִִִִִִִִִִִִִִִִִִִ
Core : 25
ֲֲֲִִִִִִִִִִִִִִִִִִִִִִִִִִִִִִִִִִִִִִִִִִִִִִִִִִִִִִִִִִִִִִִִִִִִִִִִִִִִ
       ³Widths (mm)              ³ Areas    ³ Densities (kg/m3)
       ³                         ³ (cm‎)    ³
Ring   ³Outer Ring Erly Late   % ³Incr Total³Ring E/Wd L/Wd Unif  Min  Max  Rng
 # Year³ Rad.      Wood Wood  LW ³          ³mean mean mean
ֱֱֱִִִִִִִִִִִִִִִִִִִִִִִִִִִִִִִִִִִִִִִִִִִִִִִִִִִִִִִִִִִִִִִִִִִִִִִִִִִִ

 3 1994  20.7 20.7 19.5  1.2   5  13.5   13.5 351  340  530  190  282  542  260
 4 1995  43.5 22.8 21.3  1.5   6  46.0   59.4 344  329  553  224  261  589  328
 5 1996  69.0 25.5 23.4  2.1   8  90.1  149.6 355  338  545  207  263  582  319
 6 1997  94.8 25.8 25.2  0.6   2 132.8  282.3 360  357  503  146  291  505  214
 7 1998 119.4 24.6 24.6  0.0   0 165.5  447.9 351  351    0    0  266  498  232
 8 1999 141.3 21.9 21.0  0.9   4 179.4  627.2 378  373  502  129  281  505  224
 9 2000 159.9 18.6 17.4  1.2   6 176.0  803.2 358  347  515  168  269  537  268
10 2001 175.2 15.3 14.4  0.9   5 161.1  964.3 353  342  524  182  281  534  253
11 2002 187.8 12.6 12.3  0.3   2 143.7 1108.0 364  361  500  139  249  500  251
12 2003 200.7 12.9 12.9  0.0   0 157.4 1265.4 360  360    0    0  273  491  218
13 2004 209.7  9.0  9.0  0.0   0 116.0 1381.5 342  342    0    0  260  491  231
14 2005 215.4  5.7  5.1  0.6  10  76.1 1457.6 351  331  517  186  273  530  257
15 2006 223.8  8.4  7.8  0.6   7 115.9 1573.5 373  362  518  156  266  522  256
16 2007 231.6  7.8  7.2  0.6   7 111.6 1685.1 354  341  508  167  289  515  226
17 2008 238.8  7.2  6.3  0.9  12 106.4 1791.5 377  355  535  180  281  538  257
18 2009 243.9  5.1  4.5  0.6  11  77.3 1868.8 360  338  530  192  291  531  240
19 2010 248.4  4.5  3.9  0.6  13  69.6 1938.4 353  326  526  200  292  531  239
20 2011 252.6  4.2  3.0  1.2  28  66.1 2004.5 394  346  516  170  293  542  249
21 2012 256.5  3.9  3.0  0.9  23  62.4 2066.9 399  356  542  186  311  561  250
22 2013 259.5  3.0  2.4  0.6  20  48.6 2115.6 415  373  585  212  317  597  280
23 2014 262.5  3.0  2.7  0.3  10  49.2 2164.8 384  370  516  146  305  516  211

Core Length:  263.4 mm
Core Density: 365 kg/m3
Cross-sectional Density:  363 kg/m3
Early/Latewood Threshold: 500 kg/m3
Attenuation Constant: 3.07

ִִִִִִִִִִִִִִִִִִִִִִִִִִִִִִִִִִִִִִִִִִִִִִִִִִִִִִִִִִִִִִִִִִִִִִִִִִִִִִִ
Core : 29
ֲֲֲִִִִִִִִִִִִִִִִִִִִִִִִִִִִִִִִִִִִִִִִִִִִִִִִִִִִִִִִִִִִִִִִִִִִִִִִִִִִ
       ³Widths (mm)              ³ Areas    ³ Densities (kg/m3)
       ³                         ³ (cm‎)    ³
Ring   ³Outer Ring Erly Late   % ³Incr Total³Ring E/Wd L/Wd Unif  Min  Max  Rng
 # Year³ Rad.      Wood Wood  LW ³          ³mean mean mean
ֱֱֱִִִִִִִִִִִִִִִִִִִִִִִִִִִִִִִִִִִִִִִִִִִִִִִִִִִִִִִִִִִִִִִִִִִִִִִִִִִִ

 1 1992   8.6  8.6  3.6  0.0   0   2.3    2.3 369  369    0    0  319  449  130
 2 1993  31.7 23.1 23.1  0.0   0  29.2   31.6 335  335    0    0  271  497  226
 3 1994  53.6 21.9 21.0  0.9   4  58.7   90.3 350  342  530  188  279  538  259
 4 1995  75.5 21.9 21.0  0.9   4  88.8  179.1 359  350  568  218  293  594  301
 5 1996  94.4 18.9 16.2  2.7  14 100.9  280.0 381  351  562  211  285  647  362
 6 1997 113.6 19.2 16.5  2.7  14 125.5  405.4 398  373  557  184  310  606  296
 7 1998 136.7 23.1 19.2  3.9  16 181.6  587.1 392  363  535  172  295  570  275
 8 1999 158.0 21.3 18.3  3.0  14 197.2  784.3 394  367  557  190  294  598  304
 9 2000 175.4 17.4 13.5  3.9  22 182.2  966.5 390  345  547  202  291  606  315
10 2001 189.5 14.1 11.7  2.4  17 161.6 1128.2 387  350  568  218  308  609  301
11 2002 199.7 10.2  9.0  1.2  11 124.7 1252.9 385  359  581  222  282  637  355
12 2003 209.0  9.3  8.1  1.2  12 119.4 1372.3 386  355  592  237  303  629  326
13 2004 216.2  7.2  5.4  1.8  25  96.2 1468.5 401  345  567  222  299  595  296
14 2005 225.5  9.3  7.2  2.1  22 129.1 1597.5 411  375  533  158  305  579  274
15 2006 232.1  6.6  5.4  1.2  18  94.9 1692.4 423  391  566  175  325  583  258
16 2007 239.0  6.9  5.4  1.5  21 102.1 1794.5 403  355  579  224  314  627  313
17 2008 245.3  6.3  4.8  1.5  23  95.9 1890.4 408  356  576  220  309  627  318
18 2009 249.2  3.9  3.0  0.9  23  60.6 1950.9 395  348  553  205  300  571  271
19 2010 252.8  3.6  3.3  0.3   8  56.8 2007.7 385  367  586  219  290  586  296
20 2011 256.1  3.3  2.1  1.2  36  52.8 2060.5 449  373  583  210  305  628  323
21 2012 259.1  3.0  1.8  1.2  40  48.6 2109.0 444  357  575  218  335  648  313
22 2013 262.4  3.3  2.4  0.9  27  54.1 2163.1 446  389  599  210  314  621  307
23 2014 264.5  2.1  0.9  1.2  57  34.8 2197.9 517  409  598  189  371  628  257

Core Length:  259.8 mm
Core Density: 400 kg/m3
Cross-sectional Density:  397 kg/m3
Early/Latewood Threshold: 500 kg/m3
Attenuation Constant: 3.07

ִִִִִִִִִִִִִִִִִִִִִִִִִִִִִִִִִִִִִִִִִִִִִִִִִִִִִִִִִִִִִִִִִִִִִִִִִִִִִִִ
Core : 31
ֲֲֲִִִִִִִִִִִִִִִִִִִִִִִִִִִִִִִִִִִִִִִִִִִִִִִִִִִִִִִִִִִִִִִִִִִִִִִִִִִִ
       ³Widths (mm)              ³ Areas    ³ Densities (kg/m3)
       ³                         ³ (cm‎)    ³
Ring   ³Outer Ring Erly Late   % ³Incr Total³Ring E/Wd L/Wd Unif  Min  Max  Rng
 # Year³ Rad.      Wood Wood  LW ³          ³mean mean mean
ֱֱֱִִִִִִִִִִִִִִִִִִִִִִִִִִִִִִִִִִִִִִִִִִִִִִִִִִִִִִִִִִִִִִִִִִִִִִִִִִִִ

 4 1994  26.8 26.8 22.8  0.0   0  22.6   22.6 357  357    0    0  284  499  215
 5 1995  58.0 31.2 30.0  1.2   3  83.1  105.7 361  355  522  167  281  535  254
 6 1996  83.2 25.2 23.7  1.5   5 111.8  217.5 386  376  539  163  287  573  286
 7 1997 105.7 22.5 19.8  2.7  12 133.5  351.0 401  384  527  143  311  568  257
 8 1998 127.9 22.2 18.6  3.6  16 162.9  513.9 404  381  525  144  308  546  238
 9 1999 144.7 16.8 15.9  0.9   5 143.9  657.8 405  400  510  110  324  516  192
10 2000 156.4 11.7  9.6  2.1  17 110.7  768.5 378  349  511  162  266  523  257
11 2001 169.3 12.9 12.6  0.3   2 132.0  900.5 380  376  517  141  281  517  236
12 2002 178.9  9.6  8.1  1.5  15 105.0 1005.5 406  384  526  142  268  545  277
13 2003 192.1 13.2 12.6  0.6   4 153.9 1159.3 399  394  513  119  296  518  222
14 2004 202.3 10.2  9.0  1.2  11 126.4 1285.7 387  371  507  136  288  511  223
15 2005 211.0  8.7  8.7  0.0   0 113.0 1398.7 382  382    0    0  262  486  224
16 2006 217.0  6.0  6.0  0.0   0  80.7 1479.3 370  370    0    0  256  499  243
17 2007 220.6  3.6  2.7  0.9  25  49.5 1528.8 381  326  546  220  279  568  289
18 2008 224.2  3.6  2.4  1.2  33  50.3 1579.1 422  349  567  218  285  613  328
19 2009 229.3  5.1  3.0  2.1  41  72.7 1651.8 428  348  543  195  275  571  296
20 2010 235.3  6.0  4.2  1.8  30  87.6 1739.4 436  389  547  158  317  583  266
21 2011 238.9  3.6  2.7  0.9  24  53.6 1793.0 419  366  580  214  295  589  294
22 2012 241.9  3.0  2.1  0.9  30  45.3 1838.3 423  357  578  221  281  592  311
23 2013 244.6  2.7  2.1  0.6  22  41.3 1879.6 441  379  661  282  315  689  374
24 2014 247.6  3.0  1.8  1.2  40  46.4 1926.0 473  377  617  240  311  636  325

Core Length:  244.2 mm
Core Density: 401 kg/m3
Cross-sectional Density:  398 kg/m3
Early/Latewood Threshold: 500 kg/m3
Attenuation Constant: 3.07

ִִִִִִִִִִִִִִִִִִִִִִִִִִִִִִִִִִִִִִִִִִִִִִִִִִִִִִִִִִִִִִִִִִִִִִִִִִִִִִִ
Core : 40
ֲֲֲִִִִִִִִִִִִִִִִִִִִִִִִִִִִִִִִִִִִִִִִִִִִִִִִִִִִִִִִִִִִִִִִִִִִִִִִִִִִ
       ³Widths (mm)              ³ Areas    ³ Densities (kg/m3)
       ³                         ³ (cm‎)    ³
Ring   ³Outer Ring Erly Late   % ³Incr Total³Ring E/Wd L/Wd Unif  Min  Max  Rng
 # Year³ Rad.      Wood Wood  LW ³          ³mean mean mean
ֱֱֱִִִִִִִִִִִִִִִִִִִִִִִִִִִִִִִִִִִִִִִִִִִִִִִִִִִִִִִִִִִִִִִִִִִִִִִִִִִִ

 3 1993  12.0 12.0  9.0  0.0   0   4.5    4.5 376  376    0    0  320  458  138
 4 1994  31.8 19.8 19.8  0.0   0  27.2   31.8 340  340    0    0  269  482  213
 5 1995  56.4 24.6 22.5  2.1   8  68.2   99.9 384  370  540  170  282  565  283
 6 1996  80.4 24.0 21.9  2.1   8 103.1  203.1 371  353  554  201  287  621  334
 7 1997  99.9 19.5 17.1  2.4  12 110.5  313.5 372  352  519  167  291  539  248
 8 1998 123.6 23.7 22.2  1.5   6 166.4  479.9 373  364  504  140  274  507  233
 9 1999 144.9 21.3 17.4  3.9  18 179.7  659.6 399  368  537  169  300  573  273
10 2000 163.2 18.3 13.8  4.5  24 177.1  836.7 397  353  533  180  298  548  250
11 2001 179.7 16.5 12.3  4.2  25 177.7 1014.5 407  362  541  179  291  582  291
12 2002 194.7 15.0  9.9  5.1  34 176.4 1190.9 429  365  555  190  316  614  298
13 2003 207.9 13.2  9.0  4.2  31 167.0 1357.9 425  369  546  177  328  572  244
14 2004 219.6 11.7  8.4  3.3  28 157.1 1515.0 407  356  536  180  304  561  257
15 2005 229.5  9.9  6.6  3.3  33 139.7 1654.7 416  354  539  185  302  563  261
16 2006 238.5  9.0  8.1  0.9  10 132.3 1787.0 389  373  532  159  301  567  266
17 2007 244.2  5.7  4.8  0.9  15  86.4 1873.4 372  342  533  191  304  560  256
18 2008 249.0  4.8  3.3  1.5  31  74.4 1947.8 421  351  575  224  303  618  315
19 2009 254.4  5.4  3.9  1.5  27  85.4 2033.2 422  370  557  187  304  597  293
20 2010 259.5  5.1  3.3  1.8  35  82.3 2115.6 429  351  570  219  300  659  359
21 2011 262.5  3.0  1.5  1.5  50  49.2 2164.8 486  387  585  198  344  605  261
22 2012 265.5  3.0  2.1  0.9  30  49.8 2214.5 429  372  562  190  320  574  254
23 2013 269.1  3.6  2.4  1.2  33  60.5 2275.0 429  350  587  237  306  627  321
24 2014 272.7  3.6  2.1  1.5  41  61.3 2336.3 443  358  561  203  316  594  278

Core Length:  270.9 mm
Core Density: 405 kg/m3
Cross-sectional Density:  405 kg/m3
Early/Latewood Threshold: 500 kg/m3
Attenuation Constant: 3.07

ִִִִִִִִִִִִִִִִִִִִִִִִִִִִִִִִִִִִִִִִִִִִִִִִִִִִִִִִִִִִִִִִִִִִִִִִִִִִִִִ
Core : 46
ֲֲֲִִִִִִִִִִִִִִִִִִִִִִִִִִִִִִִִִִִִִִִִִִִִִִִִִִִִִִִִִִִִִִִִִִִִִִִִִִִִ
       ³Widths (mm)              ³ Areas    ³ Densities (kg/m3)
       ³                         ³ (cm‎)    ³
Ring   ³Outer Ring Erly Late   % ³Incr Total³Ring E/Wd L/Wd Unif  Min  Max  Rng
 # Year³ Rad.      Wood Wood  LW ³          ³mean mean mean
ֱֱֱִִִִִִִִִִִִִִִִִִִִִִִִִִִִִִִִִִִִִִִִִִִִִִִִִִִִִִִִִִִִִִִִִִִִִִִִִִִִ

 1 1991   2.7  2.7  2.7  0.0   0   0.2    0.2 305  305    0    0  189  415  226
 2 1992   6.0  3.3  3.3  0.0   0   0.9    1.1 322  322    0    0  279  361   82
 3 1993  20.7 14.7 14.7  0.0   0  12.3   13.5 288  288    0    0  240  417  177
 4 1994  42.9 22.2 22.2  0.0   0  44.4   57.8 286  286    0    0  229  454  225
 5 1995  69.9 27.0 26.4  0.6   2  95.7  153.5 310  306  511  205  230  520  290
 6 1996  96.3 26.4 25.5  0.9   3 137.8  291.3 341  335  511  176  260  520  260
 7 1997 128.1 31.8 31.8  0.0   0 224.2  515.5 321  321    0    0  252  427  175
 8 1998 153.3 25.2 25.2  0.0   0 222.8  738.3 323  323    0    0  238  444  206
 9 1999 176.7 23.4 23.4  0.0   0 242.6  980.9 325  325    0    0  268  438  170
10 2000 195.6 18.9 18.9  0.0   0 221.1 1202.0 326  326    0    0  261  462  201
11 2001 211.8 16.2 16.2  0.0   0 207.3 1409.3 332  332    0    0  261  466  205
12 2002 222.9 11.1 11.1  0.0   0 151.6 1560.9 327  327    0    0  249  480  231
13 2003 234.9 12.0 12.0  0.0   0 172.6 1733.5 345  345    0    0  265  447  182
14 2004 243.9  9.0  9.0  0.0   0 135.4 1868.8 338  338    0    0  257  494  237
15 2005 253.8  9.9  9.9  0.0   0 154.8 2023.6 327  327    0    0  253  483  230
16 2006 259.2  5.4  5.4  0.0   0  87.0 2110.7 360  360    0    0  260  469  209
17 2007 266.4  7.2  7.2  0.0   0 118.9 2229.6 382  382    0    0  290  497  207
18 2008 273.3  6.9  5.7  1.2  17 117.0 2346.5 395  372  502  130  291  510  219
19 2009 278.7  5.4  5.4  0.0   0  93.6 2440.2 370  370    0    0  284  498  214
20 2010 283.5  4.8  3.9  0.9  18  84.8 2525.0 383  354  507  153  297  512  215
21 2011 287.7  4.2  3.3  0.9  21  75.4 2600.3 415  382  535  153  285  564  279
22 2012 291.9  4.2  3.3  0.9  21  76.5 2676.8 406  366  553  187  318  560  242
23 2013 295.8  3.9  3.3  0.6  15  72.0 2748.8 403  375  555  180  334  569  235
24 2014 299.1  3.3  2.1  1.2  36  61.7 2810.5 459  387  585  198  343  627  284

Core Length:  299.7 mm
Core Density: 349 kg/m3
Cross-sectional Density:  345 kg/m3
Early/Latewood Threshold: 500 kg/m3
Attenuation Constant: 3.07

