File : C:\DENSITOM\KINLEI~1\ATIA14.DAT
Cores :
3
20
22
24
31
32
34
39
50
64
68

ִִִִִִִִִִִִִִִִִִִִִִִִִִִִִִִִִִִִִִִִִִִִִִִִִִִִִִִִִִִִִִִִִִִִִִִִִִִִִִִ
Core : 3
ֲֲֲִִִִִִִִִִִִִִִִִִִִִִִִִִִִִִִִִִִִִִִִִִִִִִִִִִִִִִִִִִִִִִִִִִִִִִִִִִִִ
       ³Widths (mm)              ³ Areas    ³ Densities (kg/m3)
       ³                         ³ (cm‎)    ³
Ring   ³Outer Ring Erly Late   % ³Incr Total³Ring E/Wd L/Wd Unif  Min  Max  Rng
 # Year³ Rad.      Wood Wood  LW ³          ³mean mean mean
ֱֱֱִִִִִִִִִִִִִִִִִִִִִִִִִִִִִִִִִִִִִִִִִִִִִִִִִִִִִִִִִִִִִִִִִִִִִִִִִִִִ

 1 1992   6.1  6.1  5.1  0.0   0   1.2    1.2 327  327    0    0  253  386  133
 2 1993  19.9 13.8 13.5  0.3   2  11.3   12.4 323  319  502  183  279  502  223
 3 1994  41.5 21.6 21.0  0.6   2  41.7   54.1 330  325  526  201  254  531  277
 4 1995  59.5 18.0 16.8  1.2   6  57.1  111.2 380  368  546  178  281  572  291
 5 1996  75.4 15.9 14.7  1.2   7  67.4  178.6 390  380  520  140  275  551  276
 6 1997  90.7 15.3 13.8  1.5   9  79.8  258.4 399  386  519  133  269  554  285
 7 1998 108.1 17.4 16.8  0.6   3 108.7  367.1 370  366  506  140  277  511  234
 8 1999 121.3 13.2 12.0  1.2   9  95.1  462.2 406  396  504  108  295  510  215
 9 2000 132.1 10.8  8.7  2.1  19  86.0  548.2 383  343  549  206  284  574  290
10 2001 144.4 12.3 11.1  1.2   9 106.8  655.1 409  398  512  114  286  532  246
11 2002 155.2 10.8  9.0  1.8  16 101.7  756.7 386  359  520  161  275  533  258
12 2003 169.9 14.7 12.0  2.7  18 150.1  906.9 406  379  526  147  310  547  237
13 2004 179.5  9.6  7.5  2.1  21 105.4 1012.2 405  370  532  162  312  548  236
14 2005 189.1  9.6  6.9  2.7  28 111.2 1123.4 428  377  561  184  313  579  266
15 2006 198.1  9.0  6.3  2.7  30 109.5 1232.9 431  380  548  168  332  583  251
16 2007 204.7  6.6  4.8  1.8  27  83.5 1316.4 437  377  597  220  315  619  304
17 2008 211.3  6.6  3.6  3.0  45  86.3 1402.6 494  398  610  212  350  663  313
18 2009 217.6  6.3  3.6  2.7  42  84.9 1487.5 487  406  595  189  379  627  248
19 2010 222.1  4.5  2.7  1.8  40  62.2 1549.7 498  413  626  213  364  693  329
20 2011 226.3  4.2  1.8  2.4  57  59.2 1608.9 534  427  615  188  403  676  273
21 2012 230.5  4.2  2.4  1.8  42  60.3 1669.1 498  419  604  185  392  633  241
22 2013 235.0  4.5  2.4  2.1  46  65.8 1734.9 483  408  568  160  378  651  273
23 2014 238.0  3.0  0.9  2.1  70  44.6 1779.5 544  444  587  143  422  651  229

Core Length:  237.9 mm
Core Density: 423 kg/m3
Cross-sectional Density:  426 kg/m3
Early/Latewood Threshold: 500 kg/m3
Attenuation Constant: 3.07

ִִִִִִִִִִִִִִִִִִִִִִִִִִִִִִִִִִִִִִִִִִִִִִִִִִִִִִִִִִִִִִִִִִִִִִִִִִִִִִִ
Core : 20
ֲֲֲִִִִִִִִִִִִִִִִִִִִִִִִִִִִִִִִִִִִִִִִִִִִִִִִִִִִִִִִִִִִִִִִִִִִִִִִִִִִ
       ³Widths (mm)              ³ Areas    ³ Densities (kg/m3)
       ³                         ³ (cm‎)    ³
Ring   ³Outer Ring Erly Late   % ³Incr Total³Ring E/Wd L/Wd Unif  Min  Max  Rng
 # Year³ Rad.      Wood Wood  LW ³          ³mean mean mean
ֱֱֱִִִִִִִִִִִִִִִִִִִִִִִִִִִִִִִִִִִִִִִִִִִִִִִִִִִִִִִִִִִִִִִִִִִִִִִִִִִִ

 4 1994  17.7 17.7 17.7  0.0   0   9.8    9.8 309  309    0    0  242  448  206
 5 1995  37.5 19.8 19.8  0.0   0  34.3   44.2 304  304    0    0  247  482  235
 6 1996  58.8 21.3 21.3  0.0   0  64.4  108.6 323  323    0    0  247  443  196
 7 1997  76.2 17.4 16.8  0.6   3  73.8  182.4 329  322  524  202  250  527  277
 8 1998  95.1 18.9 18.9  0.0   0 101.7  284.1 318  318    0    0  256  429  173
 9 1999 112.5 17.4 17.4  0.0   0 113.5  397.6 339  339    0    0  262  471  209
10 2000 127.2 14.7 14.7  0.0   0 110.7  508.3 313  313    0    0  248  429  181
11 2001 136.5  9.3  9.0  0.3   3  77.0  585.3 363  358  518  160  254  518  264
12 2002 147.0 10.5 10.2  0.3   2  93.5  678.9 390  386  500  114  263  500  237
13 2003 160.8 13.8 13.5  0.3   2 133.4  812.3 392  390  520  130  311  520  209
14 2004 173.7 12.9 12.9  0.0   0 135.6  947.9 363  363    0    0  290  451  161
15 2005 184.8 11.1 11.1  0.0   0 125.0 1072.9 364  364    0    0  276  462  186
16 2006 193.5  8.7  8.7  0.0   0 103.4 1176.3 347  347    0    0  270  444  174
17 2007 202.2  8.7  8.4  0.3   3 108.2 1284.4 362  357  504  147  278  504  226
18 2008 208.5  6.3  4.5  1.8  28  81.3 1365.7 410  366  521  155  289  536  247
19 2009 213.3  4.8  3.6  1.2  25  63.6 1429.3 396  358  509  151  288  512  224
20 2010 219.3  6.0  4.2  1.8  30  81.5 1510.9 433  392  528  136  312  540  228
21 2011 222.9  3.6  2.4  1.2  33  50.0 1560.9 442  390  546  156  321  565  244
22 2012 225.3  2.4  1.8  0.6  25  33.8 1594.7 410  370  530  160  311  532  221
23 2013 226.8  1.5  1.2  0.3  20  21.3 1616.0 419  397  508  111  327  508  181
24 2014 228.6  1.8  1.2  0.6  33  25.8 1641.7 452  408  541  133  326  565  239

Core Length:  228.9 mm
Core Density: 370 kg/m3
Cross-sectional Density:  365 kg/m3
Early/Latewood Threshold: 500 kg/m3
Attenuation Constant: 3.07

ִִִִִִִִִִִִִִִִִִִִִִִִִִִִִִִִִִִִִִִִִִִִִִִִִִִִִִִִִִִִִִִִִִִִִִִִִִִִִִִ
Core : 22
ֲֲֲִִִִִִִִִִִִִִִִִִִִִִִִִִִִִִִִִִִִִִִִִִִִִִִִִִִִִִִִִִִִִִִִִִִִִִִִִִִִ
       ³Widths (mm)              ³ Areas    ³ Densities (kg/m3)
       ³                         ³ (cm‎)    ³
Ring   ³Outer Ring Erly Late   % ³Incr Total³Ring E/Wd L/Wd Unif  Min  Max  Rng
 # Year³ Rad.      Wood Wood  LW ³          ³mean mean mean
ֱֱֱִִִִִִִִִִִִִִִִִִִִִִִִִִִִִִִִִִִִִִִִִִִִִִִִִִִִִִִִִִִִִִִִִִִִִִִִִִִִ

 3 1993   8.7  8.7  5.7  0.0   0   2.4    2.4 395  395    0    0  333  462  129
 4 1994  27.9 19.2 18.3  0.9   4  22.1   24.5 342  333  522  189  290  540  250
 5 1995  46.8 18.9 17.7  1.2   6  44.4   68.8 361  350  520  170  310  550  240
 6 1996  67.2 20.4 20.1  0.3   1  73.1  141.9 356  353  532  179  288  532  244
 7 1997  84.6 17.4 17.4  0.0   0  83.0  224.8 355  355    0    0  282  490  208
 8 1998  98.7 14.1 14.1  0.0   0  81.2  306.0 326  326    0    0  262  427  165
 9 1999 109.5 10.8 10.8  0.0   0  70.6  376.7 349  349    0    0  279  408  129
10 2000 119.7 10.2 10.2  0.0   0  73.4  450.1 313  313    0    0  257  447  190
11 2001 123.6  3.9  3.9  0.0   0  29.8  479.9 362  362    0    0  271  471  200
12 2002 127.8  4.2  3.0  1.2  28  33.2  513.1 368  302  534  232  250  559  309
13 2003 134.7  6.9  5.4  1.5  21  56.9  570.0 397  359  534  175  305  571  266
14 2004 141.3  6.6  5.7  0.9  13  57.2  627.2 370  349  509  160  288  513  225
15 2005 147.0  5.7  4.8  0.9  15  51.6  678.9 392  365  539  174  290  567  277
16 2006 150.9  3.9  3.3  0.6  15  36.5  715.4 392  369  519  150  299  537  238
17 2007 153.9  3.0  2.7  0.3  10  28.7  744.1 385  370  522  152  298  522  224
18 2008 156.0  2.1  1.5  0.6  28  20.4  764.5 447  392  583  191  340  603  263
19 2009 158.7  2.7  2.1  0.6  22  26.7  791.2 423  386  553  167  337  561  224
20 2010 161.1  2.4  2.1  0.3  12  24.1  815.3 409  384  587  203  338  587  249
21 2011 162.6  1.5  1.2  0.3  20  15.3  830.6 436  408  548  140  329  548  219
22 2012 163.8  1.2  0.9  0.3  25  12.3  842.9 429  391  541  150  375  541  166
23 2013 165.0  1.2  0.6  0.6  50  12.4  855.3 461  363  560  197  335  596  261
24 2014 166.5  1.5  0.9  0.6  40  15.6  870.9 447  356  585  229  337  587  250

Core Length:  163.5 mm
Core Density: 387 kg/m3
Cross-sectional Density:  368 kg/m3
Early/Latewood Threshold: 500 kg/m3
Attenuation Constant: 3.07

ִִִִִִִִִִִִִִִִִִִִִִִִִִִִִִִִִִִִִִִִִִִִִִִִִִִִִִִִִִִִִִִִִִִִִִִִִִִִִִִ
Core : 24
ֲֲֲִִִִִִִִִִִִִִִִִִִִִִִִִִִִִִִִִִִִִִִִִִִִִִִִִִִִִִִִִִִִִִִִִִִִִִִִִִִִ
       ³Widths (mm)              ³ Areas    ³ Densities (kg/m3)
       ³                         ³ (cm‎)    ³
Ring   ³Outer Ring Erly Late   % ³Incr Total³Ring E/Wd L/Wd Unif  Min  Max  Rng
 # Year³ Rad.      Wood Wood  LW ³          ³mean mean mean
ֱֱֱִִִִִִִִִִִִִִִִִִִִִִִִִִִִִִִִִִִִִִִִִִִִִִִִִִִִִִִִִִִִִִִִִִִִִִִִִִִִ

 4 1994  21.7 21.7 14.7  0.0   0  14.8   14.8 333  333    0    0  277  498  221
 5 1995  46.3 24.6 22.5  2.1   8  52.6   67.3 346  329  527  198  269  567  298
 6 1996  64.9 18.6 17.1  1.5   8  65.0  132.3 358  340  565  225  297  621  324
 7 1997  80.5 15.6 14.7  0.9   5  71.3  203.6 370  359  543  184  288  563  275
 8 1998  90.1  9.6  8.4  1.2  12  51.5  255.0 377  355  537  182  299  570  271
 9 1999 100.0  9.9  8.7  1.2  12  59.1  314.2 377  354  545  191  272  589  317
10 2000 111.7 11.7 10.5  1.2  10  77.8  392.0 377  357  549  192  287  578  291
11 2001 119.8  8.1  7.5  0.6   7  58.9  450.9 345  329  549  220  259  584  325
12 2002 126.7  6.9  6.0  0.9  13  53.4  504.3 391  364  565  201  288  586  298
13 2003 130.6  3.9  2.7  1.2  30  31.5  535.8 426  353  590  237  299  665  366
14 2004 135.4  4.8  3.6  1.2  24  40.1  576.0 440  384  607  223  345  680  335
15 2005 138.1  2.7  2.1  0.6  22  23.2  599.2 404  360  558  198  327  592  265
16 2006 140.8  2.7  2.1  0.6  22  23.7  622.8 439  408  550  142  357  600  243
17 2007 142.6  1.8  1.2  0.6  33  16.0  638.8 452  417  523  106  386  539  153
18 2008 145.0  2.4  2.1  0.3  12  21.7  660.5 406  383  570  187  348  570  222
19 2009 146.5  1.5  1.2  0.3  20  13.7  674.3 454  433  538  105  383  538  155
20 2010 148.0  1.5  1.2  0.3  20  13.9  688.1 446  426  528  102  391  528  137
21 2011 149.8  1.8  1.5  0.3  16  16.8  705.0 464  438  596  158  379  596  217
22 2012 153.1  3.3  1.5  1.8  54  31.4  736.4 499  421  564  143  404  621  217
23 2013 155.5  2.4  1.5  0.9  37  23.3  759.6 478  429  559  130  386  601  215
24 2014 159.4  3.9  3.0  0.9  23  38.6  798.2 475  440  593  153  376  634  258

Core Length:  153.0 mm
Core Density: 412 kg/m3
Cross-sectional Density:  397 kg/m3
Early/Latewood Threshold: 500 kg/m3
Attenuation Constant: 3.07

ִִִִִִִִִִִִִִִִִִִִִִִִִִִִִִִִִִִִִִִִִִִִִִִִִִִִִִִִִִִִִִִִִִִִִִִִִִִִִִִ
Core : 31
ֲֲֲִִִִִִִִִִִִִִִִִִִִִִִִִִִִִִִִִִִִִִִִִִִִִִִִִִִִִִִִִִִִִִִִִִִִִִִִִִִִ
       ³Widths (mm)              ³ Areas    ³ Densities (kg/m3)
       ³                         ³ (cm‎)    ³
Ring   ³Outer Ring Erly Late   % ³Incr Total³Ring E/Wd L/Wd Unif  Min  Max  Rng
 # Year³ Rad.      Wood Wood  LW ³          ³mean mean mean
ֱֱֱִִִִִִִִִִִִִִִִִִִִִִִִִִִִִִִִִִִִִִִִִִִִִִִִִִִִִִִִִִִִִִִִִִִִִִִִִִִִ

 4 1994  14.0 14.0 12.0  0.0   0   6.2    6.2 321  321    0    0  271  456  185
 5 1995  33.5 19.5 19.5  0.0   0  29.1   35.3 300  300    0    0  246  496  250
 6 1996  51.8 18.3 18.0  0.3   1  49.0   84.3 313  310  511  201  243  511  268
 7 1997  58.1  6.3  6.3  0.0   0  21.8  106.0 358  358    0    0  273  496  223
 8 1998  68.6 10.5  9.9  0.6   5  41.8  147.8 343  334  504  170  273  505  232
 9 1999  78.8 10.2  9.6  0.6   5  47.2  195.1 383  375  510  135  272  513  241
10 2000  89.0 10.2  9.9  0.3   2  53.8  248.8 361  356  522  166  253  522  269
11 2001  97.4  8.4  6.9  1.5  17  49.2  298.0 370  335  529  194  264  537  273
12 2002 105.2  7.8  6.3  1.5  19  49.6  347.7 382  348  522  174  270  538  268
13 2003 113.9  8.7  7.5  1.2  13  59.9  407.6 378  355  526  171  302  552  250
14 2004 121.4  7.5  5.7  1.8  24  55.4  463.0 397  351  544  193  298  565  267
15 2005 128.6  7.2  5.4  1.8  24  56.5  519.6 399  349  548  199  295  610  315
16 2006 134.0  5.4  4.2  1.2  22  44.5  564.1 424  387  553  166  310  572  262
17 2007 138.8  4.8  3.6  1.2  24  41.1  605.2 424  365  600  235  306  642  336
18 2008 143.0  4.2  3.0  1.2  28  37.2  642.4 472  411  626  215  356  677  321
19 2009 146.0  3.0  2.1  0.9  30  27.2  669.7 458  412  566  154  383  635  252
20 2010 148.1  2.1  1.5  0.6  28  19.4  689.1 462  434  533   99  399  566  167
21 2011 149.3  1.2  1.2  0.0   0  11.2  700.3 431  431    0    0  386  490  104
22 2012 150.8  1.5  1.5  0.0   0  14.1  714.4 431  431    0    0  403  482   79
23 2013 151.7  0.9  0.6  0.3  33   8.6  723.0 454  413  536  123  404  536  132
24 2014 152.9  1.2  0.6  0.6  50  11.5  734.5 513  471  556   85  444  569  125

Core Length:  152.1 mm
Core Density: 398 kg/m3
Cross-sectional Density:  389 kg/m3
Early/Latewood Threshold: 500 kg/m3
Attenuation Constant: 3.07

ִִִִִִִִִִִִִִִִִִִִִִִִִִִִִִִִִִִִִִִִִִִִִִִִִִִִִִִִִִִִִִִִִִִִִִִִִִִִִִִ
Core : 32
ֲֲֲִִִִִִִִִִִִִִִִִִִִִִִִִִִִִִִִִִִִִִִִִִִִִִִִִִִִִִִִִִִִִִִִִִִִִִִִִִִִ
       ³Widths (mm)              ³ Areas    ³ Densities (kg/m3)
       ³                         ³ (cm‎)    ³
Ring   ³Outer Ring Erly Late   % ³Incr Total³Ring E/Wd L/Wd Unif  Min  Max  Rng
 # Year³ Rad.      Wood Wood  LW ³          ³mean mean mean
ֱֱֱִִִִִִִִִִִִִִִִִִִִִִִִִִִִִִִִִִִִִִִִִִִִִִִִִִִִִִִִִִִִִִִִִִִִִִִִִִִִ

 3 1993  20.4 20.4  8.7  2.7  13  13.1   13.1 446  419  530  111  356  563  207
 4 1994  44.1 23.7 21.3  2.4  10  48.0   61.1 396  378  564  186  314  614  300
 5 1995  63.3 19.2 17.7  1.5   7  64.8  125.9 409  394  578  184  305  609  304
 6 1996  76.5 13.2  9.9  3.3  25  58.0  183.9 449  413  558  145  353  644  291
 7 1997  89.4 12.9 10.5  2.4  18  67.2  251.1 436  408  559  151  355  624  269
 8 1998 103.5 14.1  9.6  4.5  31  85.4  336.5 438  395  531  136  338  575  237
 9 1999 114.9 11.4  6.3  5.1  44  78.2  414.8 471  411  547  136  358  616  258
10 2000 124.8  9.9  7.5  2.4  24  74.6  489.3 454  400  622  222  353  655  302
11 2001 131.7  6.9  4.5  2.4  34  55.6  544.9 462  390  596  206  330  639  309
12 2002 138.0  6.3  3.9  2.4  38  53.4  598.3 463  382  593  211  336  663  327
13 2003 144.6  6.6  4.5  2.1  31  58.6  656.9 471  407  608  201  356  698  342
14 2004 150.0  5.4  3.3  2.1  38  50.0  706.9 479  388  622  234  350  723  373
15 2005 156.0  6.0  4.2  1.8  30  57.7  764.5 489  421  649  228  365  718  353
16 2006 160.2  4.2  2.7  1.5  35  41.7  806.3 507  447  614  167  396  689  293
17 2007 162.9  2.7  1.5  1.2  44  27.4  833.7 521  454  604  150  415  712  297
18 2008 166.2  3.3  1.5  1.8  54  34.1  867.8 584  459  689  230  431  754  323
19 2009 170.7  4.5  1.8  2.7  60  47.6  915.4 576  472  646  174  459  753  294
20 2010 175.2  4.5  1.8  2.7  60  48.9  964.3 571  467  640  173  443  774  331
21 2011 179.4  4.2  1.8  2.4  57  46.8 1011.1 582  472  665  193  458  759  301
22 2012 182.1  2.7  1.5  1.2  44  30.7 1041.8 515  458  587  129  435  663  228
23 2013 184.8  2.7  1.2  1.5  55  31.1 1072.9 587  463  686  223  453  768  315
24 2014 188.4  3.6  1.5  2.1  58  42.2 1115.1 598  458  698  240  428  784  356

Core Length:  180.3 mm
Core Density: 495 kg/m3
Cross-sectional Density:  486 kg/m3
Early/Latewood Threshold: 500 kg/m3
Attenuation Constant: 3.07

ִִִִִִִִִִִִִִִִִִִִִִִִִִִִִִִִִִִִִִִִִִִִִִִִִִִִִִִִִִִִִִִִִִִִִִִִִִִִִִִ
Core : 34
ֲֲֲִִִִִִִִִִִִִִִִִִִִִִִִִִִִִִִִִִִִִִִִִִִִִִִִִִִִִִִִִִִִִִִִִִִִִִִִִִִִ
       ³Widths (mm)              ³ Areas    ³ Densities (kg/m3)
       ³                         ³ (cm‎)    ³
Ring   ³Outer Ring Erly Late   % ³Incr Total³Ring E/Wd L/Wd Unif  Min  Max  Rng
 # Year³ Rad.      Wood Wood  LW ³          ³mean mean mean
ֱֱֱִִִִִִִִִִִִִִִִִִִִִִִִִִִִִִִִִִִִִִִִִִִִִִִִִִִִִִִִִִִִִִִִִִִִִִִִִִִִ

 4 1994  29.3 29.3 24.3  0.0   0  27.0   27.0 293  293    0    0  247  438  191
 5 1995  49.7 20.4 20.4  0.0   0  50.6   77.6 298  298    0    0  236  456  220
 6 1996  70.4 20.7 20.7  0.0   0  78.1  155.7 313  313    0    0  249  484  235
 7 1997  89.0 18.6 18.6  0.0   0  93.1  248.8 320  320    0    0  241  473  232
 8 1998 102.8 13.8 13.8  0.0   0  83.2  332.0 329  329    0    0  242  451  209
 9 1999 116.6 13.8 13.8  0.0   0  95.1  427.1 338  338    0    0  256  463  207
10 2000 130.4 13.8 13.8  0.0   0 107.1  534.2 352  352    0    0  273  454  181
11 2001 139.4  9.0  8.1  0.9  10  76.3  610.5 373  356  527  171  274  547  273
12 2002 147.8  8.4  8.4  0.0   0  75.8  686.3 352  352    0    0  252  498  246
13 2003 154.1  6.3  5.4  0.9  14  59.8  746.0 375  349  534  185  261  554  293
14 2004 160.1  6.0  5.7  0.3   5  59.2  805.3 391  384  511  127  291  511  220
15 2005 164.6  4.5  4.5  0.0   0  45.9  851.2 361  361    0    0  295  494  199
16 2006 168.2  3.6  3.3  0.3   8  37.6  888.8 360  344  535  191  281  535  254
17 2007 170.6  2.4  2.1  0.3  12  25.5  914.3 382  362  519  157  297  519  222
18 2008 172.4  1.8  1.8  0.0   0  19.4  933.7 363  363    0    0  306  443  137
19 2009 173.6  1.2  1.2  0.0   0  13.0  946.8 393  393    0    0  315  490  175
20 2010 174.8  1.2  1.2  0.0   0  13.1  959.9 390  390    0    0  322  495  173
21 2011 176.3  1.5  1.5  0.0   0  16.5  976.5 396  396    0    0  331  445  114
22 2012 177.5  1.2  1.2  0.0   0  13.3  989.8 426  426    0    0  375  454   79
23 2013 178.4  0.9  0.9  0.0   0  10.1  999.9 438  438    0    0  371  480  109
24 2014 179.3  0.9  0.9  0.0   0  10.1 1010.0 438  438    0    0  388  490  102

Core Length:  174.9 mm
Core Density: 365 kg/m3
Cross-sectional Density:  349 kg/m3
Early/Latewood Threshold: 500 kg/m3
Attenuation Constant: 3.07

ִִִִִִִִִִִִִִִִִִִִִִִִִִִִִִִִִִִִִִִִִִִִִִִִִִִִִִִִִִִִִִִִִִִִִִִִִִִִִִִ
Core : 39
ֲֲֲִִִִִִִִִִִִִִִִִִִִִִִִִִִִִִִִִִִִִִִִִִִִִִִִִִִִִִִִִִִִִִִִִִִִִִִִִִִִ
       ³Widths (mm)              ³ Areas    ³ Densities (kg/m3)
       ³                         ³ (cm‎)    ³
Ring   ³Outer Ring Erly Late   % ³Incr Total³Ring E/Wd L/Wd Unif  Min  Max  Rng
 # Year³ Rad.      Wood Wood  LW ³          ³mean mean mean
ֱֱֱִִִִִִִִִִִִִִִִִִִִִִִִִִִִִִִִִִִִִִִִִִִִִִִִִִִִִִִִִִִִִִִִִִִִִִִִִִִִ

 2 1992  15.4 15.4  8.4  0.0   0   7.5    7.5 390  390    0    0  357  452   95
 3 1993  35.2 19.8 18.6  1.2   6  31.5   38.9 356  344  548  204  299  574  275
 4 1994  56.5 21.3 19.8  1.5   7  61.4  100.3 351  334  568  234  270  601  331
 5 1995  73.0 16.5 15.6  0.9   5  67.1  167.4 375  363  581  218  256  644  388
 6 1996  88.6 15.6 14.7  0.9   5  79.2  246.6 351  339  547  208  275  574  299
 7 1997 103.3 14.7 13.2  1.5  10  88.6  335.2 380  365  520  155  265  546  281
 8 1998 117.7 14.4 13.8  0.6   4 100.0  435.2 367  360  523  163  260  533  273
 9 1999 129.4 11.7 11.4  0.3   2  90.8  526.0 354  350  515  165  251  515  264
10 2000 137.5  8.1  6.6  1.5  18  67.9  594.0 398  361  565  204  250  600  350
11 2001 145.3  7.8  6.0  1.8  23  69.3  663.3 408  359  572  213  257  594  337
12 2002 152.8  7.5  5.1  2.4  32  70.2  733.5 400  339  528  189  282  558  276
13 2003 157.3  4.5  4.5  0.0   0  43.8  777.3 391  391    0    0  277  484  207
14 2004 160.0  2.7  2.1  0.6  22  26.9  804.2 391  349  538  189  282  570  288
15 2005 161.5  1.5  1.2  0.3  20  15.2  819.4 406  382  502  120  337  502  165
16 2006 163.0  1.5  1.2  0.3  20  15.3  834.7 428  399  544  145  342  544  202
17 2007 164.2  1.2  0.6  0.6  49  12.3  847.0 470  382  557  175  335  588  253
18 2008 166.3  2.1  0.9  1.2  57  21.8  868.8 470  377  540  163  327  621  294
19 2009 168.1  1.8  1.2  0.6  33  18.9  887.7 416  364  522  158  314  534  220
20 2010 169.3  1.2  0.6  0.6  50  12.7  900.5 460  407  512  105  345  522  177
21 2011 170.2  0.9  0.9  0.0   0   9.6  910.1 418  418    0    0  371  455   84
22 2012 170.8  0.6  0.0  0.6 100   6.4  916.5 531    0  531  531  516  547   31

Core Length:  163.8 mm
Core Density: 405 kg/m3
Cross-sectional Density:  384 kg/m3
Early/Latewood Threshold: 500 kg/m3
Attenuation Constant: 3.07

ִִִִִִִִִִִִִִִִִִִִִִִִִִִִִִִִִִִִִִִִִִִִִִִִִִִִִִִִִִִִִִִִִִִִִִִִִִִִִִִ
Core : 50
ֲֲֲִִִִִִִִִִִִִִִִִִִִִִִִִִִִִִִִִִִִִִִִִִִִִִִִִִִִִִִִִִִִִִִִִִִִִִִִִִִִ
       ³Widths (mm)              ³ Areas    ³ Densities (kg/m3)
       ³                         ³ (cm‎)    ³
Ring   ³Outer Ring Erly Late   % ³Incr Total³Ring E/Wd L/Wd Unif  Min  Max  Rng
 # Year³ Rad.      Wood Wood  LW ³          ³mean mean mean
ֱֱֱִִִִִִִִִִִִִִִִִִִִִִִִִִִִִִִִִִִִִִִִִִִִִִִִִִִִִִִִִִִִִִִִִִִִִִִִִִִִ

 3 1993  25.8 25.8 19.2  0.6   2  20.9   20.9 336  330  518  188  278  519  241
 4 1994  50.4 24.6 24.3  0.3   1  58.9   79.8 319  316  502  186  245  502  257
 5 1995  74.4 24.0 22.8  1.2   5  94.1  173.9 341  331  531  200  258  549  291
 6 1996  99.0 24.6 23.4  1.2   4 134.0  307.9 348  339  534  195  259  561  302
 7 1997 124.2 25.2 24.3  0.9   3 176.7  484.6 356  350  521  171  277  525  248
 8 1998 148.5 24.3 23.4  0.9   3 208.2  692.8 337  330  508  178  267  518  251
 9 1999 167.4 18.9 18.9  0.0   0 187.6  880.4 356  356    0    0  277  482  205
10 2000 183.3 15.9 15.0  0.9   5 175.2 1055.5 353  343  520  177  265  525  260
11 2001 200.4 17.1 15.9  1.2   7 206.1 1261.7 381  369  536  167  284  555  271
12 2002 211.5 11.1  9.9  1.2  10 143.6 1405.3 363  343  532  189  270  545  275
13 2003 219.6  8.1  6.6  1.5  18 109.7 1515.0 436  415  530  115  344  553  209
14 2004 227.1  7.5  5.1  2.4  32 105.3 1620.3 441  391  548  157  346  574  228
15 2005 233.4  6.3  4.8  1.5  23  91.1 1711.4 411  375  525  150  307  569  262
16 2006 237.6  4.2  3.3  0.9  21  62.1 1773.5 406  373  530  157  304  562  258
17 2007 241.2  3.6  3.0  0.6  16  54.2 1827.7 394  359  570  211  315  590  275
18 2008 245.1  3.9  2.7  1.2  30  59.6 1887.3 440  368  604  236  326  608  282
19 2009 248.7  3.6  2.7  0.9  24  55.8 1943.1 439  398  564  166  319  587  268
20 2010 252.6  3.9  2.7  1.2  30  61.4 2004.5 432  363  589  226  300  620  320
21 2011 256.2  3.6  2.4  1.2  33  57.5 2062.1 461  389  604  215  359  639  280
22 2012 260.1  3.9  2.7  1.2  30  63.3 2125.4 427  365  567  202  329  603  274
23 2013 263.1  3.0  2.4  0.6  20  49.3 2174.7 419  376  594  218  341  622  281
24 2014 266.1  3.0  2.1  0.9  30  49.9 2224.5 432  389  533  144  337  536  199

Core Length:  260.7 mm
Core Density: 392 kg/m3
Cross-sectional Density:  381 kg/m3
Early/Latewood Threshold: 500 kg/m3
Attenuation Constant: 3.07

ִִִִִִִִִִִִִִִִִִִִִִִִִִִִִִִִִִִִִִִִִִִִִִִִִִִִִִִִִִִִִִִִִִִִִִִִִִִִִִִ
Core : 64
ֲֲֲִִִִִִִִִִִִִִִִִִִִִִִִִִִִִִִִִִִִִִִִִִִִִִִִִִִִִִִִִִִִִִִִִִִִִִִִִִִִ
       ³Widths (mm)              ³ Areas    ³ Densities (kg/m3)
       ³                         ³ (cm‎)    ³
Ring   ³Outer Ring Erly Late   % ³Incr Total³Ring E/Wd L/Wd Unif  Min  Max  Rng
 # Year³ Rad.      Wood Wood  LW ³          ³mean mean mean
ֱֱֱִִִִִִִִִִִִִִִִִִִִִִִִִִִִִִִִִִִִִִִִִִִִִִִִִִִִִִִִִִִִִִִִִִִִִִִִִִִִ

 2 1993   9.3  9.3  9.3  0.0   0   2.7    2.7 369  369    0    0  296  470  174
 3 1994  32.7 23.4 22.2  1.2   5  30.9   33.6 324  314  524  210  257  535  278
 4 1995  54.3 21.6 20.7  0.9   4  59.0   92.6 365  358  528  170  280  557  277
 5 1996  73.5 19.2 18.9  0.3   1  77.1  169.7 373  371  512  141  298  512  214
 6 1997  86.1 12.6 12.3  0.3   2  63.2  232.9 388  384  522  138  310  522  212
 7 1998 100.8 14.7 12.3  2.4  16  86.3  319.2 408  384  532  148  316  575  259
 8 1999 114.0 13.2 10.8  2.4  18  89.1  408.3 417  396  513  117  295  542  247
 9 2000 123.0  9.0  6.6  2.4  26  67.0  475.3 419  369  556  187  301  598  297
10 2001 129.9  6.9  4.2  2.7  39  54.8  530.1 450  391  542  151  325  566  241
11 2002 136.5  6.6  3.6  3.0  45  55.2  585.3 467  373  579  206  312  646  334
12 2003 145.5  9.0  4.5  4.5  50  79.7  665.1 467  377  556  179  341  593  252
13 2004 153.3  7.8  5.4  2.4  30  73.2  738.3 438  385  557  172  325  607  282
14 2005 159.0  5.7  4.2  1.5  26  55.9  794.2 436  389  568  179  335  627  292
15 2006 164.1  5.1  3.0  2.1  41  51.8  846.0 487  418  587  169  342  621  279
16 2007 169.5  5.4  3.0  2.4  44  56.6  902.6 506  413  621  208  360  722  362
17 2008 174.3  4.8  2.1  2.7  56  51.8  954.4 539  420  630  210  396  708  312
18 2009 177.6  3.3  1.8  1.5  45  36.5  990.9 514  431  614  183  404  694  290
19 2010 180.0  2.4  1.2  1.2  50  27.0 1017.9 509  419  598  179  383  682  299
20 2011 182.1  2.1  0.9  1.2  57  23.9 1041.8 533  429  611  182  420  695  275
21 2012 183.9  1.8  0.9  0.9  49  20.7 1062.5 508  427  589  162  384  621  237
22 2013 186.0  2.1  1.2  0.9  42  24.4 1086.9 504  421  615  194  390  689  299
23 2014 188.7  2.7  0.9  1.8  66  31.8 1118.6 554  429  616  187  412  693  281

Core Length:  189.0 mm
Core Density: 453 kg/m3
Cross-sectional Density:  445 kg/m3
Early/Latewood Threshold: 500 kg/m3
Attenuation Constant: 3.07

ִִִִִִִִִִִִִִִִִִִִִִִִִִִִִִִִִִִִִִִִִִִִִִִִִִִִִִִִִִִִִִִִִִִִִִִִִִִִִִִ
Core : 68
ֲֲֲִִִִִִִִִִִִִִִִִִִִִִִִִִִִִִִִִִִִִִִִִִִִִִִִִִִִִִִִִִִִִִִִִִִִִִִִִִִִ
       ³Widths (mm)              ³ Areas    ³ Densities (kg/m3)
       ³                         ³ (cm‎)    ³
Ring   ³Outer Ring Erly Late   % ³Incr Total³Ring E/Wd L/Wd Unif  Min  Max  Rng
 # Year³ Rad.      Wood Wood  LW ³          ³mean mean mean
ֱֱֱִִִִִִִִִִִִִִִִִִִִִִִִִִִִִִִִִִִִִִִִִִִִִִִִִִִִִִִִִִִִִִִִִִִִִִִִִִִִ

 3 1993  10.2 10.2  4.2  0.0   0   3.3    3.3 340  340    0    0  299  419  120
 4 1994  31.2 21.0 21.0  0.0   0  27.3   30.6 317  317    0    0  255  450  195
 5 1995  49.8 18.6 18.3  0.3   1  47.3   77.9 334  331  520  189  262  520  258
 6 1996  66.0 16.2 16.2  0.0   0  58.9  136.8 341  341    0    0  262  491  229
 7 1997  79.2 13.2 13.2  0.0   0  60.2  197.1 322  322    0    0  260  475  215
 8 1998  93.9 14.7 14.7  0.0   0  79.9  277.0 340  340    0    0  265  454  189
 9 1999 105.6 11.7 11.7  0.0   0  73.3  350.3 364  364    0    0  262  497  235
10 2000 115.8 10.2  9.9  0.3   2  70.9  421.3 352  347  516  169  251  516  265
11 2001 122.7  6.9  6.6  0.3   4  51.7  473.0 367  359  546  187  279  546  267
12 2002 127.2  4.5  4.2  0.3   6  35.3  508.3 375  365  515  150  268  515  247
13 2003 132.9  5.7  5.7  0.0   0  46.6  554.9 397  397    0    0  328  497  169
14 2004 137.4  4.5  3.9  0.6  13  38.2  593.1 407  390  514  124  302  521  219
15 2005 141.6  4.2  3.3  0.9  21  36.8  629.9 421  387  544  157  327  555  228
16 2006 144.6  3.0  1.8  1.2  40  27.0  656.9 440  381  527  146  334  535  201
17 2007 146.7  2.1  1.5  0.6  28  19.2  676.1 437  390  556  166  334  571  237
18 2008 148.8  2.1  1.2  0.9  42  19.5  695.6 498  435  583  148  381  615  234
19 2009 152.4  3.6  1.8  1.8  49  34.1  729.7 473  388  559  171  364  657  293
20 2010 154.8  2.4  1.8  0.6  25  23.2  752.8 428  394  529  135  356  549  193
21 2011 156.9  2.1  1.5  0.6  28  20.6  773.4 441  408  525  117  356  551  195
22 2012 158.7  1.8  1.5  0.3  16  17.8  791.2 408  389  507  118  324  507  183
23 2013 159.6  0.9  0.9  0.0   0   9.0  800.2 416  416    0    0  343  462  119

Core Length:  154.2 mm
Core Density: 391 kg/m3
Cross-sectional Density:  377 kg/m3
Early/Latewood Threshold: 500 kg/m3
Attenuation Constant: 3.07

