File : C:\DENSITOM\KINLEI~1\ATIA24.DAT
Cores :
6
8
20
22
27
28
32
33
34
36
52
56

ִִִִִִִִִִִִִִִִִִִִִִִִִִִִִִִִִִִִִִִִִִִִִִִִִִִִִִִִִִִִִִִִִִִִִִִִִִִִִִִ
Core : 6
ֲֲֲִִִִִִִִִִִִִִִִִִִִִִִִִִִִִִִִִִִִִִִִִִִִִִִִִִִִִִִִִִִִִִִִִִִִִִִִִִִִ
       ³Widths (mm)              ³ Areas    ³ Densities (kg/m3)
       ³                         ³ (cm‎)    ³
Ring   ³Outer Ring Erly Late   % ³Incr Total³Ring E/Wd L/Wd Unif  Min  Max  Rng
 # Year³ Rad.      Wood Wood  LW ³          ³mean mean mean
ֱֱֱִִִִִִִִִִִִִִִִִִִִִִִִִִִִִִִִִִִִִִִִִִִִִִִִִִִִִִִִִִִִִִִִִִִִִִִִִִִִ

 3 1993  32.5 32.5 25.5  0.0   0  33.2   33.2 303  303    0    0  266  449  183
 4 1994  52.9 20.4 20.1  0.3   1  54.7   87.9 334  332  504  172  262  504  242
 5 1995  70.9 18.0 16.2  1.8  10  70.0  157.9 376  358  545  187  305  592  287
 6 1996  84.1 13.2 11.7  1.5  11  64.3  222.2 388  368  546  178  315  587  272
 7 1997  94.6 10.5  8.1  2.4  22  58.9  281.1 434  405  532  127  358  566  208
 8 1998 105.1 10.5  9.0  1.5  14  65.9  347.0 399  375  545  170  302  558  256
 9 1999 113.5  8.4  6.3  2.1  24  57.7  404.7 424  379  557  178  315  631  316
10 2000 121.0  7.5  5.7  1.8  24  55.3  460.0 442  396  587  191  326  625  299
11 2001 126.1  5.1  4.2  0.9  17  39.6  499.6 444  406  623  217  355  649  294
12 2002 130.3  4.2  2.7  1.5  35  33.8  533.4 461  376  613  237  340  647  307
13 2003 134.8  4.5  3.0  1.5  33  37.5  570.9 476  409  610  201  394  715  321
14 2004 138.4  3.6  2.7  0.9  24  30.9  601.8 457  397  636  239  375  709  334
15 2005 141.4  3.0  2.4  0.6  20  26.4  628.1 439  417  525  108  379  527  148
16 2006 142.9  1.5  0.6  0.9  60  13.4  641.5 508  460  540   80  456  558  102
17 2007 144.1  1.2  0.9  0.3  25  10.8  652.3 481  465  530   65  450  530   80
18 2008 145.0  0.9  0.3  0.6  66   8.2  660.5 512  488  524   36  488  544   56
19 2009 145.6  0.6  0.3  0.3  49   5.5  666.0 520  477  564   87  477  564   87
20 2010 146.5  0.9  0.6  0.3  33   8.3  674.3 454  431  501   70  382  501  119

Core Length:  139.5 mm
Core Density: 436 kg/m3
Cross-sectional Density:  415 kg/m3
Early/Latewood Threshold: 500 kg/m3
Attenuation Constant: 3.07

ִִִִִִִִִִִִִִִִִִִִִִִִִִִִִִִִִִִִִִִִִִִִִִִִִִִִִִִִִִִִִִִִִִִִִִִִִִִִִִִ
Core : 8
ֲֲֲִִִִִִִִִִִִִִִִִִִִִִִִִִִִִִִִִִִִִִִִִִִִִִִִִִִִִִִִִִִִִִִִִִִִִִִִִִִִ
       ³Widths (mm)              ³ Areas    ³ Densities (kg/m3)
       ³                         ³ (cm‎)    ³
Ring   ³Outer Ring Erly Late   % ³Incr Total³Ring E/Wd L/Wd Unif  Min  Max  Rng
 # Year³ Rad.      Wood Wood  LW ³          ³mean mean mean
ֱֱֱִִִִִִִִִִִִִִִִִִִִִִִִִִִִִִִִִִִִִִִִִִִִִִִִִִִִִִִִִִִִִִִִִִִִִִִִִִִִ

 2 1992  18.2 18.2 10.2  0.0   0  10.4   10.4 314  314    0    0  284  395  111
 3 1993  31.1 12.9 12.9  0.0   0  20.0   30.4 348  348    0    0  300  474  174
 4 1994  49.4 18.3 18.3  0.0   0  46.3   76.7 323  323    0    0  276  469  193
 5 1995  62.6 13.2 12.9  0.3   2  46.4  123.1 355  351  531  180  277  531  254
 6 1996  72.8 10.2  9.6  0.6   5  43.4  166.5 372  362  521  159  304  522  218
 7 1997  83.9 11.1 10.5  0.6   5  54.6  221.1 394  387  519  132  327  532  205
 8 1998  98.9 15.0 14.7  0.3   2  86.1  307.3 352  349  508  159  292  508  216
 9 1999 111.8 12.9 12.0  0.9   6  85.4  392.7 374  364  511  147  291  516  225
10 2000 123.2 11.4  9.0  2.4  21  84.2  476.8 396  354  555  201  282  603  321
11 2001 134.9 11.7  9.0  2.7  23  94.9  571.7 407  361  561  200  289  644  355
12 2002 145.4 10.5  9.0  1.5  14  92.5  664.2 397  373  542  169  306  580  274
13 2003 158.6 13.2  9.9  3.3  25 126.1  790.2 413  367  550  183  314  613  299
14 2004 169.4 10.8  9.9  0.9   8 111.3  901.5 385  371  540  169  306  577  271
15 2005 180.2 10.8  9.0  1.8  16 118.6 1020.1 403  373  555  182  304  605  301
16 2006 188.0  7.8  6.3  1.5  19  90.2 1110.4 402  372  530  158  297  560  263
17 2007 197.3  9.3  7.2  2.1  22 112.6 1222.9 410  365  566  201  308  597  289
18 2008 206.9  9.6  6.3  3.3  34 121.9 1344.8 443  366  592  226  302  618  316
19 2009 215.3  8.4  5.7  2.7  32 111.4 1456.3 425  362  557  195  307  628  321
20 2010 222.5  7.2  4.5  2.7  37  99.0 1555.3 445  360  587  227  314  640  326
21 2011 228.5  6.0  3.9  2.1  35  85.0 1640.3 447  382  569  187  314  589  275
22 2012 232.4  3.9  2.4  1.5  38  56.5 1696.8 463  382  593  211  302  617  315
23 2013 236.0  3.6  2.4  1.2  33  53.0 1749.7 451  386  579  193  350  630  280
24 2014 239.0  3.0  1.5  1.5  50  44.8 1794.5 486  383  590  207  320  639  319

Core Length:  231.9 mm
Core Density: 400 kg/m3
Cross-sectional Density:  407 kg/m3
Early/Latewood Threshold: 500 kg/m3
Attenuation Constant: 3.07

ִִִִִִִִִִִִִִִִִִִִִִִִִִִִִִִִִִִִִִִִִִִִִִִִִִִִִִִִִִִִִִִִִִִִִִִִִִִִִִִ
Core : 20
ֲֲֲִִִִִִִִִִִִִִִִִִִִִִִִִִִִִִִִִִִִִִִִִִִִִִִִִִִִִִִִִִִִִִִִִִִִִִִִִִִִ
       ³Widths (mm)              ³ Areas    ³ Densities (kg/m3)
       ³                         ³ (cm‎)    ³
Ring   ³Outer Ring Erly Late   % ³Incr Total³Ring E/Wd L/Wd Unif  Min  Max  Rng
 # Year³ Rad.      Wood Wood  LW ³          ³mean mean mean
ֱֱֱִִִִִִִִִִִִִִִִִִִִִִִִִִִִִִִִִִִִִִִִִִִִִִִִִִִִִִִִִִִִִִִִִִִִִִִִִִִִ

 3 1993  24.0 24.0 21.0  0.0   0  18.1   18.1 379  379    0    0  343  477  134
 4 1994  42.9 18.9 17.7  1.2   6  39.7   57.8 366  354  533  179  303  558  255
 5 1995  59.7 16.8 15.3  1.5   8  54.2  112.0 400  384  569  185  320  597  277
 6 1996  75.6 15.9 13.8  2.1  13  67.6  179.6 419  393  586  193  301  641  340
 7 1997  89.7 14.1 11.4  2.7  19  73.2  252.8 430  405  536  131  343  587  244
 8 1998 102.3 12.6 11.1  1.5  11  76.0  328.8 402  384  538  154  328  558  230
 9 1999 112.8 10.5  6.0  4.5  42  71.0  399.7 457  383  556  173  325  604  279
10 2000 124.5 11.7  8.7  3.0  25  87.2  487.0 419  371  555  184  294  602  308
11 2001 135.3 10.8  7.5  3.3  30  88.1  575.1 457  415  552  137  345  633  288
12 2002 143.4  8.1  4.8  3.3  40  70.9  646.0 455  386  556  170  334  619  285
13 2003 150.3  6.9  4.5  2.4  34  63.7  709.7 473  410  591  181  360  648  288
14 2004 157.8  7.5  4.2  3.3  44  72.6  782.3 468  394  563  169  355  637  282
15 2005 162.3  4.5  3.3  1.2  26  45.3  827.5 462  412  600  188  378  649  271
16 2006 166.2  3.9  2.7  1.2  30  40.2  867.8 445  396  555  159  329  600  271
17 2007 170.1  3.9  2.7  1.2  30  41.2  909.0 451  400  567  167  356  654  298
18 2008 173.1  3.0  2.1  0.9  30  32.3  941.3 440  386  567  181  346  607  261
19 2009 175.5  2.4  1.8  0.6  25  26.3  967.6 416  359  585  226  331  644  313
20 2010 177.6  2.1  1.2  0.9  42  23.3  990.9 470  396  568  172  331  584  253
21 2011 180.0  2.4  1.2  1.2  50  27.0 1017.9 483  404  563  159  387  597  210
22 2012 181.5  1.5  0.9  0.6  40  17.0 1034.9 500  464  555   91  421  562  141
23 2013 183.3  1.8  0.6  1.2  66  20.6 1055.5 530  434  578  144  390  607  217
24 2014 186.3  3.0  1.2  1.8  60  34.8 1090.4 522  395  606  211  353  662  309

Core Length:  184.5 mm
Core Density: 447 kg/m3
Cross-sectional Density:  443 kg/m3
Early/Latewood Threshold: 500 kg/m3
Attenuation Constant: 3.07

ִִִִִִִִִִִִִִִִִִִִִִִִִִִִִִִִִִִִִִִִִִִִִִִִִִִִִִִִִִִִִִִִִִִִִִִִִִִִִִִ
Core : 22
ֲֲֲִִִִִִִִִִִִִִִִִִִִִִִִִִִִִִִִִִִִִִִִִִִִִִִִִִִִִִִִִִִִִִִִִִִִִִִִִִִִ
       ³Widths (mm)              ³ Areas    ³ Densities (kg/m3)
       ³                         ³ (cm‎)    ³
Ring   ³Outer Ring Erly Late   % ³Incr Total³Ring E/Wd L/Wd Unif  Min  Max  Rng
 # Year³ Rad.      Wood Wood  LW ³          ³mean mean mean
ֱֱֱִִִִִִִִִִִִִִִִִִִִִִִִִִִִִִִִִִִִִִִִִִִִִִִִִִִִִִִִִִִִִִִִִִִִִִִִִִִִ

 1 1992   9.0  9.0  9.0  0.0   0   2.5    2.5 346  346    0    0  285  437  152
 2 1993  23.4 14.4 14.4  0.0   0  14.7   17.2 361  361    0    0  298  462  164
 3 1994  42.9 19.5 18.9  0.6   3  40.6   57.8 342  337  504  167  286  505  219
 4 1995  60.6 17.7 16.8  0.9   5  57.6  115.4 378  370  532  162  280  547  267
 5 1996  73.8 13.2 12.3  0.9   6  55.7  171.1 377  365  536  171  269  565  296
 6 1997  84.0 10.2  7.8  2.4  23  50.6  221.7 420  386  529  143  289  563  274
 7 1998  92.4  8.4  6.6  1.8  21  46.6  268.2 390  348  543  195  293  558  265
 8 1999  97.8  5.4  3.9  1.5  27  32.3  300.5 435  374  595  221  278  625  347
 9 2000 102.3  4.5  2.4  2.1  46  28.3  328.8 466  385  558  173  319  673  354
10 2001 105.0  2.7  0.9  1.8  66  17.6  346.4 525  400  587  187  351  620  269
11 2002 107.7  2.7  1.8  0.9  33  18.0  364.4 424  355  561  206  317  597  280
12 2003 112.5  4.8  2.7  2.1  43  33.2  397.6 490  436  561  125  390  644  254
13 2004 116.7  4.2  2.7  1.5  35  30.2  427.9 493  432  603  171  413  691  278
14 2005 120.3  3.6  2.1  1.5  41  26.8  454.7 492  420  592  172  375  679  304
15 2006 123.3  3.0  1.2  1.8  60  23.0  477.6 549  432  627  195  406  712  306
16 2007 126.9  3.6  1.5  2.1  58  28.3  505.9 516  433  575  142  415  671  256
17 2008 130.2  3.3  1.2  2.1  63  26.7  532.6 566  434  641  207  425  761  336
18 2009 133.5  3.3  1.5  1.8  54  27.3  559.9 554  432  655  223  419  730  311
19 2010 136.5  3.0  1.5  1.5  50  25.4  585.3 525  441  608  167  419  661  242
20 2011 138.3  1.8  0.6  1.2  66  15.5  600.9 520  437  562  125  425  658  233
21 2012 140.1  1.8  0.6  1.2  66  15.7  616.6 531  420  586  166  401  642  241
22 2013 141.9  1.8  0.3  1.5  83  15.9  632.6 560  460  581  121  460  675  215
23 2014 143.7  1.8  0.3  1.5  83  16.2  648.7 607  434  642  208  434  715  281

Core Length:  144.3 mm
Core Density: 472 kg/m3
Cross-sectional Density:  457 kg/m3
Early/Latewood Threshold: 500 kg/m3
Attenuation Constant: 3.07

ִִִִִִִִִִִִִִִִִִִִִִִִִִִִִִִִִִִִִִִִִִִִִִִִִִִִִִִִִִִִִִִִִִִִִִִִִִִִִִִ
Core : 27
ֲֲֲִִִִִִִִִִִִִִִִִִִִִִִִִִִִִִִִִִִִִִִִִִִִִִִִִִִִִִִִִִִִִִִִִִִִִִִִִִִִ
       ³Widths (mm)              ³ Areas    ³ Densities (kg/m3)
       ³                         ³ (cm‎)    ³
Ring   ³Outer Ring Erly Late   % ³Incr Total³Ring E/Wd L/Wd Unif  Min  Max  Rng
 # Year³ Rad.      Wood Wood  LW ³          ³mean mean mean
ֱֱֱִִִִִִִִִִִִִִִִִִִִִִִִִִִִִִִִִִִִִִִִִִִִִִִִִִִִִִִִִִִִִִִִִִִִִִִִִִִִ

 2 1992   9.7  9.7  5.7  0.0   0   3.0    3.0 326  326    0    0  244  437  193
 3 1993  26.2 16.5 16.5  0.0   0  18.6   21.6 323  323    0    0  283  444  161
 4 1994  48.7 22.5 22.5  0.0   0  52.9   74.5 312  312    0    0  254  484  230
 5 1995  68.5 19.8 19.5  0.3   1  72.9  147.4 318  315  528  213  261  528  267
 6 1996  83.2 14.7 14.7  0.0   0  70.1  217.5 321  321    0    0  254  458  204
 7 1997  94.3 11.1 11.1  0.0   0  61.9  279.4 392  392    0    0  323  472  149
 8 1998 103.9  9.6  9.3  0.3   3  59.8  339.1 362  357  502  145  283  502  219
 9 1999 115.0 11.1 11.1  0.0   0  76.3  415.5 353  353    0    0  271  489  218
10 2000 124.0  9.0  8.4  0.6   6  67.6  483.1 367  356  523  167  271  532  261
11 2001 131.8  7.8  7.8  0.0   0  62.7  545.7 349  349    0    0  271  484  213
12 2002 137.2  5.4  5.1  0.3   5  45.6  591.4 371  363  505  142  264  505  241
13 2003 143.8  6.6  5.7  0.9  13  58.3  649.6 386  363  531  168  300  549  249
14 2004 150.7  6.9  6.0  0.9  13  63.8  713.5 376  355  515  160  292  524  232
15 2005 157.6  6.9  6.6  0.3   4  66.8  780.3 361  353  533  180  281  533  252
16 2006 163.0  5.4  5.1  0.3   5  54.4  834.7 367  355  560  205  283  560  277
17 2007 169.6  6.6  5.4  1.2  18  69.0  903.7 360  315  564  249  258  603  345
18 2008 177.4  7.8  6.3  1.5  19  85.0  988.7 392  342  601  259  279  660  381
19 2009 185.2  7.8  6.0  1.8  23  88.9 1077.5 412  350  618  268  310  653  343
20 2010 191.2  6.0  5.1  0.9  15  70.9 1148.5 391  358  574  216  311  635  324
21 2011 194.5  3.3  3.3  0.0   0  40.0 1188.5 367  367    0    0  324  488  164
22 2012 197.2  2.7  2.1  0.6  22  33.2 1221.7 386  346  528  182  316  530  214
23 2013 199.6  2.4  2.4  0.0   0  29.9 1251.6 363  363    0    0  326  441  115
24 2014 201.7  2.1  2.1  0.0   0  26.5 1278.1 391  391    0    0  325  494  169

Core Length:  198.0 mm
Core Density: 362 kg/m3
Cross-sectional Density:  365 kg/m3
Early/Latewood Threshold: 500 kg/m3
Attenuation Constant: 3.07

ִִִִִִִִִִִִִִִִִִִִִִִִִִִִִִִִִִִִִִִִִִִִִִִִִִִִִִִִִִִִִִִִִִִִִִִִִִִִִִִ
Core : 28
ֲֲֲִִִִִִִִִִִִִִִִִִִִִִִִִִִִִִִִִִִִִִִִִִִִִִִִִִִִִִִִִִִִִִִִִִִִִִִִִִִִ
       ³Widths (mm)              ³ Areas    ³ Densities (kg/m3)
       ³                         ³ (cm‎)    ³
Ring   ³Outer Ring Erly Late   % ³Incr Total³Ring E/Wd L/Wd Unif  Min  Max  Rng
 # Year³ Rad.      Wood Wood  LW ³          ³mean mean mean
ֱֱֱִִִִִִִִִִִִִִִִִִִִִִִִִִִִִִִִִִִִִִִִִִִִִִִִִִִִִִִִִִִִִִִִִִִִִִִִִִִִ

 3 1993  18.1 18.1 10.8  0.3   1  10.3   10.3 389  385  512  127  329  512  183
 4 1994  37.9 19.8 19.5  0.3   1  34.8   45.1 377  375  500  125  313  500  187
 5 1995  56.2 18.3 16.8  1.5   8  54.1   99.2 396  385  523  138  302  564  262
 6 1996  68.2 12.0 12.0  0.0   0  46.9  146.1 401  401    0    0  306  497  191
 7 1997  79.0 10.8 10.8  0.0   0  49.9  196.1 396  396    0    0  314  488  174
 8 1998  88.9  9.9  9.9  0.0   0  52.2  248.3 390  390    0    0  283  466  183
 9 1999 100.3 11.4 11.1  0.3   2  67.8  316.0 413  410  510  100  297  510  213
10 2000 109.6  9.3  6.6  2.7  29  61.3  377.4 412  364  529  165  289  559  270
11 2001 117.7  8.1  7.2  0.9  11  57.8  435.2 397  382  518  136  305  525  220
12 2002 123.7  6.0  3.9  2.1  35  45.5  480.7 429  372  535  163  288  550  262
13 2003 131.8  8.1  5.1  3.0  37  65.0  545.7 434  364  554  190  323  596  273
14 2004 140.2  8.4  5.7  2.7  32  71.8  617.5 434  384  541  157  320  606  286
15 2005 147.1  6.9  4.5  2.4  34  62.3  679.8 451  388  570  182  323  600  277
16 2006 154.6  7.5  5.1  2.4  32  71.1  750.9 452  406  548  142  323  587  264
17 2007 161.8  7.2  5.1  2.1  29  71.6  822.4 462  407  595  188  345  641  296
18 2008 168.7  6.9  3.6  3.3  47  71.6  894.1 493  399  595  196  367  666  299
19 2009 175.0  6.3  3.6  2.7  42  68.0  962.1 502  426  603  177  356  652  296
20 2010 180.4  5.4  2.7  2.7  49  60.3 1022.4 517  420  614  194  374  717  343
21 2011 184.0  3.6  1.2  2.4  66  41.2 1063.6 565  436  629  193  407  684  277
22 2012 187.3  3.3  1.8  1.5  45  38.5 1102.1 522  417  648  231  379  672  293
23 2013 191.5  4.2  1.8  2.4  57  50.0 1152.1 557  414  663  249  378  732  354
24 2014 194.8  3.3  1.5  1.8  54  40.0 1192.1 520  407  614  207  382  718  336

Core Length:  187.8 mm
Core Density: 450 kg/m3
Cross-sectional Density:  451 kg/m3
Early/Latewood Threshold: 500 kg/m3
Attenuation Constant: 3.07

ִִִִִִִִִִִִִִִִִִִִִִִִִִִִִִִִִִִִִִִִִִִִִִִִִִִִִִִִִִִִִִִִִִִִִִִִִִִִִִִ
Core : 32
ֲֲֲִִִִִִִִִִִִִִִִִִִִִִִִִִִִִִִִִִִִִִִִִִִִִִִִִִִִִִִִִִִִִִִִִִִִִִִִִִִִ
       ³Widths (mm)              ³ Areas    ³ Densities (kg/m3)
       ³                         ³ (cm‎)    ³
Ring   ³Outer Ring Erly Late   % ³Incr Total³Ring E/Wd L/Wd Unif  Min  Max  Rng
 # Year³ Rad.      Wood Wood  LW ³          ³mean mean mean
ֱֱֱִִִִִִִִִִִִִִִִִִִִִִִִִִִִִִִִִִִִִִִִִִִִִִִִִִִִִִִִִִִִִִִִִִִִִִִִִִִִ

 3 1993  12.9 12.9  6.9  0.0   0   5.2    5.2 392  392    0    0  311  498  187
 4 1994  36.3 23.4 21.9  1.5   6  36.2   41.4 350  339  510  171  278  520  242
 5 1995  59.4 23.1 21.6  1.5   6  69.5  110.8 372  361  537  176  267  576  309
 6 1996  77.4 18.0 16.5  1.5   8  77.4  188.2 389  375  539  164  298  613  315
 7 1997  92.1 14.7 14.1  0.6   4  78.3  266.5 361  354  523  169  300  537  237
 8 1998 105.9 13.8 11.4  2.4  17  85.8  352.3 377  346  528  182  270  545  275
 9 1999 118.5 12.6 10.5  2.1  16  88.8  441.2 405  376  545  169  304  583  279
10 2000 127.8  9.3  7.8  1.5  16  72.0  513.1 387  355  554  199  275  570  295
11 2001 135.3  7.5  5.7  1.8  24  62.0  575.1 406  359  554  195  310  582  272
12 2002 141.9  6.6  4.5  2.1  31  57.5  632.6 435  363  588  225  310  636  326
13 2003 148.8  6.9  4.8  2.1  30  63.0  695.6 440  381  574  193  335  639  304
14 2004 153.9  5.1  4.2  0.9  17  48.5  744.1 401  374  524  150  326  546  220
15 2005 158.1  4.2  3.6  0.6  14  41.2  785.3 406  376  590  214  324  602  278
16 2006 163.2  5.1  4.2  0.9  17  51.5  836.7 409  381  540  159  290  556  266
17 2007 167.7  4.5  3.6  0.9  20  46.8  883.5 412  367  592  225  306  618  312
18 2008 171.9  4.2  2.7  1.5  35  44.8  928.3 480  394  634  240  308  709  401
19 2009 176.1  4.2  3.3  0.9  21  45.9  974.2 425  381  587  206  339  636  297
20 2010 179.4  3.3  2.7  0.6  18  36.9 1011.1 428  391  598  207  333  626  293
21 2011 181.8  2.4  1.5  0.9  37  27.2 1038.3 457  388  571  183  336  585  249
22 2012 183.9  2.1  1.8  0.3  14  24.1 1062.5 436  417  549  132  368  549  181
23 2013 186.0  2.1  1.5  0.6  28  24.4 1086.9 434  399  522  123  331  523  192
24 2014 186.9  0.9  0.3  0.6  66  10.5 1097.4 557  484  593  109  484  636  152

Core Length:  180.9 mm
Core Density: 416 kg/m3
Cross-sectional Density:  406 kg/m3
Early/Latewood Threshold: 500 kg/m3
Attenuation Constant: 3.07

ִִִִִִִִִִִִִִִִִִִִִִִִִִִִִִִִִִִִִִִִִִִִִִִִִִִִִִִִִִִִִִִִִִִִִִִִִִִִִִִ
Core : 33
ֲֲֲִִִִִִִִִִִִִִִִִִִִִִִִִִִִִִִִִִִִִִִִִִִִִִִִִִִִִִִִִִִִִִִִִִִִִִִִִִִִ
       ³Widths (mm)              ³ Areas    ³ Densities (kg/m3)
       ³                         ³ (cm‎)    ³
Ring   ³Outer Ring Erly Late   % ³Incr Total³Ring E/Wd L/Wd Unif  Min  Max  Rng
 # Year³ Rad.      Wood Wood  LW ³          ³mean mean mean
ֱֱֱִִִִִִִִִִִִִִִִִִִִִִִִִִִִִִִִִִִִִִִִִִִִִִִִִִִִִִִִִִִִִִִִִִִִִִִִִִִִ

 1 1991   2.1  2.1  2.1  0.0   0   0.1    0.1 391  391    0    0  311  492  181
 2 1992   9.3  7.2  7.2  0.0   0   2.6    2.7 376  376    0    0  321  497  176
 3 1993  22.8 13.5 12.3  1.2   8  13.6   16.3 409  395  551  156  330  565  235
 4 1994  42.9 20.1 18.0  2.1  10  41.5   57.8 402  383  565  182  322  613  291
 5 1995  63.3 20.4 18.9  1.5   7  68.1  125.9 407  396  552  156  329  584  255
 6 1996  80.4 17.1 15.0  2.1  12  77.2  203.1 398  378  538  160  295  573  278
 7 1997  90.6 10.2  7.5  2.7  26  54.8  257.9 458  425  550  125  365  599  234
 8 1998  99.3  8.7  6.0  2.7  31  51.9  309.8 429  373  554  181  304  635  331
 9 1999 108.9  9.6  5.7  3.9  40  62.8  372.6 480  421  567  146  370  660  290
10 2000 114.0  5.1  2.1  3.0  58  35.7  408.3 517  387  609  222  339  707  368
11 2001 118.8  4.8  3.0  1.8  37  35.1  443.4 501  421  634  213  380  669  289
12 2002 123.6  4.8  2.7  2.1  43  36.6  479.9 505  413  623  210  372  729  357
13 2003 129.0  5.4  2.7  2.7  50  42.9  522.8 532  447  617  170  422  751  329
14 2004 133.8  4.8  2.7  2.1  43  39.6  562.4 518  427  634  207  393  724  331
15 2005 137.1  3.3  1.2  2.1  63  28.1  590.5 543  453  595  142  433  678  245
16 2006 140.7  3.6  1.8  1.8  49  31.4  621.9 544  458  630  172  417  728  311
17 2007 144.0  3.3  1.5  1.8  54  29.5  651.4 544  454  618  164  415  738  323
18 2008 147.6  3.6  1.8  1.8  49  33.0  684.4 545  453  637  184  435  729  294
19 2009 151.2  3.6  1.8  1.8  49  33.8  718.2 524  439  610  171  419  733  314
20 2010 155.1  3.9  2.4  1.5  38  37.5  755.7 508  448  604  156  408  732  324
21 2011 157.5  2.4  1.5  0.9  37  23.6  779.3 532  442  681  239  416  710  294
22 2012 160.2  2.7  1.2  1.5  55  26.9  806.3 535  448  605  157  419  660  241
23 2013 163.5  3.3  1.5  1.8  54  33.6  839.8 536  444  614  170  395  704  309
24 2014 168.9  5.4  2.4  3.0  55  56.4  896.2 535  420  627  207  366  675  309

Core Length:  169.5 mm
Core Density: 486 kg/m3
Cross-sectional Density:  485 kg/m3
Early/Latewood Threshold: 500 kg/m3
Attenuation Constant: 3.07

ִִִִִִִִִִִִִִִִִִִִִִִִִִִִִִִִִִִִִִִִִִִִִִִִִִִִִִִִִִִִִִִִִִִִִִִִִִִִִִִ
Core : 34
ֲֲֲִִִִִִִִִִִִִִִִִִִִִִִִִִִִִִִִִִִִִִִִִִִִִִִִִִִִִִִִִִִִִִִִִִִִִִִִִִִִ
       ³Widths (mm)              ³ Areas    ³ Densities (kg/m3)
       ³                         ³ (cm‎)    ³
Ring   ³Outer Ring Erly Late   % ³Incr Total³Ring E/Wd L/Wd Unif  Min  Max  Rng
 # Year³ Rad.      Wood Wood  LW ³          ³mean mean mean
ֱֱֱִִִִִִִִִִִִִִִִִִִִִִִִִִִִִִִִִִִִִִִִִִִִִִִִִִִִִִִִִִִִִִִִִִִִִִִִִִִִ

 1 1992  12.6 12.6 12.6  0.0   0   5.0    5.0 300  300    0    0  254  415  161
 2 1993  27.3 14.7 14.7  0.0   0  18.4   23.4 293  293    0    0  240  448  208
 3 1994  47.7 20.4 20.4  0.0   0  48.1   71.5 293  293    0    0  218  485  267
 4 1995  68.4 20.7 19.8  0.9   4  75.5  147.0 329  320  534  214  255  555  300
 5 1996  85.5 17.1 17.1  0.0   0  82.7  229.7 332  332    0    0  258  493  235
 6 1997  98.4 12.9 12.6  0.3   2  74.5  304.2 359  355  533  178  304  533  229
 7 1998 109.5 11.1 10.8  0.3   2  72.5  376.7 351  346  517  171  263  517  254
 8 1999 120.3 10.8  9.6  1.2  11  78.0  454.7 402  389  514  125  282  535  253
 9 2000 128.7  8.4  6.6  1.8  21  65.7  520.4 382  344  521  177  256  534  278
10 2001 136.8  8.1  6.9  1.2  14  67.6  587.9 386  363  517  154  294  529  235
11 2002 144.3  7.5  5.7  1.8  24  66.2  654.2 387  343  526  183  252  550  298
12 2003 150.3  6.0  3.9  2.1  35  55.5  709.7 443  360  597  237  308  630  322
13 2004 155.7  5.4  4.5  0.9  16  51.9  761.6 397  365  557  192  295  601  306
14 2005 161.1  5.4  4.2  1.2  22  53.7  815.3 391  346  551  205  297  605  308
15 2006 165.3  4.2  3.0  1.2  28  43.1  858.4 433  361  612  251  325  621  296
16 2007 169.2  3.9  3.6  0.3   7  41.0  899.4 372  356  570  214  304  570  266
17 2008 173.4  4.2  2.7  1.5  35  45.2  944.6 463  366  637  271  332  661  329
18 2009 177.6  4.2  3.3  0.9  21  46.3  990.9 433  377  638  261  318  681  363
19 2010 181.5  3.9  2.4  1.5  38  44.0 1034.9 460  377  592  215  325  629  304
20 2011 185.1  3.6  2.1  1.5  41  41.5 1076.4 503  447  582  135  391  680  289
21 2012 186.6  1.5  1.2  0.3  20  17.5 1093.9 413  389  510  121  367  510  143
22 2013 187.2  0.6  0.6  0.0   0   7.0 1100.9 414  414    0    0  384  444   60

Core Length:  187.5 mm
Core Density: 388 kg/m3
Cross-sectional Density:  386 kg/m3
Early/Latewood Threshold: 500 kg/m3
Attenuation Constant: 3.07

ִִִִִִִִִִִִִִִִִִִִִִִִִִִִִִִִִִִִִִִִִִִִִִִִִִִִִִִִִִִִִִִִִִִִִִִִִִִִִִִ
Core : 36
ֲֲֲִִִִִִִִִִִִִִִִִִִִִִִִִִִִִִִִִִִִִִִִִִִִִִִִִִִִִִִִִִִִִִִִִִִִִִִִִִִִ
       ³Widths (mm)              ³ Areas    ³ Densities (kg/m3)
       ³                         ³ (cm‎)    ³
Ring   ³Outer Ring Erly Late   % ³Incr Total³Ring E/Wd L/Wd Unif  Min  Max  Rng
 # Year³ Rad.      Wood Wood  LW ³          ³mean mean mean
ֱֱֱִִִִִִִִִִִִִִִִִִִִִִִִִִִִִִִִִִִִִִִִִִִִִִִִִִִִִִִִִִִִִִִִִִִִִִִִִִִִ

 3 1993  22.3 22.3 15.3  0.0   0  15.6   15.6 330  330    0    0  260  496  236
 4 1994  42.4 20.1 19.2  0.9   4  40.9   56.5 328  318  536  218  263  546  283
 5 1995  61.3 18.9 17.4  1.5   7  61.6  118.1 370  356  535  179  290  568  278
 6 1996  77.5 16.2 14.7  1.5   9  70.6  188.7 371  356  520  164  273  543  270
 7 1997  89.8 12.3 11.1  1.2   9  64.6  253.3 372  356  517  161  301  548  247
 8 1998 100.3 10.5  9.0  1.5  14  62.7  316.0 360  335  510  175  252  524  272
 9 1999 112.0 11.7  9.6  2.1  17  78.0  394.1 379  349  517  168  267  542  275
10 2000 120.4  8.4  6.9  1.5  17  61.3  455.4 358  323  522  199  258  542  284
11 2001 129.4  9.0  7.5  1.5  16  70.6  526.0 357  327  506  179  258  514  256
12 2002 137.5  8.1  6.6  1.5  18  67.9  594.0 383  335  591  256  259  629  370
13 2003 146.5  9.0  6.9  2.1  23  80.3  674.3 407  366  544  178  306  569  263
14 2004 154.9  8.4  6.9  1.5  17  79.5  753.8 391  362  523  161  297  543  246
15 2005 162.1  7.2  5.7  1.5  20  71.7  825.5 386  342  554  212  285  573  288
16 2006 167.5  5.4  3.9  1.5  27  55.9  881.4 408  350  558  208  280  586  306
17 2007 172.9  5.4  3.9  1.5  27  57.7  939.2 431  360  615  255  302  658  356
18 2008 178.9  6.0  3.6  2.4  40  66.3 1005.5 482  391  619  228  333  681  348
19 2009 184.6  5.7  3.9  1.8  31  65.1 1070.6 479  413  623  210  366  694  328
20 2010 188.8  4.2  3.0  1.2  28  49.3 1119.8 467  408  615  207  354  692  338
21 2011 191.2  2.4  1.5  0.9  37  28.7 1148.5 475  404  593  189  380  651  271
22 2012 193.0  1.8  1.2  0.6  33  21.7 1170.2 485  427  602  175  375  649  274
23 2013 194.2  1.2  0.9  0.3  24  14.6 1184.8 481  435  619  184  405  619  214
24 2014 196.9  2.7  1.2  1.5  55  33.2 1218.0 504  388  597  209  359  659  300

Core Length:  190.2 mm
Core Density: 409 kg/m3
Cross-sectional Density:  402 kg/m3
Early/Latewood Threshold: 500 kg/m3
Attenuation Constant: 3.07

ִִִִִִִִִִִִִִִִִִִִִִִִִִִִִִִִִִִִִִִִִִִִִִִִִִִִִִִִִִִִִִִִִִִִִִִִִִִִִִִ
Core : 52
ֲֲֲִִִִִִִִִִִִִִִִִִִִִִִִִִִִִִִִִִִִִִִִִִִִִִִִִִִִִִִִִִִִִִִִִִִִִִִִִִִִ
       ³Widths (mm)              ³ Areas    ³ Densities (kg/m3)
       ³                         ³ (cm‎)    ³
Ring   ³Outer Ring Erly Late   % ³Incr Total³Ring E/Wd L/Wd Unif  Min  Max  Rng
 # Year³ Rad.      Wood Wood  LW ³          ³mean mean mean
ֱֱֱִִִִִִִִִִִִִִִִִִִִִִִִִִִִִִִִִִִִִִִִִִִִִִִִִִִִִִִִִִִִִִִִִִִִִִִִִִִִ

 2 1993   6.3  6.3  6.3  0.0   0   1.2    1.2 352  352    0    0  276  464  188
 3 1994  23.7 17.4 17.1  0.3   1  16.4   17.6 327  324  504  180  265  504  239
 4 1995  40.8 17.1 16.2  0.9   5  34.7   52.3 355  344  551  207  238  577  339
 5 1996  55.5 14.7 14.7  0.0   0  44.5   96.8 365  365    0    0  267  493  226
 6 1997  66.6 11.1 10.8  0.3   2  42.6  139.3 370  366  509  143  241  509  268
 7 1998  74.4  7.8  7.8  0.0   0  34.6  173.9 383  383    0    0  263  487  224
 8 1999  84.0  9.6  9.6  0.0   0  47.8  221.7 374  374    0    0  258  463  205
 9 2000  91.5  7.5  6.3  1.2  16  41.4  263.0 379  349  534  185  245  569  324
10 2001  96.0  4.5  3.9  0.6  13  26.5  289.5 388  368  513  145  268  520  252
11 2002  98.7  2.7  1.8  0.9  33  16.5  306.0 430  387  516  129  271  531  260
12 2003 103.5  4.8  2.7  2.1  43  30.5  336.5 442  384  516  132  319  537  218
13 2004 108.3  4.8  3.6  1.2  25  31.9  368.5 396  349  537  188  285  552  267
14 2005 112.5  4.2  3.3  0.9  21  29.1  397.6 399  366  521  155  299  537  238
15 2006 115.5  3.0  1.8  1.2  40  21.5  419.1 438  385  517  132  329  537  208
16 2007 118.8  3.3  2.4  0.9  27  24.3  443.4 438  380  592  212  308  618  310
17 2008 121.2  2.4  1.8  0.6  24  18.1  461.5 432  392  550  158  325  559  234
18 2009 122.4  1.2  0.9  0.3  25   9.2  470.7 413  369  544  175  311  544  233
19 2010 124.2  1.8  1.2  0.6  33  13.9  484.6 426  374  531  157  345  553  208
20 2011 125.1  0.9  0.6  0.3  33   7.0  491.7 442  406  516  110  406  516  110
21 2012 126.3  1.2  0.9  0.3  25   9.5  501.1 441  420  506   86  401  506  105
22 2013 128.4  2.1  1.5  0.6  28  16.8  517.9 442  389  573  184  329  578  249
23 2014 130.2  1.8  1.5  0.3  16  14.6  532.6 416  392  536  144  329  536  207

Core Length:  130.2 mm
Core Density: 402 kg/m3
Cross-sectional Density:  395 kg/m3
Early/Latewood Threshold: 500 kg/m3
Attenuation Constant: 3.07

ִִִִִִִִִִִִִִִִִִִִִִִִִִִִִִִִִִִִִִִִִִִִִִִִִִִִִִִִִִִִִִִִִִִִִִִִִִִִִִִ
Core : 56
ֲֲֲִִִִִִִִִִִִִִִִִִִִִִִִִִִִִִִִִִִִִִִִִִִִִִִִִִִִִִִִִִִִִִִִִִִִִִִִִִִִ
       ³Widths (mm)              ³ Areas    ³ Densities (kg/m3)
       ³                         ³ (cm‎)    ³
Ring   ³Outer Ring Erly Late   % ³Incr Total³Ring E/Wd L/Wd Unif  Min  Max  Rng
 # Year³ Rad.      Wood Wood  LW ³          ³mean mean mean
ֱֱֱִִִִִִִִִִִִִִִִִִִִִִִִִִִִִִִִִִִִִִִִִִִִִִִִִִִִִִִִִִִִִִִִִִִִִִִִִִִִ

 1 1991   2.7  2.7  2.7  0.0   0   0.2    0.2 354  354    0    0  278  463  185
 2 1992   8.7  6.0  6.0  0.0   0   2.1    2.4 340  340    0    0  276  418  142
 3 1993  22.8 14.1 13.8  0.3   2  14.0   16.3 350  347  507  160  300  507  207
 4 1994  41.1 18.3 17.7  0.6   3  36.7   53.1 337  331  516  185  282  524  242
 5 1995  58.8 17.7 16.8  0.9   5  55.6  108.6 344  334  530  196  268  554  286
 6 1996  78.3 19.5 19.2  0.3   1  84.0  192.6 346  343  564  221  292  564  272
 7 1997  93.9 15.6 15.6  0.0   0  84.4  277.0 356  356    0    0  289  486  197
 8 1998 104.7 10.8 10.8  0.0   0  67.4  344.4 356  356    0    0  294  487  193
 9 1999 111.6  6.9  5.4  1.5  21  46.9  391.3 423  398  512  114  314  533  219
10 2000 120.0  8.4  6.3  2.1  24  61.1  452.4 400  347  559  212  275  579  304
11 2001 128.4  8.4  6.9  1.5  17  65.6  517.9 393  368  511  143  310  516  206
12 2002 137.4  9.0  8.1  0.9  10  75.2  593.1 395  380  528  148  269  542  273
13 2003 148.8 11.4  9.3  2.1  18 102.5  695.6 419  385  569  184  322  615  293
14 2004 156.0  7.2  5.4  1.8  25  68.9  764.5 410  369  534  165  332  559  227
15 2005 162.0  6.0  5.1  0.9  15  59.9  824.5 393  368  531  163  319  553  234
16 2006 165.3  3.3  2.4  0.9  27  33.9  858.4 421  376  542  166  329  557  228
17 2007 168.3  3.0  2.4  0.6  20  31.4  889.9 385  345  544  199  303  561  258
18 2008 171.6  3.3  2.1  1.2  36  35.2  925.1 468  372  636  264  333  658  325
19 2009 174.6  3.0  2.4  0.6  20  32.6  957.7 414  374  578  204  329  623  294
20 2010 176.7  2.1  1.8  0.3  14  23.2  980.9 434  412  561  149  365  561  196
21 2011 177.9  1.2  0.9  0.3  25  13.4  994.3 438  396  567  171  343  567  224
22 2012 179.4  1.5  0.9  0.6  40  16.8 1011.1 500  423  617  194  382  636  254
23 2013 180.6  1.2  1.2  0.0   0  13.6 1024.7 418  418    0    0  355  485  130
24 2014 181.8  1.2  0.6  0.6  50  13.7 1038.3 516  422  610  188  378  651  273

Core Length:  181.8 mm
Core Density: 400 kg/m3
Cross-sectional Density:  393 kg/m3
Early/Latewood Threshold: 500 kg/m3
Attenuation Constant: 3.07

