File : C:\DENSITOM\KINLEI~1\ATIA5.DAT
Cores :
8
11
12
17
19
22
23
28
29
37

ִִִִִִִִִִִִִִִִִִִִִִִִִִִִִִִִִִִִִִִִִִִִִִִִִִִִִִִִִִִִִִִִִִִִִִִִִִִִִִִ
Core : 8
ֲֲֲִִִִִִִִִִִִִִִִִִִִִִִִִִִִִִִִִִִִִִִִִִִִִִִִִִִִִִִִִִִִִִִִִִִִִִִִִִִִ
       ³Widths (mm)              ³ Areas    ³ Densities (kg/m3)
       ³                         ³ (cm‎)    ³
Ring   ³Outer Ring Erly Late   % ³Incr Total³Ring E/Wd L/Wd Unif  Min  Max  Rng
 # Year³ Rad.      Wood Wood  LW ³          ³mean mean mean
ֱֱֱִִִִִִִִִִִִִִִִִִִִִִִִִִִִִִִִִִִִִִִִִִִִִִִִִִִִִִִִִִִִִִִִִִִִִִִִִִִִ

 3 1994  13.2 13.2  7.2  0.0   0   5.5    5.5 290  290    0    0  256  372  116
 4 1995  29.1 15.9 15.9  0.0   0  21.1   26.6 277  277    0    0  246  378  132
 5 1996  48.9 19.8 19.8  0.0   0  48.5   75.1 277  277    0    0  240  421  181
 6 1997  63.3 14.4 14.4  0.0   0  50.8  125.9 293  293    0    0  262  407  145
 7 1998  71.1  7.8  7.5  0.3   3  32.9  158.8 356  349  534  185  306  534  228
 8 1999  93.0 21.9 21.6  0.3   1 112.9  271.7 335  333  505  172  273  505  232
 9 2000 116.1 23.1 23.1  0.0   0 151.7  423.5 329  329    0    0  269  457  188
10 2001 143.4 27.3 27.3  0.0   0 222.6  646.0 315  315    0    0  258  451  193
11 2002 166.8 23.4 23.4  0.0   0 228.0  874.1 326  326    0    0  262  432  170
12 2003 187.2 20.4 20.4  0.0   0 226.9 1100.9 315  315    0    0  262  443  181
13 2004 199.5 12.3 12.0  0.3   2 149.4 1250.4 334  330  500  170  267  500  233
14 2005 210.9 11.4 11.4  0.0   0 147.0 1397.3 333  333    0    0  246  476  230
15 2006 222.6 11.7 11.7  0.0   0 159.3 1556.7 340  340    0    0  269  454  185
16 2007 234.3 11.7 11.7  0.0   0 167.9 1724.6 333  333    0    0  268  422  154
17 2008 243.6  9.3  9.3  0.0   0 139.6 1864.3 320  320    0    0  246  425  179
18 2009 251.1  7.5  7.5  0.0   0 116.6 1980.8 336  336    0    0  244  470  226
19 2010 256.2  5.1  4.5  0.6  11  81.3 2062.1 341  318  517  199  275  519  244
20 2011 259.8  3.6  3.6  0.0   0  58.4 2120.5 332  332    0    0  264  459  195
21 2012 262.2  2.4  2.1  0.3  12  39.4 2159.8 355  330  528  198  277  528  251
22 2013 263.4  1.2  0.6  0.6  49  19.8 2179.6 403  300  506  206  267  512  245
23 2014 265.2  1.8  1.8  0.0   0  29.9 2209.5 379  379    0    0  272  486  214

Core Length:  259.2 mm
Core Density: 329 kg/m3
Cross-sectional Density:  327 kg/m3
Early/Latewood Threshold: 500 kg/m3
Attenuation Constant: 3.07

ִִִִִִִִִִִִִִִִִִִִִִִִִִִִִִִִִִִִִִִִִִִִִִִִִִִִִִִִִִִִִִִִִִִִִִִִִִִִִִִ
Core : 11
ֲֲֲִִִִִִִִִִִִִִִִִִִִִִִִִִִִִִִִִִִִִִִִִִִִִִִִִִִִִִִִִִִִִִִִִִִִִִִִִִִִ
       ³Widths (mm)              ³ Areas    ³ Densities (kg/m3)
       ³                         ³ (cm‎)    ³
Ring   ³Outer Ring Erly Late   % ³Incr Total³Ring E/Wd L/Wd Unif  Min  Max  Rng
 # Year³ Rad.      Wood Wood  LW ³          ³mean mean mean
ֱֱֱִִִִִִִִִִִִִִִִִִִִִִִִִִִִִִִִִִִִִִִִִִִִִִִִִִִִִִִִִִִִִִִִִִִִִִִִִִִִ

 2 1992  14.4 14.4 11.4  0.0   0   6.5    6.5 322  322    0    0  269  453  184
 3 1993  31.8 17.4 17.4  0.0   0  25.3   31.8 337  337    0    0  273  442  169
 4 1994  54.3 22.5 22.5  0.0   0  60.9   92.6 330  330    0    0  270  435  165
 5 1995  64.5 10.2  9.6  0.6   5  38.1  130.7 383  375  516  141  290  522  232
 6 1996  82.8 18.3 17.1  1.2   6  84.7  215.4 401  393  510  117  327  532  205
 7 1997 102.3 19.5 18.6  0.9   4 113.4  328.8 395  389  519  130  311  533  222
 8 1998 127.2 24.9 24.9  0.0   0 179.5  508.3 367  367    0    0  295  466  171
 9 1999 148.5 21.3 21.3  0.0   0 184.5  692.8 370  370    0    0  268  492  224
10 2000 165.0 16.5 16.5  0.0   0 162.5  855.3 346  346    0    0  274  449  175
11 2001 176.7 11.7 11.7  0.0   0 125.6  980.9 334  334    0    0  252  403  151
12 2002 187.8 11.1 11.1  0.0   0 127.1 1108.0 324  324    0    0  240  373  133
13 2003 201.9 14.1 14.1  0.0   0 172.6 1280.6 325  325    0    0  251  375  124
14 2004 213.0 11.1 11.1  0.0   0 144.7 1425.3 309  309    0    0  254  406  152
15 2005 224.7 11.7 11.7  0.0   0 160.9 1586.2 315  315    0    0  237  380  143
16 2006 235.8 11.1 11.1  0.0   0 160.6 1746.8 325  325    0    0  246  395  149
17 2007 243.3  7.5  7.5  0.0   0 112.9 1859.7 322  322    0    0  259  400  141
18 2008 249.9  6.6  6.6  0.0   0 102.3 1961.9 353  353    0    0  257  438  181
19 2009 256.2  6.3  6.3  0.0   0 100.2 2062.1 350  350    0    0  272  422  150
20 2010 263.1  6.9  6.9  0.0   0 112.6 2174.7 360  360    0    0  274  460  186
21 2011 270.6  7.5  7.5  0.0   0 125.8 2300.4 391  391    0    0  292  470  178
22 2012 277.5  6.9  6.6  0.3   4 118.8 2419.2 388  382  514  132  280  514  234
23 2013 283.5  6.0  5.1  0.9  15 105.7 2525.0 408  390  506  116  288  509  221
24 2014 287.7  4.2  4.2  0.0   0  75.4 2600.3 365  365    0    0  291  487  196

Core Length:  285.9 mm
Core Density: 353 kg/m3
Cross-sectional Density:  351 kg/m3
Early/Latewood Threshold: 500 kg/m3
Attenuation Constant: 3.07

ִִִִִִִִִִִִִִִִִִִִִִִִִִִִִִִִִִִִִִִִִִִִִִִִִִִִִִִִִִִִִִִִִִִִִִִִִִִִִִִ
Core : 12
ֲֲֲִִִִִִִִִִִִִִִִִִִִִִִִִִִִִִִִִִִִִִִִִִִִִִִִִִִִִִִִִִִִִִִִִִִִִִִִִִִִ
       ³Widths (mm)              ³ Areas    ³ Densities (kg/m3)
       ³                         ³ (cm‎)    ³
Ring   ³Outer Ring Erly Late   % ³Incr Total³Ring E/Wd L/Wd Unif  Min  Max  Rng
 # Year³ Rad.      Wood Wood  LW ³          ³mean mean mean
ֱֱֱִִִִִִִִִִִִִִִִִִִִִִִִִִִִִִִִִִִִִִִִִִִִִִִִִִִִִִִִִִִִִִִִִִִִִִִִִִִִ

 1 1992  12.0 12.0 12.0  0.0   0   4.5    4.5 273  273    0    0  176  405  229
 2 1993  28.5 16.5 16.5  0.0   0  21.0   25.5 317  317    0    0  228  479  251
 3 1994  50.4 21.9 21.9  0.0   0  54.3   79.8 308  308    0    0  240  496  256
 4 1995  67.5 17.1 16.2  0.9   5  63.3  143.1 347  337  513  176  280  519  239
 5 1996  83.4 15.9 15.6  0.3   1  75.4  218.5 355  352  507  155  259  507  248
 6 1997 103.8 20.4 20.4  0.0   0 120.0  338.5 344  344    0    0  272  429  157
 7 1998 128.1 24.3 24.3  0.0   0 177.0  515.5 331  331    0    0  265  456  191
 8 1999 151.2 23.1 23.1  0.0   0 202.7  718.2 339  339    0    0  268  452  184
 9 2000 168.3 17.1 17.1  0.0   0 171.6  889.9 354  354    0    0  271  479  208
10 2001 188.4 20.1 20.1  0.0   0 225.2 1115.1 354  354    0    0  265  498  233
11 2002 204.9 16.5 16.5  0.0   0 203.9 1319.0 350  350    0    0  265  490  225
12 2003 219.9 15.0 15.0  0.0   0 200.2 1519.1 350  350    0    0  271  484  213
13 2004 231.0 11.1 11.1  0.0   0 157.2 1676.4 355  355    0    0  256  464  208
14 2005 240.3  9.3  8.4  0.9   9 137.7 1814.1 350  333  508  175  264  510  246
15 2006 246.3  6.0  5.7  0.3   5  91.7 1905.8 377  367  564  197  270  564  294
16 2007 251.7  5.4  4.5  0.9  16  84.5 1990.3 367  338  507  169  273  519  246
17 2008 255.0  3.3  2.4  0.9  27  52.5 2042.8 404  354  540  186  285  556  271
18 2009 258.9  3.9  2.7  1.2  30  63.0 2105.8 409  349  543  194  287  563  276
19 2010 263.7  4.8  3.9  0.9  18  78.8 2184.6 393  357  548  191  282  580  298
20 2011 270.3  6.6  3.9  2.7  40 110.7 2295.3 439  368  542  174  288  571  283
21 2012 275.4  5.1  4.2  0.9  17  87.4 2382.7 380  348  525  177  274  556  282
22 2013 279.3  3.9  2.4  1.5  38  68.0 2450.7 435  361  554  193  308  578  270
23 2014 283.2  3.9  3.0  0.9  23  68.9 2519.6 397  351  553  202  273  577  304

Core Length:  285.3 mm
Core Density: 362 kg/m3
Cross-sectional Density:  361 kg/m3
Early/Latewood Threshold: 500 kg/m3
Attenuation Constant: 3.07

ִִִִִִִִִִִִִִִִִִִִִִִִִִִִִִִִִִִִִִִִִִִִִִִִִִִִִִִִִִִִִִִִִִִִִִִִִִִִִִִ
Core : 17
ֲֲֲִִִִִִִִִִִִִִִִִִִִִִִִִִִִִִִִִִִִִִִִִִִִִִִִִִִִִִִִִִִִִִִִִִִִִִִִִִִִ
       ³Widths (mm)              ³ Areas    ³ Densities (kg/m3)
       ³                         ³ (cm‎)    ³
Ring   ³Outer Ring Erly Late   % ³Incr Total³Ring E/Wd L/Wd Unif  Min  Max  Rng
 # Year³ Rad.      Wood Wood  LW ³          ³mean mean mean
ֱֱֱִִִִִִִִִִִִִִִִִִִִִִִִִִִִִִִִִִִִִִִִִִִִִִִִִִִִִִִִִִִִִִִִִִִִִִִִִִִִ

 1 1992   9.8  9.8  7.8  0.0   0   3.0    3.0 312  312    0    0  266  394  128
 2 1993  24.2 14.4 13.8  0.6   4  15.4   18.4 333  324  530  206  261  537  276
 3 1994  44.9 20.7 20.1  0.6   2  44.9   63.3 335  329  558  229  252  581  329
 4 1995  63.8 18.9 18.0  0.9   4  64.5  127.9 363  354  542  188  284  592  308
 5 1996  80.9 17.1 15.6  1.5   8  77.7  205.6 385  371  528  157  277  548  271
 6 1997  98.0 17.1 16.2  0.9   5  96.1  301.7 374  364  555  191  283  589  306
 7 1998 121.4 23.4 22.2  1.2   5 161.3  463.0 385  376  539  163  291  582  291
 8 1999 142.7 21.3 20.4  0.9   4 176.7  639.7 396  391  509  118  311  520  209
 9 2000 161.0 18.3 17.7  0.6   3 174.6  814.3 388  384  529  145  288  544  256
10 2001 179.0 18.0 15.9  2.1  11 192.3 1006.6 387  366  543  177  272  590  318
11 2002 196.4 17.4 15.9  1.5   8 205.2 1211.8 375  362  518  156  273  533  260
12 2003 212.9 16.5 14.4  2.1  12 212.2 1424.0 397  378  527  149  285  549  264
13 2004 224.9 12.0  9.6  2.4  20 165.0 1589.0 381  343  534  191  276  553  277
14 2005 234.8  9.9  9.0  0.9   9 143.0 1732.0 400  388  522  134  324  526  202
15 2006 245.3 10.5  9.9  0.6   5 158.4 1890.4 387  380  513  133  290  523  233
16 2007 253.4  8.1  6.9  1.2  14 126.9 2017.3 397  374  529  155  299  547  248
17 2008 262.7  9.3  6.9  2.4  25 150.8 2168.1 404  357  539  182  297  567  270
18 2009 270.8  8.1  6.0  2.1  25 135.8 2303.8 401  351  544  193  296  580  284
19 2010 279.5  8.7  6.9  1.8  20 150.4 2454.2 398  361  539  178  302  591  289
20 2011 288.2  8.7  6.0  2.7  31 155.2 2609.4 413  365  520  155  286  558  272
21 2012 297.2  9.0  6.0  3.0  33 165.5 2774.9 419  357  543  186  287  578  291
22 2013 305.0  7.8  5.7  2.1  26 147.6 2922.5 422  375  552  177  315  649  334
23 2014 311.0  6.0  3.3  2.7  45 116.1 3038.6 465  384  563  179  339  602  263

Core Length:  310.8 mm
Core Density: 387 kg/m3
Cross-sectional Density:  395 kg/m3
Early/Latewood Threshold: 500 kg/m3
Attenuation Constant: 3.07

ִִִִִִִִִִִִִִִִִִִִִִִִִִִִִִִִִִִִִִִִִִִִִִִִִִִִִִִִִִִִִִִִִִִִִִִִִִִִִִִ
Core : 19
ֲֲֲִִִִִִִִִִִִִִִִִִִִִִִִִִִִִִִִִִִִִִִִִִִִִִִִִִִִִִִִִִִִִִִִִִִִִִִִִִִִ
       ³Widths (mm)              ³ Areas    ³ Densities (kg/m3)
       ³                         ³ (cm‎)    ³
Ring   ³Outer Ring Erly Late   % ³Incr Total³Ring E/Wd L/Wd Unif  Min  Max  Rng
 # Year³ Rad.      Wood Wood  LW ³          ³mean mean mean
ֱֱֱִִִִִִִִִִִִִִִִִִִִִִִִִִִִִִִִִִִִִִִִִִִִִִִִִִִִִִִִִִִִִִִִִִִִִִִִִִִִ

 3 1994  16.8 16.8 15.0  1.8  10   8.9    8.9 414  398  546  148  356  580  224
 4 1995  32.1 15.3 13.5  1.8  11  23.5   32.4 420  402  559  157  328  592  264
 5 1996  48.3 16.2 12.0  4.2  25  40.9   73.3 439  404  540  136  304  578  274
 6 1997  67.8 19.5 13.8  5.7  29  71.1  144.4 454  418  542  124  367  573  206
 7 1998  90.6 22.8 20.7  2.1   9 113.5  257.9 418  408  515  107  335  537  202
 8 1999 109.2 18.6 15.6  3.0  16 116.8  374.6 420  399  531  132  327  579  252
 9 2000 127.5 18.3 14.4  3.9  21 136.1  510.7 419  390  526  136  316  566  250
10 2001 142.2 14.7 10.2  4.5  30 124.6  635.3 430  377  551  174  326  614  288
11 2002 151.8  9.6  6.6  3.0  31  88.7  723.9 427  369  556  187  322  623  301
12 2003 161.4  9.6  7.5  2.1  21  94.5  818.4 427  384  578  194  345  626  281
13 2004 166.2  4.8  3.3  1.5  31  49.4  867.8 450  379  608  229  348  632  284
14 2005 171.3  5.1  3.6  1.5  29  54.1  921.9 449  389  593  204  352  642  290
15 2006 175.5  4.2  2.1  2.1  50  45.8  967.6 510  432  587  155  394  636  242
16 2007 179.1  3.6  3.0  0.6  16  40.1 1007.7 456  419  642  223  388  669  281
17 2008 182.1  3.0  0.9  2.1  70  34.0 1041.8 569  408  639  231  398  695  297
18 2009 185.1  3.0  0.9  2.1  70  34.6 1076.4 581  459  634  175  436  709  273
19 2010 188.1  3.0  0.9  2.1  70  35.2 1111.5 584  443  644  201  415  758  343
20 2011 190.8  2.7  0.9  1.8  66  32.1 1143.7 575  464  630  166  442  702  260
21 2012 193.2  2.4  1.2  1.2  49  29.0 1172.6 524  438  610  172  384  692  308
22 2013 195.0  1.8  0.6  1.2  66  22.0 1194.6 561  467  609  142  456  682  226
23 2014 197.1  2.1  0.3  1.8  85  25.9 1220.5 596  460  618  158  460  688  228

Core Length:  197.4 mm
Core Density: 482 kg/m3
Cross-sectional Density:  457 kg/m3
Early/Latewood Threshold: 500 kg/m3
Attenuation Constant: 3.07

ִִִִִִִִִִִִִִִִִִִִִִִִִִִִִִִִִִִִִִִִִִִִִִִִִִִִִִִִִִִִִִִִִִִִִִִִִִִִִִִ
Core : 22
ֲֲֲִִִִִִִִִִִִִִִִִִִִִִִִִִִִִִִִִִִִִִִִִִִִִִִִִִִִִִִִִִִִִִִִִִִִִִִִִִִִ
       ³Widths (mm)              ³ Areas    ³ Densities (kg/m3)
       ³                         ³ (cm‎)    ³
Ring   ³Outer Ring Erly Late   % ³Incr Total³Ring E/Wd L/Wd Unif  Min  Max  Rng
 # Year³ Rad.      Wood Wood  LW ³          ³mean mean mean
ֱֱֱִִִִִִִִִִִִִִִִִִִִִִִִִִִִִִִִִִִִִִִִִִִִִִִִִִִִִִִִִִִִִִִִִִִִִִִִִִִִ

 7 1997  31.7 31.7 22.2  1.5   4  31.6   31.6 398  390  515  125  324  522  198
 8 1998  53.9 22.2 21.0  1.2   5  59.7   91.3 362  353  519  166  304  531  227
 9 1999  70.4 16.5 15.3  1.2   7  64.4  155.7 394  383  532  149  322  564  242
10 2000  84.2 13.8 10.8  3.0  21  67.0  222.7 388  346  539  193  297  580  283
11 2001  95.9 11.7  9.0  2.7  23  66.2  288.9 412  368  560  192  286  644  358
12 2002 106.1 10.2  7.5  2.7  26  64.7  353.7 413  358  568  210  286  618  332
13 2003 117.8 11.7  8.7  3.0  25  82.3  436.0 415  363  566  203  307  609  302
14 2004 126.5  8.7  5.7  3.0  34  66.8  502.7 424  346  573  227  293  606  313
15 2005 135.5  9.0  6.3  2.7  30  74.1  576.8 413  360  536  176  306  574  268
16 2006 140.0  4.5  3.0  1.5  33  38.9  615.8 438  372  570  198  314  611  297
17 2007 147.2  7.2  4.5  2.7  37  65.0  680.7 467  379  614  235  332  655  323
18 2008 156.5  9.3  5.1  4.2  45  88.7  769.4 469  367  592  225  320  656  336
19 2009 164.3  7.8  5.1  2.7  34  78.6  848.1 440  370  573  203  325  615  290
20 2010 171.5  7.2  5.1  2.1  29  76.0  924.0 435  367  601  234  289  657  368
21 2011 176.6  5.1  2.7  2.4  47  55.8  979.8 487  374  615  241  317  654  337
22 2012 180.5  3.9  2.4  1.5  38  43.8 1023.5 429  343  568  225  306  619  313
23 2013 185.0  4.5  2.4  2.1  46  51.7 1075.2 484  378  604  226  320  671  351
24 2014 190.7  5.7  3.3  2.4  42  67.3 1142.5 448  376  548  172  322  606  284

Core Length:  186.0 mm
Core Density: 428 kg/m3
Cross-sectional Density:  429 kg/m3
Early/Latewood Threshold: 500 kg/m3
Attenuation Constant: 3.07

ִִִִִִִִִִִִִִִִִִִִִִִִִִִִִִִִִִִִִִִִִִִִִִִִִִִִִִִִִִִִִִִִִִִִִִִִִִִִִִִ
Core : 23
ֲֲֲִִִִִִִִִִִִִִִִִִִִִִִִִִִִִִִִִִִִִִִִִִִִִִִִִִִִִִִִִִִִִִִִִִִִִִִִִִִִ
       ³Widths (mm)              ³ Areas    ³ Densities (kg/m3)
       ³                         ³ (cm‎)    ³
Ring   ³Outer Ring Erly Late   % ³Incr Total³Ring E/Wd L/Wd Unif  Min  Max  Rng
 # Year³ Rad.      Wood Wood  LW ³          ³mean mean mean
ֱֱֱִִִִִִִִִִִִִִִִִִִִִִִִִִִִִִִִִִִִִִִִִִִִִִִִִִִִִִִִִִִִִִִִִִִִִִִִִִִִ

 1 1992   5.7  5.7  5.7  0.0   0   1.0    1.0 328  328    0    0  293  381   88
 2 1993  18.3 12.6 12.6  0.0   0   9.5   10.5 342  342    0    0  275  498  223
 3 1994  34.8 16.5 15.6  0.9   5  27.5   38.0 349  338  526  188  286  542  256
 4 1995  53.7 18.9 18.3  0.6   3  52.5   90.6 355  349  532  183  301  552  251
 5 1996  78.0 24.3 23.7  0.6   2 100.5  191.1 366  361  535  174  296  542  246
 6 1997 102.0 24.0 24.0  0.0   0 135.7  326.9 370  370    0    0  313  488  175
 7 1998 128.7 26.7 26.7  0.0   0 193.5  520.4 360  360    0    0  284  471  187
 8 1999 152.1 23.4 23.1  0.3   1 206.4  726.8 371  369  531  162  298  531  233
 9 2000 171.3 19.2 19.2  0.0   0 195.1  921.9 361  361    0    0  285  497  212
10 2001 186.9 15.6 15.0  0.6   3 175.5 1097.4 371  365  534  169  283  547  264
11 2002 201.9 15.0 14.7  0.3   2 183.2 1280.6 376  374  502  128  271  502  231
12 2003 215.7 13.8 13.5  0.3   2 181.0 1461.7 397  394  517  123  294  517  223
13 2004 228.9 13.2 12.6  0.6   4 184.4 1646.0 393  387  520  133  285  530  245
14 2005 239.1 10.2  9.9  0.3   2 150.0 1796.0 362  357  509  152  276  509  233
15 2006 246.3  7.2  7.2  0.0   0 109.8 1905.8 357  357    0    0  287  453  166
16 2007 250.5  4.2  4.2  0.0   0  65.6 1971.4 359  359    0    0  275  472  197
17 2008 255.0  4.5  4.2  0.3   6  71.5 2042.8 393  386  502  116  286  502  216
18 2009 258.9  3.9  3.6  0.3   7  63.0 2105.8 380  368  530  162  294  530  236
19 2010 261.6  2.7  1.8  0.9  33  44.2 2149.9 428  368  548  180  312  582  270
20 2011 264.0  2.4  1.5  0.9  37  39.6 2189.6 433  377  527  150  303  530  227
21 2012 267.3  3.3  2.4  0.9  27  55.1 2244.6 393  341  530  189  292  545  253
22 2013 271.5  4.2  3.0  1.2  28  71.1 2315.7 407  356  534  178  302  557  255
23 2014 277.8  6.3  3.0  3.3  52 108.7 2424.5 462  352  562  210  305  599  294

Core Length:  279.6 mm
Core Density: 378 kg/m3
Cross-sectional Density:  379 kg/m3
Early/Latewood Threshold: 500 kg/m3
Attenuation Constant: 3.07

ִִִִִִִִִִִִִִִִִִִִִִִִִִִִִִִִִִִִִִִִִִִִִִִִִִִִִִִִִִִִִִִִִִִִִִִִִִִִִִִ
Core : 28
ֲֲֲִִִִִִִִִִִִִִִִִִִִִִִִִִִִִִִִִִִִִִִִִִִִִִִִִִִִִִִִִִִִִִִִִִִִִִִִִִִִ
       ³Widths (mm)              ³ Areas    ³ Densities (kg/m3)
       ³                         ³ (cm‎)    ³
Ring   ³Outer Ring Erly Late   % ³Incr Total³Ring E/Wd L/Wd Unif  Min  Max  Rng
 # Year³ Rad.      Wood Wood  LW ³          ³mean mean mean
ֱֱֱִִִִִִִִִִִִִִִִִִִִִִִִִִִִִִִִִִִִִִִִִִִִִִִִִִִִִִִִִִִִִִִִִִִִִִִִִִִִ

 1 1992   5.1  5.1  5.1  0.0   0   0.8    0.8 353  353    0    0  212  442  230
 2 1993  21.6 16.5 16.5  0.0   0  13.8   14.7 360  360    0    0  282  469  187
 3 1994  45.6 24.0 23.1  0.9   3  50.7   65.3 375  369  513  144  284  515  231
 4 1995  67.5 21.9 21.0  0.9   4  77.8  143.1 374  368  516  148  304  517  213
 5 1996  85.8 18.3 16.5  1.8   9  88.1  231.3 409  397  525  128  300  552  252
 6 1997 106.8 21.0 20.1  0.9   4 127.1  358.3 384  378  523  145  291  549  258
 7 1998 127.8 21.0 20.7  0.3   1 154.8  513.1 369  367  501  134  292  501  209
 8 1999 145.8 18.0 18.0  0.0   0 154.7  667.8 368  368    0    0  300  467  167
 9 2000 162.0 16.2 16.2  0.0   0 156.7  824.5 358  358    0    0  279  444  165
10 2001 179.4 17.4 17.1  0.3   1 186.6 1011.1 375  373  501  128  282  501  219
11 2002 194.4 15.0 15.0  0.0   0 176.1 1187.3 364  364    0    0  269  477  208
12 2003 205.5 11.1 11.1  0.0   0 139.5 1326.7 377  377    0    0  289  466  177
13 2004 214.8  9.3  9.3  0.0   0 122.8 1449.5 367  367    0    0  280  463  183
14 2005 223.5  8.7  8.7  0.0   0 119.8 1569.3 382  382    0    0  284  454  170
15 2006 229.5  6.0  6.0  0.0   0  85.4 1654.7 386  386    0    0  294  463  169
16 2007 235.2  5.7  5.7  0.0   0  83.2 1737.9 391  391    0    0  329  485  156
17 2008 238.8  3.6  2.7  0.9  25  53.6 1791.5 433  394  550  156  324  564  240
18 2009 245.4  6.6  4.5  2.1  31 100.4 1891.9 448  395  561  166  326  609  283
19 2010 250.5  5.1  3.6  1.5  29  79.5 1971.4 427  383  534  151  340  570  230
20 2011 254.4  3.9  2.7  1.2  30  61.9 2033.2 487  438  598  160  411  646  235
21 2012 256.8  2.4  1.8  0.6  24  38.5 2071.8 425  397  508  111  365  510  145
22 2013 258.3  1.5  0.9  0.6  40  24.3 2096.0 487  451  542   91  423  571  148
23 2014 260.7  2.4  0.9  1.5  62  39.1 2135.2 530  438  584  146  401  631  230

Core Length:  260.7 mm
Core Density: 401 kg/m3
Cross-sectional Density:  389 kg/m3
Early/Latewood Threshold: 500 kg/m3
Attenuation Constant: 3.07

ִִִִִִִִִִִִִִִִִִִִִִִִִִִִִִִִִִִִִִִִִִִִִִִִִִִִִִִִִִִִִִִִִִִִִִִִִִִִִִִ
Core : 29
ֲֲֲִִִִִִִִִִִִִִִִִִִִִִִִִִִִִִִִִִִִִִִִִִִִִִִִִִִִִִִִִִִִִִִִִִִִִִִִִִִִ
       ³Widths (mm)              ³ Areas    ³ Densities (kg/m3)
       ³                         ³ (cm‎)    ³
Ring   ³Outer Ring Erly Late   % ³Incr Total³Ring E/Wd L/Wd Unif  Min  Max  Rng
 # Year³ Rad.      Wood Wood  LW ³          ³mean mean mean
ֱֱֱִִִִִִִִִִִִִִִִִִִִִִִִִִִִִִִִִִִִִִִִִִִִִִִִִִִִִִִִִִִִִִִִִִִִִִִִִִִִ

 1 1992  11.7 11.7 11.7  0.0   0   4.3    4.3 337  337    0    0  258  471  213
 2 1993  29.4 17.7 17.7  0.0   0  22.9   27.2 353  353    0    0  302  474  172
 3 1994  48.9 19.5 19.2  0.3   1  48.0   75.1 373  371  511  140  290  511  221
 4 1995  72.3 23.4 22.5  0.9   3  89.1  164.2 376  370  535  165  308  553  245
 5 1996  95.7 23.4 21.6  1.8   7 123.5  287.7 410  402  512  110  293  538  245
 6 1997 120.0 24.3 24.0  0.3   1 164.7  452.4 378  376  511  135  306  511  205
 7 1998 144.0 24.0 24.0  0.0   0 199.1  651.4 351  351    0    0  285  463  178
 8 1999 163.8 19.8 19.5  0.3   1 191.5  842.9 357  354  506  152  288  506  218
 9 2000 180.6 16.8 16.5  0.3   1 181.8 1024.7 341  338  520  182  259  520  261
10 2001 192.6 12.0 12.0  0.0   0 140.7 1165.4 339  339    0    0  269  498  229
11 2002 204.6 12.0 12.0  0.0   0 149.7 1315.1 345  345    0    0  257  461  204
12 2003 216.3 11.7 11.7  0.0   0 154.7 1469.8 356  356    0    0  276  454  178
13 2004 226.2  9.9  9.9  0.0   0 137.6 1607.4 340  340    0    0  259  466  207
14 2005 236.4 10.2 10.2  0.0   0 148.2 1755.7 329  329    0    0  234  462  228
15 2006 243.6  7.2  7.2  0.0   0 108.6 1864.3 337  337    0    0  270  433  163
16 2007 249.3  5.7  5.7  0.0   0  88.3 1952.5 341  341    0    0  257  454  197
17 2008 256.2  6.9  6.9  0.0   0 109.6 2062.1 392  392    0    0  282  491  209
18 2009 263.4  7.2  7.2  0.0   0 117.5 2179.6 390  390    0    0  281  495  214
19 2010 269.7  6.3  6.3  0.0   0 105.5 2285.1 380  380    0    0  295  447  152
20 2011 274.8  5.1  5.1  0.0   0  87.2 2372.4 376  376    0    0  283  460  177
21 2012 279.3  4.5  4.5  0.0   0  78.3 2450.7 370  370    0    0  275  464  189
22 2013 283.5  4.2  3.3  0.9  21  74.3 2525.0 415  386  521  135  298  533  235
23 2014 288.6  5.1  3.9  1.2  23  91.7 2616.6 441  416  525  109  319  549  230

Core Length:  290.1 mm
Core Density: 366 kg/m3
Cross-sectional Density:  364 kg/m3
Early/Latewood Threshold: 500 kg/m3
Attenuation Constant: 3.07

ִִִִִִִִִִִִִִִִִִִִִִִִִִִִִִִִִִִִִִִִִִִִִִִִִִִִִִִִִִִִִִִִִִִִִִִִִִִִִִִ
Core : 37
ֲֲֲִִִִִִִִִִִִִִִִִִִִִִִִִִִִִִִִִִִִִִִִִִִִִִִִִִִִִִִִִִִִִִִִִִִִִִִִִִִִ
       ³Widths (mm)              ³ Areas    ³ Densities (kg/m3)
       ³                         ³ (cm‎)    ³
Ring   ³Outer Ring Erly Late   % ³Incr Total³Ring E/Wd L/Wd Unif  Min  Max  Rng
 # Year³ Rad.      Wood Wood  LW ³          ³mean mean mean
ֱֱֱִִִִִִִִִִִִִִִִִִִִִִִִִִִִִִִִִִִִִִִִִִִִִִִִִִִִִִִִִִִִִִִִִִִִִִִִִִִִ

 1 1992   7.2  7.2  7.2  0.0   0   1.6    1.6 381  381    0    0  282  470  188
 2 1993  16.8  9.6  9.3  0.3   3   7.2    8.9 351  345  547  202  306  547  241
 3 1994  35.4 18.6 18.3  0.3   1  30.5   39.4 340  337  519  182  276  519  243
 4 1995  54.6 19.2 18.0  1.2   6  54.3   93.7 353  341  530  189  294  560  266
 5 1996  74.1 19.5 18.9  0.6   3  78.8  172.5 354  349  533  184  280  560  280
 6 1997  93.0 18.9 17.1  1.8   9  99.2  271.7 396  383  524  141  290  537  247
 7 1998 115.2 22.2 20.4  1.8   8 145.2  416.9 388  376  522  146  311  539  228
 8 1999 137.1 21.9 21.9  0.0   0 173.6  590.5 380  380    0    0  295  493  198
 9 2000 153.0 15.9 15.9  0.0   0 144.9  735.4 371  371    0    0  263  497  234
10 2001 164.1 11.1 10.8  0.3   2 110.6  846.0 363  358  536  178  274  536  262
11 2002 174.0  9.9  8.7  1.2  12 105.2  951.1 369  349  515  166  266  527  261
12 2003 188.1 14.1 14.1  0.0   0 160.4 1111.5 372  372    0    0  295  499  204
13 2004 195.6  7.5  6.9  0.6   8  90.4 1202.0 367  354  510  156  282  515  233
14 2005 203.7  8.1  6.6  1.5  18 101.6 1303.6 374  342  518  176  281  535  254
15 2006 211.5  7.8  6.9  0.9  11 101.7 1405.3 401  387  509  122  279  516  237
16 2007 217.8  6.3  4.8  1.5  23  85.0 1490.3 387  342  530  188  286  570  284
17 2008 221.4  3.6  2.7  0.9  24  49.7 1539.9 419  361  593  232  328  642  314
18 2009 224.4  3.0  2.4  0.6  20  42.0 1582.0 397  353  572  219  318  578  260
19 2010 226.2  1.8  1.5  0.3  16  25.5 1607.4 381  351  533  182  287  533  246
20 2011 228.0  1.8  1.2  0.6  33  25.7 1633.1 467  402  597  195  357  614  257
21 2012 230.1  2.1  1.2  0.9  42  30.2 1663.3 445  357  562  205  322  648  326
22 2013 231.6  1.5  1.2  0.3  20  21.8 1685.1 399  367  526  159  333  526  193
23 2014 233.1  1.5  1.2  0.3  20  21.9 1707.0 411  369  580  211  320  580  260

Core Length:  233.7 mm
Core Density: 385 kg/m3
Cross-sectional Density:  380 kg/m3
Early/Latewood Threshold: 500 kg/m3
Attenuation Constant: 3.07

