File : C:\DENSITOM\KINLEI~1\ATIA16.DAT
Cores :
4
12
15
22
29
31
35
37
49
68
70

ִִִִִִִִִִִִִִִִִִִִִִִִִִִִִִִִִִִִִִִִִִִִִִִִִִִִִִִִִִִִִִִִִִִִִִִִִִִִִִִ
Core : 4
ֲֲֲִִִִִִִִִִִִִִִִִִִִִִִִִִִִִִִִִִִִִִִִִִִִִִִִִִִִִִִִִִִִִִִִִִִִִִִִִִִִ
       ³Widths (mm)              ³ Areas    ³ Densities (kg/m3)
       ³                         ³ (cm‎)    ³
Ring   ³Outer Ring Erly Late   % ³Incr Total³Ring E/Wd L/Wd Unif  Min  Max  Rng
 # Year³ Rad.      Wood Wood  LW ³          ³mean mean mean
ֱֱֱִִִִִִִִִִִִִִִִִִִִִִִִִִִִִִִִִִִִִִִִִִִִִִִִִִִִִִִִִִִִִִִִִִִִִִִִִִִִ

 2 1992   5.3  5.3  3.3  0.0   0   0.9    0.9 304  304    0    0  271  336   65
 3 1993  17.3 12.0 12.0  0.0   0   8.5    9.4 289  289    0    0  249  383  134
 4 1994  35.0 17.7 17.7  0.0   0  29.1   38.5 276  276    0    0  230  417  187
 5 1995  54.5 19.5 19.2  0.3   1  54.8   93.3 305  302  500  198  241  500  259
 6 1996  72.5 18.0 17.7  0.3   1  71.8  165.1 297  294  509  215  226  509  283
 7 1997  84.5 12.0 12.0  0.0   0  59.2  224.3 341  341    0    0  288  453  165
 8 1998 101.9 17.4 17.4  0.0   0 101.9  326.2 296  296    0    0  237  418  181
 9 1999 116.3 14.4 14.4  0.0   0  98.7  424.9 322  322    0    0  256  457  201
10 2000 126.5 10.2 10.2  0.0   0  77.8  502.7 343  343    0    0  239  498  259
11 2001 134.3  7.8  7.8  0.0   0  63.9  566.6 330  330    0    0  259  464  205
12 2002 140.0  5.7  5.4  0.3   5  49.1  615.8 357  347  535  188  244  535  291
13 2003 147.5  7.5  6.3  1.2  16  67.7  683.5 378  352  517  165  288  544  256
14 2004 154.7  7.2  6.9  0.3   4  68.4  751.8 343  336  508  172  255  508  253
15 2005 159.2  4.5  3.9  0.6  13  44.4  796.2 354  329  515  186  263  516  253
16 2006 165.2  6.0  6.0  0.0   0  61.1  857.4 377  377    0    0  276  496  220
17 2007 169.1  3.9  3.3  0.6  15  41.0  898.3 391  362  551  189  289  563  274
18 2008 172.7  3.6  1.8  1.8  49  38.7  937.0 441  342  540  198  279  580  301
19 2009 176.0  3.3  2.4  0.9  27  36.2  973.1 406  359  529  170  297  544  247
20 2010 179.0  3.0  2.4  0.6  20  33.5 1006.6 404  366  555  189  299  586  287
21 2011 180.5  1.5  1.5  0.0   0  16.9 1023.5 401  401    0    0  317  499  182
22 2012 181.7  1.2  1.2  0.0   0  13.7 1037.2 391  391    0    0  313  430  117
23 2013 182.3  0.6  0.6  0.0   0   6.9 1044.1 397  397    0    0  351  443   92
24 2014 183.5  1.2  0.6  0.6  50  13.8 1057.8 484  435  533   98  399  560  161

Core Length:  181.5 mm
Core Density: 357 kg/m3
Cross-sectional Density:  346 kg/m3
Early/Latewood Threshold: 500 kg/m3
Attenuation Constant: 3.07

ִִִִִִִִִִִִִִִִִִִִִִִִִִִִִִִִִִִִִִִִִִִִִִִִִִִִִִִִִִִִִִִִִִִִִִִִִִִִִִִ
Core : 12
ֲֲֲִִִִִִִִִִִִִִִִִִִִִִִִִִִִִִִִִִִִִִִִִִִִִִִִִִִִִִִִִִִִִִִִִִִִִִִִִִִִ
       ³Widths (mm)              ³ Areas    ³ Densities (kg/m3)
       ³                         ³ (cm‎)    ³
Ring   ³Outer Ring Erly Late   % ³Incr Total³Ring E/Wd L/Wd Unif  Min  Max  Rng
 # Year³ Rad.      Wood Wood  LW ³          ³mean mean mean
ֱֱֱִִִִִִִִִִִִִִִִִִִִִִִִִִִִִִִִִִִִִִִִִִִִִִִִִִִִִִִִִִִִִִִִִִִִִִִִִִִִ

 2 1992   6.2  6.2  4.2  0.0   0   1.2    1.2 390  390    0    0  295  456  161
 3 1993  22.4 16.2 16.2  0.0   0  14.6   15.8 330  330    0    0  285  475  190
 4 1994  44.9 22.5 21.6  0.9   4  47.6   63.3 325  317  512  195  255  522  267
 5 1995  71.0 26.1 24.6  1.5   5  95.0  158.4 340  328  537  209  269  569  300
 6 1996  96.8 25.8 24.3  1.5   5 136.0  294.4 363  353  523  170  274  540  266
 7 1997 119.3 22.5 20.7  1.8   8 152.8  447.1 379  366  521  155  322  532  210
 8 1998 139.4 20.1 19.5  0.6   2 163.4  610.5 374  370  506  136  296  510  214
 9 1999 155.6 16.2 16.2  0.0   0 150.1  760.6 373  373    0    0  306  461  155
10 2000 168.5 12.9 12.9  0.0   0 131.3  892.0 376  376    0    0  288  457  169
11 2001 178.4  9.9  9.6  0.3   3 107.9  999.9 393  389  500  111  305  500  195
12 2002 187.7  9.3  9.3  0.0   0 107.0 1106.8 382  382    0    0  278  459  181
13 2003 196.1  8.4  8.1  0.3   3 101.3 1208.1 413  410  502   92  341  502  161
14 2004 210.2 14.1 12.9  1.2   8 180.0 1388.1 416  407  517  110  328  524  196
15 2005 219.5  9.3  6.9  2.4  25 125.5 1513.6 447  423  513   90  349  545  196
16 2006 230.3 10.8  8.7  2.1  19 152.6 1666.2 426  403  519  116  341  546  205
17 2007 238.4  8.1  4.5  3.6  44 119.3 1785.5 472  399  563  164  345  613  268
18 2008 245.0  6.6  4.5  2.1  31 100.2 1885.7 464  400  600  200  370  645  275
19 2009 250.4  5.4  3.6  1.8  33  84.0 1969.8 478  415  604  189  361  696  335
20 2010 255.5  5.1  2.7  2.4  47  81.1 2050.8 483  398  580  182  378  636  258
21 2011 260.6  5.1  3.0  2.1  41  82.7 2133.5 465  392  569  177  340  619  279
22 2012 265.4  4.8  3.0  1.8  37  79.3 2212.8 443  365  573  208  301  617  316
23 2013 269.6  4.2  1.8  2.4  57  70.6 2283.4 509  409  583  174  377  608  231
24 2014 271.1  1.5  1.2  0.3  20  25.5 2308.9 444  404  605  201  364  605  241

Core Length:  269.1 mm
Core Density: 412 kg/m3
Cross-sectional Density:  411 kg/m3
Early/Latewood Threshold: 500 kg/m3
Attenuation Constant: 3.07

ִִִִִִִִִִִִִִִִִִִִִִִִִִִִִִִִִִִִִִִִִִִִִִִִִִִִִִִִִִִִִִִִִִִִִִִִִִִִִִִ
Core : 15
ֲֲֲִִִִִִִִִִִִִִִִִִִִִִִִִִִִִִִִִִִִִִִִִִִִִִִִִִִִִִִִִִִִִִִִִִִִִִִִִִִִ
       ³Widths (mm)              ³ Areas    ³ Densities (kg/m3)
       ³                         ³ (cm‎)    ³
Ring   ³Outer Ring Erly Late   % ³Incr Total³Ring E/Wd L/Wd Unif  Min  Max  Rng
 # Year³ Rad.      Wood Wood  LW ³          ³mean mean mean
ֱֱֱִִִִִִִִִִִִִִִִִִִִִִִִִִִִִִִִִִִִִִִִִִִִִִִִִִִִִִִִִִִִִִִִִִִִִִִִִִִִ

 3 1993  30.0 30.0 21.0  0.0   0  28.3   28.3 315  315    0    0  256  460  204
 4 1994  54.9 24.9 24.9  0.0   0  66.4   94.7 297  297    0    0  245  475  230
 5 1995  78.0 23.1 23.1  0.0   0  96.4  191.1 320  320    0    0  262  494  232
 6 1996  99.6 21.6 21.3  0.3   1 120.5  311.7 340  337  520  183  262  520  258
 7 1997 117.9 18.3 18.3  0.0   0 125.0  436.7 344  344    0    0  273  446  173
 8 1998 140.7 22.8 22.8  0.0   0 185.2  621.9 309  309    0    0  233  421  188
 9 1999 157.5 16.8 16.8  0.0   0 157.4  779.3 329  329    0    0  265  436  171
10 2000 168.6 11.1 11.1  0.0   0 113.7  893.0 287  287    0    0  204  451  247
11 2001 177.0  8.4  8.4  0.0   0  91.2  984.2 325  325    0    0  226  486  260
12 2002 184.2  7.2  6.9  0.3   4  81.7 1065.9 371  364  529  165  238  529  291
13 2003 197.4 13.2 12.6  0.6   4 158.2 1224.2 368  361  521  160  303  538  235
14 2004 206.7  9.3  8.4  0.9   9 118.1 1342.2 356  339  524  185  231  536  305
15 2005 214.5  7.8  6.9  0.9  11 103.2 1445.5 369  347  534  187  252  580  328
16 2006 225.0 10.5  9.6  0.9   8 145.0 1590.4 388  375  522  147  262  543  281
17 2007 236.4 11.4  9.3  2.1  18 165.2 1755.7 381  345  539  194  262  577  315
18 2008 248.7 12.3  9.6  2.7  21 187.5 1943.1 406  368  541  173  284  589  305
19 2009 260.1 11.4  9.9  1.5  13 182.2 2125.4 396  370  570  200  277  632  355
20 2010 269.4  9.3  6.0  3.3  35 154.7 2280.1 439  372  560  188  293  612  319
21 2011 276.0  6.6  3.6  3.0  45 113.1 2393.1 490  397  601  204  317  648  331
22 2012 281.4  5.4  3.3  2.1  38  94.6 2487.7 448  364  579  215  296  610  314
23 2013 287.1  5.7  3.0  2.7  47 101.8 2589.5 520  403  649  246  325  684  359
24 2014 293.1  6.0  3.3  2.7  45 109.4 2698.9 445  340  575  235  114  625  511

Core Length:  284.1 mm
Core Density: 374 kg/m3
Cross-sectional Density:  377 kg/m3
Early/Latewood Threshold: 500 kg/m3
Attenuation Constant: 3.07

ִִִִִִִִִִִִִִִִִִִִִִִִִִִִִִִִִִִִִִִִִִִִִִִִִִִִִִִִִִִִִִִִִִִִִִִִִִִִִִִ
Core : 22
ֲֲֲִִִִִִִִִִִִִִִִִִִִִִִִִִִִִִִִִִִִִִִִִִִִִִִִִִִִִִִִִִִִִִִִִִִִִִִִִִִִ
       ³Widths (mm)              ³ Areas    ³ Densities (kg/m3)
       ³                         ³ (cm‎)    ³
Ring   ³Outer Ring Erly Late   % ³Incr Total³Ring E/Wd L/Wd Unif  Min  Max  Rng
 # Year³ Rad.      Wood Wood  LW ³          ³mean mean mean
ֱֱֱִִִִִִִִִִִִִִִִִִִִִִִִִִִִִִִִִִִִִִִִִִִִִִִִִִִִִִִִִִִִִִִִִִִִִִִִִִִִ

 3 1993  16.0 16.0 12.0  0.0   0   8.0    8.0 350  350    0    0  285  476  191
 4 1994  38.8 22.8 22.8  0.0   0  39.3   47.3 341  341    0    0  261  495  234
 5 1995  58.9 20.1 19.5  0.6   2  61.7  109.0 370  364  545  181  292  557  265
 6 1996  78.7 19.8 18.6  1.2   6  85.6  194.6 388  378  545  167  308  575  267
 7 1997  92.5 13.8 13.5  0.3   2  74.2  268.8 365  361  508  147  306  508  202
 8 1998 106.3 13.8 13.8  0.0   0  86.2  355.0 357  357    0    0  277  481  204
 9 1999 115.9  9.6  9.6  0.0   0  67.0  422.0 359  359    0    0  283  479  196
10 2000 121.0  5.1  4.5  0.6  11  38.0  460.0 365  345  511  166  256  515  259
11 2001 126.7  5.7  5.7  0.0   0  44.4  504.3 349  349    0    0  263  489  226
12 2002 130.9  4.2  3.0  1.2  28  34.0  538.3 378  326  510  184  264  521  257
13 2003 137.5  6.6  5.1  1.5  22  55.7  594.0 400  364  521  157  299  533  234
14 2004 144.7  7.2  5.4  1.8  24  63.8  657.8 382  338  514  176  262  527  265
15 2005 151.0  6.3  5.1  1.2  19  58.5  716.3 376  342  523  181  278  544  266
16 2006 157.6  6.6  6.0  0.6   9  64.0  780.3 394  383  502  119  296  504  208
17 2007 162.4  4.8  3.6  1.2  24  48.3  828.6 408  350  581  231  293  604  311
18 2008 166.6  4.2  2.1  2.1  50  43.4  872.0 495  386  604  218  318  656  338
19 2009 171.7  5.1  3.6  1.5  29  54.2  926.2 441  388  570  182  313  614  301
20 2010 174.1  2.4  1.2  1.2  50  26.1  952.2 464  374  555  181  320  605  285
21 2011 176.8  2.7  1.5  1.2  44  29.8  982.0 482  412  570  158  370  617  247
22 2012 179.2  2.4  1.5  0.9  37  26.8 1008.8 429  368  529  161  337  547  210
23 2013 181.0  1.8  1.2  0.6  33  20.4 1029.2 451  383  585  202  319  654  335
24 2014 184.0  3.0  1.5  1.5  50  34.4 1063.6 483  403  562  159  338  618  280

Core Length:  180.3 mm
Core Density: 401 kg/m3
Cross-sectional Density:  393 kg/m3
Early/Latewood Threshold: 500 kg/m3
Attenuation Constant: 3.07

ִִִִִִִִִִִִִִִִִִִִִִִִִִִִִִִִִִִִִִִִִִִִִִִִִִִִִִִִִִִִִִִִִִִִִִִִִִִִִִִ
Core : 29
ֲֲֲִִִִִִִִִִִִִִִִִִִִִִִִִִִִִִִִִִִִִִִִִִִִִִִִִִִִִִִִִִִִִִִִִִִִִִִִִִִִ
       ³Widths (mm)              ³ Areas    ³ Densities (kg/m3)
       ³                         ³ (cm‎)    ³
Ring   ³Outer Ring Erly Late   % ³Incr Total³Ring E/Wd L/Wd Unif  Min  Max  Rng
 # Year³ Rad.      Wood Wood  LW ³          ³mean mean mean
ֱֱֱִִִִִִִִִִִִִִִִִִִִִִִִִִִִִִִִִִִִִִִִִִִִִִִִִִִִִִִִִִִִִִִִִִִִִִִִִִִִ

 1 1991  16.4 16.4 11.4  0.0   0   8.4    8.4 316  316    0    0  273  400  127
 2 1992  29.0 12.6 12.6  0.0   0  18.0   26.4 331  331    0    0  239  431  192
 3 1993  37.1  8.1  8.1  0.0   0  16.8   43.2 336  336    0    0  273  453  180
 4 1994  64.4 27.3 27.3  0.0   0  87.1  130.3 323  323    0    0  247  463  216
 5 1995  89.9 25.5 24.9  0.6   2 123.6  253.9 359  356  518  162  281  537  256
 6 1996 113.9 24.0 23.1  0.9   3 153.7  407.6 369  363  522  159  269  531  262
 7 1997 138.2 24.3 24.3  0.0   0 192.5  600.0 365  365    0    0  286  490  204
 8 1998 161.9 23.7 22.5  1.2   5 223.4  823.5 377  369  511  142  271  517  246
 9 1999 179.6 17.7 14.7  3.0  16 189.9 1013.4 382  355  512  157  282  540  258
10 2000 191.9 12.3 10.5  1.8  14 143.6 1156.9 365  339  521  182  270  536  266
11 2001 202.7 10.8 10.2  0.6   5 133.9 1290.8 357  348  510  162  243  515  272
12 2002 210.5  7.8  6.3  1.5  19 101.3 1392.0 364  321  544  223  244  578  334
13 2003 219.8  9.3  7.5  1.8  19 125.7 1517.8 373  337  523  186  289  561  272
14 2004 226.1  6.3  4.8  1.5  23  88.3 1606.0 378  331  530  199  277  547  270
15 2005 233.0  6.9  5.1  1.8  26  99.5 1705.5 398  352  529  177  271  585  314
16 2006 237.5  4.5  4.2  0.3   6  66.5 1772.1 362  351  515  164  263  515  252
17 2007 242.0  4.5  3.3  1.2  26  67.8 1839.8 400  334  582  248  273  617  344
18 2008 246.8  4.8  3.6  1.2  25  73.7 1913.6 416  362  577  215  297  687  390
19 2009 251.9  5.1  3.9  1.2  23  79.9 1993.5 424  369  602  233  294  627  333
20 2010 255.8  3.9  3.0  0.9  23  62.2 2055.7 435  383  605  222  305  659  354
21 2011 259.4  3.6  2.4  1.2  33  58.3 2113.9 446  368  604  236  324  661  337
22 2012 263.0  3.6  3.3  0.3   8  59.1 2173.0 381  368  525  157  315  525  210
23 2013 266.0  3.0  2.4  0.6  20  49.9 2222.9 443  398  622  224  365  687  322
24 2014 270.8  4.8  2.4  2.4  49  80.9 2303.8 493  379  608  229  331  678  347

Core Length:  266.4 mm
Core Density: 383 kg/m3
Cross-sectional Density:  382 kg/m3
Early/Latewood Threshold: 500 kg/m3
Attenuation Constant: 3.07

ִִִִִִִִִִִִִִִִִִִִִִִִִִִִִִִִִִִִִִִִִִִִִִִִִִִִִִִִִִִִִִִִִִִִִִִִִִִִִִִ
Core : 31
ֲֲֲִִִִִִִִִִִִִִִִִִִִִִִִִִִִִִִִִִִִִִִִִִִִִִִִִִִִִִִִִִִִִִִִִִִִִִִִִִִִ
       ³Widths (mm)              ³ Areas    ³ Densities (kg/m3)
       ³                         ³ (cm‎)    ³
Ring   ³Outer Ring Erly Late   % ³Incr Total³Ring E/Wd L/Wd Unif  Min  Max  Rng
 # Year³ Rad.      Wood Wood  LW ³          ³mean mean mean
ֱֱֱִִִִִִִִִִִִִִִִִִִִִִִִִִִִִִִִִִִִִִִִִִִִִִִִִִִִִִִִִִִִִִִִִִִִִִִִִִִִ

 3 1993  23.1 23.1 18.6  1.5   6  16.8   16.8 368  356  522  166  293  536  243
 4 1994  43.2 20.1 19.2  0.9   4  41.9   58.6 370  362  543  181  299  554  255
 5 1995  60.3 17.1 15.9  1.2   7  55.6  114.2 384  372  539  167  286  564  278
 6 1996  75.3 15.0 13.8  1.2   8  63.9  178.1 403  391  535  144  327  547  220
 7 1997  96.9 21.6 21.6  0.0   0 116.9  295.0 375  375    0    0  296  492  196
 8 1998 115.5 18.6 16.2  2.4  12 124.1  419.1 389  371  511  140  295  518  223
 9 1999 131.4 15.9 14.4  1.5   9 123.3  542.4 387  374  515  141  300  524  224
10 2000 145.5 14.1 13.8  0.3   2 122.7  665.1 377  374  519  145  287  519  232
11 2001 155.1  9.6  8.4  1.2  12  90.7  755.7 372  351  519  168  275  526  251
12 2002 165.6 10.5  9.0  1.5  14 105.8  861.5 388  360  556  196  295  592  297
13 2003 172.8  7.2  6.0  1.2  16  76.5  938.1 382  349  549  200  305  577  272
14 2004 177.9  5.1  4.5  0.6  11  56.2  994.3 371  351  523  172  297  539  242
15 2005 180.9  3.0  3.0  0.0   0  33.8 1028.1 355  355    0    0  298  454  156
16 2006 182.1  1.2  1.2  0.0   0  13.7 1041.8 358  358    0    0  317  453  136
17 2007 183.3  1.2  1.2  0.0   0  13.8 1055.5 342  342    0    0  315  367   52
18 2008 184.5  1.2  0.9  0.3  25  13.9 1069.4 393  345  540  195  320  540  220
19 2009 186.0  1.5  1.5  0.0   0  17.5 1086.9 406  406    0    0  352  493  141
20 2010 187.2  1.2  1.2  0.0   0  14.1 1100.9 404  404    0    0  341  488  147
21 2011 187.5  0.3  0.3  0.0   0   3.5 1104.5 449  449    0    0  449  449    0
22 2012 187.8  0.3  0.3  0.0   0   3.5 1108.0 420  420    0    0  420  420    0
23 2013 188.1  0.3  0.3  0.0   0   3.5 1111.5 375  375    0    0  375  375    0
24 2014 188.4  0.3  0.3  0.0   0   3.5 1115.1 392  392    0    0  392  392    0

Core Length:  185.4 mm
Core Density: 384 kg/m3
Cross-sectional Density:  381 kg/m3
Early/Latewood Threshold: 500 kg/m3
Attenuation Constant: 3.07

ִִִִִִִִִִִִִִִִִִִִִִִִִִִִִִִִִִִִִִִִִִִִִִִִִִִִִִִִִִִִִִִִִִִִִִִִִִִִִִִ
Core : 35
ֲֲֲִִִִִִִִִִִִִִִִִִִִִִִִִִִִִִִִִִִִִִִִִִִִִִִִִִִִִִִִִִִִִִִִִִִִִִִִִִִִ
       ³Widths (mm)              ³ Areas    ³ Densities (kg/m3)
       ³                         ³ (cm‎)    ³
Ring   ³Outer Ring Erly Late   % ³Incr Total³Ring E/Wd L/Wd Unif  Min  Max  Rng
 # Year³ Rad.      Wood Wood  LW ³          ³mean mean mean
ֱֱֱִִִִִִִִִִִִִִִִִִִִִִִִִִִִִִִִִִִִִִִִִִִִִִִִִִִִִִִִִִִִִִִִִִִִִִִִִִִִ

 2 1992   7.8  7.8  4.8  0.0   0   1.9    1.9 423  423    0    0  398  450   52
 3 1993  23.4 15.6 14.7  0.9   5  15.3   17.2 371  363  507  144  301  509  208
 4 1994  47.7 24.3 23.1  1.2   4  54.3   71.5 365  356  532  176  297  558  261
 5 1995  70.5 22.8 21.6  1.2   5  84.7  156.1 376  367  537  170  322  553  231
 6 1996  89.7 19.2 17.7  1.5   7  96.6  252.8 385  372  541  169  304  559  255
 7 1997 105.0 15.3 13.2  2.1  13  93.6  346.4 379  354  536  182  315  591  276
 8 1998 120.6 15.6 15.3  0.3   1 110.6  456.9 369  366  534  168  302  534  232
 9 1999 130.2  9.6  9.0  0.6   6  75.6  532.6 354  341  557  216  269  564  295
10 2000 137.4  7.2  6.9  0.3   4  60.5  593.1 342  332  580  248  272  580  308
11 2001 144.0  6.6  6.0  0.6   9  58.3  651.4 352  335  524  189  270  537  267
12 2002 148.2  4.2  3.6  0.6  14  38.6  690.0 350  316  555  239  248  565  317
13 2003 154.5  6.3  5.1  1.2  19  59.9  749.9 391  344  590  246  297  645  348
14 2004 159.0  4.5  3.6  0.9  20  44.3  794.2 385  333  593  260  280  607  327
15 2005 163.5  4.5  3.6  0.9  20  45.6  839.8 398  349  596  247  291  618  327
16 2006 167.1  3.6  2.7  0.9  24  37.4  877.2 403  353  554  201  298  589  291
17 2007 170.4  3.3  2.7  0.6  18  35.0  912.2 374  340  527  187  298  538  240
18 2008 172.8  2.4  1.8  0.6  25  25.9  938.1 424  357  627  270  318  631  313
19 2009 175.5  2.7  2.4  0.3  11  29.5  967.6 392  363  628  265  298  628  330
20 2010 178.5  3.0  2.4  0.6  20  33.4 1001.0 393  354  548  194  300  591  291
21 2011 180.0  1.5  1.2  0.3  20  16.9 1017.9 437  398  595  197  321  595  274
22 2012 181.8  1.8  1.5  0.3  16  20.5 1038.3 383  351  541  190  336  541  205
23 2013 183.0  1.2  0.9  0.3  25  13.8 1052.1 408  371  519  148  338  519  181
24 2014 184.8  1.8  1.2  0.6  33  20.8 1072.9 454  384  593  209  331  607  276

Core Length:  181.8 mm
Core Density: 387 kg/m3
Cross-sectional Density:  378 kg/m3
Early/Latewood Threshold: 500 kg/m3
Attenuation Constant: 3.07

ִִִִִִִִִִִִִִִִִִִִִִִִִִִִִִִִִִִִִִִִִִִִִִִִִִִִִִִִִִִִִִִִִִִִִִִִִִִִִִִ
Core : 37
ֲֲֲִִִִִִִִִִִִִִִִִִִִִִִִִִִִִִִִִִִִִִִִִִִִִִִִִִִִִִִִִִִִִִִִִִִִִִִִִִִִ
       ³Widths (mm)              ³ Areas    ³ Densities (kg/m3)
       ³                         ³ (cm‎)    ³
Ring   ³Outer Ring Erly Late   % ³Incr Total³Ring E/Wd L/Wd Unif  Min  Max  Rng
 # Year³ Rad.      Wood Wood  LW ³          ³mean mean mean
ֱֱֱִִִִִִִִִִִִִִִִִִִִִִִִִִִִִִִִִִִִִִִִִִִִִִִִִִִִִִִִִִִִִִִִִִִִִִִִִִִִ

 3 1993  31.0 31.0 22.8  1.2   3  30.2   30.2 337  326  547  221  265  567  302
 4 1994  53.8 22.8 21.3  1.5   6  60.7   90.9 344  330  536  206  275  569  294
 5 1995  76.6 22.8 20.7  2.1   9  93.4  184.3 347  327  544  217  256  581  325
 6 1996  97.6 21.0 19.2  1.8   8 114.9  299.3 365  349  535  186  249  577  328
 7 1997 115.9 18.3 15.3  3.0  16 122.7  422.0 377  343  548  205  268  616  348
 8 1998 134.8 18.9 15.3  3.6  19 148.9  570.9 382  344  543  199  263  604  341
 9 1999 151.0 16.2 13.8  2.4  14 145.5  716.3 396  369  555  186  271  585  314
10 2000 162.7 11.7  8.7  3.0  25 115.3  831.6 407  353  565  212  283  597  314
11 2001 173.5 10.8  8.1  2.7  25 114.1  945.7 408  362  547  185  284  569  285
12 2002 183.4  9.9  6.6  3.3  33 111.0 1056.7 409  340  546  206  278  594  316
13 2003 195.7 12.3  9.0  3.3  26 146.5 1203.2 424  380  543  163  322  602  280
14 2004 204.4  8.7  7.5  1.2  13 109.4 1312.5 398  380  515  135  303  525  222
15 2005 211.6  7.2  4.8  2.4  33  94.1 1406.6 421  358  549  191  285  589  304
16 2006 219.1  7.5  6.0  1.5  20 101.5 1508.1 428  405  523  118  309  541  232
17 2007 225.4  6.3  4.5  1.8  28  88.0 1596.1 404  348  542  194  278  571  293
18 2008 231.1  5.7  3.3  2.4  42  81.7 1677.8 446  349  581  232  301  637  336
19 2009 236.5  5.4  2.7  2.7  49  79.3 1757.2 464  366  562  196  303  609  306
20 2010 241.9  5.4  2.7  2.7  50  81.2 1838.3 469  359  579  220  316  649  333
21 2011 246.7  4.8  2.4  2.4  49  73.7 1912.0 470  359  582  223  306  634  328
22 2012 251.2  4.5  3.0  1.5  33  70.4 1982.4 458  392  589  197  320  630  310
23 2013 254.5  3.3  1.8  1.5  45  52.4 2034.8 465  381  565  184  342  631  289
24 2014 258.1  3.6  1.5  2.1  58  58.0 2092.8 547  405  649  244  367  694  327

Core Length:  251.7 mm
Core Density: 416 kg/m3
Cross-sectional Density:  412 kg/m3
Early/Latewood Threshold: 500 kg/m3
Attenuation Constant: 3.07

ִִִִִִִִִִִִִִִִִִִִִִִִִִִִִִִִִִִִִִִִִִִִִִִִִִִִִִִִִִִִִִִִִִִִִִִִִִִִִִִ
Core : 49
ֲֲֲִִִִִִִִִִִִִִִִִִִִִִִִִִִִִִִִִִִִִִִִִִִִִִִִִִִִִִִִִִִִִִִִִִִִִִִִִִִִ
       ³Widths (mm)              ³ Areas    ³ Densities (kg/m3)
       ³                         ³ (cm‎)    ³
Ring   ³Outer Ring Erly Late   % ³Incr Total³Ring E/Wd L/Wd Unif  Min  Max  Rng
 # Year³ Rad.      Wood Wood  LW ³          ³mean mean mean
ֱֱֱִִִִִִִִִִִִִִִִִִִִִִִִִִִִִִִִִִִִִִִִִִִִִִִִִִִִִִִִִִִִִִִִִִִִִִִִִִִִ

 2 1992   6.9  6.9  6.9  0.0   0   1.5    1.5 318  318    0    0  268  387  119
 3 1993  24.0 17.1 17.1  0.0   0  16.6   18.1 318  318    0    0  274  411  137
 4 1994  45.6 21.6 21.6  0.0   0  47.2   65.3 330  330    0    0  262  471  209
 5 1995  67.2 21.6 21.6  0.0   0  76.5  141.9 331  331    0    0  269  474  205
 6 1996  91.2 24.0 24.0  0.0   0 119.4  261.3 318  318    0    0  238  456  218
 7 1997 107.1 15.9 15.9  0.0   0  99.1  360.4 352  352    0    0  268  467  199
 8 1998 123.3 16.2 16.2  0.0   0 117.3  477.6 316  316    0    0  254  415  161
 9 1999 135.0 11.7 11.7  0.0   0  94.9  572.6 343  343    0    0  246  440  194
10 2000 147.3 12.3 12.3  0.0   0 109.1  681.6 357  357    0    0  253  477  224
11 2001 156.0  8.7  8.7  0.0   0  82.9  764.5 359  359    0    0  258  483  225
12 2002 163.2  7.2  6.0  1.2  16  72.2  836.7 387  356  537  181  249  557  308
13 2003 174.0 10.8 10.5  0.3   2 114.4  951.1 396  393  510  117  289  510  221
14 2004 182.4  8.4  8.4  0.0   0  94.1 1045.2 362  362    0    0  258  481  223
15 2005 187.8  5.4  5.1  0.3   5  62.8 1108.0 381  373  521  148  288  521  233
16 2006 193.5  5.7  5.7  0.0   0  68.3 1176.3 382  382    0    0  312  474  162
17 2007 197.1  3.6  3.0  0.6  16  44.2 1220.5 393  368  521  153  293  529  236
18 2008 200.4  3.3  2.1  1.2  36  41.2 1261.7 435  367  553  186  316  560  244
19 2009 204.6  4.2  3.3  0.9  21  53.4 1315.1 388  354  515  161  283  529  246
20 2010 208.2  3.6  2.1  1.5  41  46.7 1361.8 439  351  562  211  301  616  315
21 2011 211.2  3.0  1.2  1.8  60  39.5 1401.3 463  343  543  200  328  592  264
22 2012 213.9  2.7  2.1  0.6  22  36.1 1437.4 389  348  535  187  289  551  262
23 2013 215.7  1.8  0.9  0.9  49  24.3 1461.7 448  352  543  191  268  577  309
24 2014 218.4  2.7  2.4  0.3  11  36.8 1498.5 379  363  504  141  297  504  207

Core Length:  218.7 mm
Core Density: 373 kg/m3
Cross-sectional Density:  366 kg/m3
Early/Latewood Threshold: 500 kg/m3
Attenuation Constant: 3.07

ִִִִִִִִִִִִִִִִִִִִִִִִִִִִִִִִִִִִִִִִִִִִִִִִִִִִִִִִִִִִִִִִִִִִִִִִִִִִִִִ
Core : 68
ֲֲֲִִִִִִִִִִִִִִִִִִִִִִִִִִִִִִִִִִִִִִִִִִִִִִִִִִִִִִִִִִִִִִִִִִִִִִִִִִִִ
       ³Widths (mm)              ³ Areas    ³ Densities (kg/m3)
       ³                         ³ (cm‎)    ³
Ring   ³Outer Ring Erly Late   % ³Incr Total³Ring E/Wd L/Wd Unif  Min  Max  Rng
 # Year³ Rad.      Wood Wood  LW ³          ³mean mean mean
ֱֱֱִִִִִִִִִִִִִִִִִִִִִִִִִִִִִִִִִִִִִִִִִִִִִִִִִִִִִִִִִִִִִִִִִִִִִִִִִִִִ

 2 1992  13.0 13.0  9.0  0.0   0   5.3    5.3 317  317    0    0  268  412  144
 3 1993  29.8 16.8 16.8  0.0   0  22.6   27.9 320  320    0    0  270  460  190
 4 1994  49.3 19.5 18.9  0.6   3  48.5   76.4 331  325  522  197  253  543  290
 5 1995  69.4 20.1 18.6  1.5   7  75.0  151.3 366  351  550  199  282  600  318
 6 1996  86.8 17.4 16.5  0.9   5  85.4  236.7 372  364  518  154  284  542  258
 7 1997 102.7 15.9 14.7  1.2   7  94.7  331.4 378  367  515  148  267  529  262
 8 1998 118.3 15.6 13.5  2.1  13 108.3  439.7 369  347  512  165  251  529  278
 9 1999 129.7 11.4 10.8  0.6   5  88.8  528.5 397  391  502  111  274  505  231
10 2000 139.6  9.9  9.0  0.9   9  83.8  612.2 357  342  511  169  244  517  273
11 2001 146.2  6.6  6.3  0.3   4  59.3  671.5 361  354  527  173  271  527  256
12 2002 150.7  4.5  3.6  0.9  20  42.0  713.5 380  328  589  261  249  604  355
13 2003 156.7  6.0  3.9  2.1  35  57.9  771.4 432  339  605  266  280  643  363
14 2004 162.1  5.4  3.9  1.5  27  54.1  825.5 399  325  591  266  280  616  336
15 2005 165.7  3.6  3.3  0.3   8  37.1  862.6 402  387  568  181  327  568  241
16 2006 167.8  2.1  1.5  0.6  28  22.0  884.6 462  426  554  128  329  605  276
17 2007 169.9  2.1  1.5  0.6  28  22.3  906.9 417  380  508  128  349  517  168
18 2008 171.1  1.2  0.9  0.3  25  12.9  919.7 434  397  546  149  336  546  210
19 2009 172.9  1.8  1.8  0.0   0  19.5  939.2 423  423    0    0  373  487  114
20 2010 174.1  1.2  1.2  0.0   0  13.1  952.2 392  392    0    0  346  471  125
21 2011 175.0  0.9  0.9  0.0   0   9.9  962.1 391  391    0    0  328  466  138
22 2012 175.6  0.6  0.3  0.3  49   6.6  968.7 466  425  507   82  425  507   82
23 2013 176.5  0.9  0.6  0.3  33  10.0  978.7 445  397  543  146  385  543  158
24 2014 177.7  1.2  0.3  0.9  74  13.4  992.0 513  423  543  120  423  588  165

Core Length:  173.7 mm
Core Density: 396 kg/m3
Cross-sectional Density:  383 kg/m3
Early/Latewood Threshold: 500 kg/m3
Attenuation Constant: 3.07

ִִִִִִִִִִִִִִִִִִִִִִִִִִִִִִִִִִִִִִִִִִִִִִִִִִִִִִִִִִִִִִִִִִִִִִִִִִִִִִִ
Core : 70
ֲֲֲִִִִִִִִִִִִִִִִִִִִִִִִִִִִִִִִִִִִִִִִִִִִִִִִִִִִִִִִִִִִִִִִִִִִִִִִִִִִ
       ³Widths (mm)              ³ Areas    ³ Densities (kg/m3)
       ³                         ³ (cm‎)    ³
Ring   ³Outer Ring Erly Late   % ³Incr Total³Ring E/Wd L/Wd Unif  Min  Max  Rng
 # Year³ Rad.      Wood Wood  LW ³          ³mean mean mean
ֱֱֱִִִִִִִִִִִִִִִִִִִִִִִִִִִִִִִִִִִִִִִִִִִִִִִִִִִִִִִִִִִִִִִִִִִִִִִִִִִִ

 2 1992  14.9 14.9  6.9  0.0   0   7.0    7.0 339  339    0    0  268  386  118
 3 1993  34.1 19.2 19.2  0.0   0  29.6   36.5 277  277    0    0  236  379  143
 4 1994  53.6 19.5 19.5  0.0   0  53.7   90.3 287  287    0    0  237  456  219
 5 1995  75.8 22.2 21.9  0.3   1  90.2  180.5 313  310  520  210  248  520  272
 6 1996  98.6 22.8 22.8  0.0   0 124.9  305.4 324  324    0    0  248  487  239
 7 1997 115.4 16.8 16.5  0.3   1 112.9  418.4 335  332  502  170  265  502  237
 8 1998 133.1 17.7 17.7  0.0   0 138.2  556.6 325  325    0    0  272  499  227
 9 1999 146.6 13.5 13.5  0.0   0 118.6  675.2 357  357    0    0  276  475  199
10 2000 160.1 13.5 13.5  0.0   0 130.1  805.3 336  336    0    0  240  468  228
11 2001 172.7 12.6 12.6  0.0   0 131.7  937.0 330  330    0    0  261  432  171
12 2002 182.9 10.2 10.2  0.0   0 113.9 1050.9 333  333    0    0  236  492  256
13 2003 194.0 11.1 10.8  0.3   2 131.4 1182.4 375  372  510  138  294  510  216
14 2004 203.3  9.3  9.0  0.3   3 116.1 1298.4 364  359  506  147  257  506  249
15 2005 212.6  9.3  8.7  0.6   6 121.5 1420.0 340  328  507  179  251  513  262
16 2006 218.3  5.7  4.8  0.9  15  77.2 1497.1 361  332  518  186  287  530  243
17 2007 223.7  5.4  4.5  0.9  16  75.0 1572.1 371  337  539  202  280  542  262
18 2008 227.6  3.9  2.7  1.2  30  55.3 1627.4 397  333  543  210  283  599  316
19 2009 232.7  5.1  4.2  0.9  17  73.7 1701.2 388  356  537  181  277  571  294
20 2010 237.2  4.5  4.2  0.3   6  66.4 1767.6 352  339  538  199  286  538  252
21 2011 241.7  4.5  3.6  0.9  20  67.7 1835.3 386  351  525  174  294  544  250
22 2012 245.9  4.2  3.6  0.6  14  64.3 1899.6 355  328  522  194  272  536  264
23 2013 249.2  3.3  3.3  0.0   0  51.3 1950.9 327  327    0    0  286  441  155
24 2014 251.0  1.8  1.8  0.0   0  28.3 1979.2 392  392    0    0  292  469  177

Core Length:  243.3 mm
Core Density: 346 kg/m3
Cross-sectional Density:  345 kg/m3
Early/Latewood Threshold: 500 kg/m3
Attenuation Constant: 3.07

