File : C:\DENSITOM\KINLEI~1\ATIA17.DAT
Cores :
6
11
20
21
25
35
41
50
56
60
65

ִִִִִִִִִִִִִִִִִִִִִִִִִִִִִִִִִִִִִִִִִִִִִִִִִִִִִִִִִִִִִִִִִִִִִִִִִִִִִִִ
Core : 6
ֲֲֲִִִִִִִִִִִִִִִִִִִִִִִִִִִִִִִִִִִִִִִִִִִִִִִִִִִִִִִִִִִִִִִִִִִִִִִִִִִִ
       ³Widths (mm)              ³ Areas    ³ Densities (kg/m3)
       ³                         ³ (cm‎)    ³
Ring   ³Outer Ring Erly Late   % ³Incr Total³Ring E/Wd L/Wd Unif  Min  Max  Rng
 # Year³ Rad.      Wood Wood  LW ³          ³mean mean mean
ֱֱֱִִִִִִִִִִִִִִִִִִִִִִִִִִִִִִִִִִִִִִִִִִִִִִִִִִִִִִִִִִִִִִִִִִִִִִִִִִִִ

 2 1993  15.3 15.3 15.3  0.0   0   7.4    7.4 327  327    0    0  279  467  188
 3 1994  36.9 21.6 21.6  0.0   0  35.4   42.8 306  306    0    0  261  479  218
 4 1995  59.7 22.8 22.2  0.6   2  69.2  112.0 342  337  523  186  273  541  268
 5 1996  76.8 17.1 16.5  0.6   3  73.3  185.3 342  335  528  193  274  554  280
 6 1997  93.9 17.1 17.1  0.0   0  91.7  277.0 337  337    0    0  281  480  199
 7 1998 107.4 13.5 13.2  0.3   2  85.4  362.4 359  356  510  154  287  510  223
 8 1999 117.0  9.6  9.6  0.0   0  67.7  430.1 357  357    0    0  266  497  231
 9 2000 123.9  6.9  6.0  0.9  13  52.2  482.3 368  342  540  198  257  556  299
10 2001 131.7  7.8  6.9  0.9  11  62.6  544.9 355  332  525  193  275  528  253
11 2002 136.5  4.8  4.2  0.6  12  40.4  585.3 363  340  525  185  266  535  269
12 2003 141.0  4.5  3.9  0.6  13  39.2  624.6 379  352  557  205  317  582  265
13 2004 145.8  4.8  3.6  1.2  24  43.2  667.8 407  353  567  214  283  584  301
14 2005 151.2  5.4  4.5  0.9  16  50.4  718.2 395  360  572  212  317  604  287
15 2006 155.7  4.5  3.0  1.5  33  43.4  761.6 432  369  558  189  316  597  281
16 2007 159.0  3.3  2.4  0.9  27  32.6  794.2 429  383  551  168  350  614  264
17 2008 162.3  3.3  2.1  1.2  36  33.3  827.5 478  403  610  207  339  629  290
18 2009 166.2  3.9  3.3  0.6  15  40.2  867.8 439  410  597  187  347  621  274
19 2010 168.9  2.7  2.1  0.6  22  28.4  896.2 457  425  568  143  348  607  259
20 2011 171.0  2.1  1.8  0.3  14  22.4  918.6 436  420  531  111  394  531  137
21 2012 172.8  1.8  1.2  0.6  33  19.4  938.1 430  380  531  151  332  559  227
22 2013 174.9  2.1  1.5  0.6  28  22.9  961.0 452  422  526  104  364  527  163
23 2014 177.3  2.4  1.5  0.9  37  26.6  987.6 478  435  550  115  372  574  202

Core Length:  177.6 mm
Core Density: 394 kg/m3
Cross-sectional Density:  381 kg/m3
Early/Latewood Threshold: 500 kg/m3
Attenuation Constant: 3.07

ִִִִִִִִִִִִִִִִִִִִִִִִִִִִִִִִִִִִִִִִִִִִִִִִִִִִִִִִִִִִִִִִִִִִִִִִִִִִִִִ
Core : 11
ֲֲֲִִִִִִִִִִִִִִִִִִִִִִִִִִִִִִִִִִִִִִִִִִִִִִִִִִִִִִִִִִִִִִִִִִִִִִִִִִִִ
       ³Widths (mm)              ³ Areas    ³ Densities (kg/m3)
       ³                         ³ (cm‎)    ³
Ring   ³Outer Ring Erly Late   % ³Incr Total³Ring E/Wd L/Wd Unif  Min  Max  Rng
 # Year³ Rad.      Wood Wood  LW ³          ³mean mean mean
ֱֱֱִִִִִִִִִִִִִִִִִִִִִִִִִִִִִִִִִִִִִִִִִִִִִִִִִִִִִִִִִִִִִִִִִִִִִִִִִִִִ

 2 1992  12.5 12.5  7.5  0.0   0   4.9    4.9 309  309    0    0  262  399  137
 3 1993  27.5 15.0 15.0  0.0   0  18.8   23.8 313  313    0    0  258  426  168
 4 1994  49.1 21.6 21.6  0.0   0  52.0   75.7 307  307    0    0  234  473  239
 5 1995  71.3 22.2 21.6  0.6   2  84.0  159.7 333  327  532  205  265  547  282
 6 1996  90.8 19.5 19.2  0.3   1  99.3  259.0 340  337  526  189  241  526  285
 7 1997 107.6 16.8 16.5  0.3   1 104.7  363.7 347  344  534  190  261  534  273
 8 1998 123.8 16.2 16.2  0.0   0 117.8  481.5 359  359    0    0  257  480  223
 9 1999 134.6 10.8 10.5  0.3   2  87.7  569.2 360  355  540  185  258  540  282
10 2000 140.0  5.4  4.5  0.9  16  46.6  615.8 372  336  554  218  241  578  337
11 2001 145.4  5.4  4.5  0.9  16  48.4  664.2 363  330  529  199  268  549  281
12 2002 150.2  4.8  3.3  1.5  31  44.6  708.7 378  317  512  195  250  522  272
13 2003 155.0  4.8  3.9  0.9  18  46.0  754.8 388  345  572  227  279  601  322
14 2004 158.3  3.3  2.7  0.6  18  32.5  787.2 379  338  562  224  274  571  297
15 2005 161.9  3.6  2.7  0.9  24  36.2  823.5 396  346  545  199  287  591  304
16 2006 165.5  3.6  2.7  0.9  25  37.0  860.5 406  360  545  185  288  563  275
17 2007 168.8  3.3  2.7  0.6  18  34.7  895.1 373  337  536  199  279  539  260
18 2008 171.2  2.4  1.5  0.9  37  25.6  920.8 443  354  591  237  305  642  337
19 2009 173.6  2.4  1.5  0.9  37  26.0  946.8 422  333  571  238  303  619  316
20 2010 176.6  3.0  2.1  0.9  30  33.0  979.8 448  389  584  195  331  603  272
21 2011 179.0  2.4  1.8  0.6  25  26.8 1006.6 424  381  552  171  332  563  231
22 2012 181.4  2.4  1.8  0.6  24  27.2 1033.8 408  357  559  202  297  565  268
23 2013 183.2  1.8  1.2  0.6  33  20.6 1054.4 422  359  549  190  321  597  276
24 2014 184.7  1.5  0.9  0.6  40  17.3 1071.7 449  371  565  194  330  606  276

Core Length:  179.7 mm
Core Density: 379 kg/m3
Cross-sectional Density:  369 kg/m3
Early/Latewood Threshold: 500 kg/m3
Attenuation Constant: 3.07

ִִִִִִִִִִִִִִִִִִִִִִִִִִִִִִִִִִִִִִִִִִִִִִִִִִִִִִִִִִִִִִִִִִִִִִִִִִִִִִִ
Core : 20
ֲֲֲִִִִִִִִִִִִִִִִִִִִִִִִִִִִִִִִִִִִִִִִִִִִִִִִִִִִִִִִִִִִִִִִִִִִִִִִִִִִ
       ³Widths (mm)              ³ Areas    ³ Densities (kg/m3)
       ³                         ³ (cm‎)    ³
Ring   ³Outer Ring Erly Late   % ³Incr Total³Ring E/Wd L/Wd Unif  Min  Max  Rng
 # Year³ Rad.      Wood Wood  LW ³          ³mean mean mean
ֱֱֱִִִִִִִִִִִִִִִִִִִִִִִִִִִִִִִִִִִִִִִִִִִִִִִִִִִִִִִִִִִִִִִִִִִִִִִִִִִִ

 1 1991   2.1  2.1  2.1  0.0   0   0.1    0.1 371  371    0    0  258  458  200
 2 1992   9.3  7.2  7.2  0.0   0   2.6    2.7 307  307    0    0  248  373  125
 3 1993  27.0 17.7 17.7  0.0   0  20.2   22.9 322  322    0    0  248  417  169
 4 1994  49.5 22.5 22.5  0.0   0  54.1   77.0 293  293    0    0  235  428  193
 5 1995  70.8 21.3 20.1  1.2   5  80.5  157.5 345  334  539  205  266  558  292
 6 1996  92.7 21.9 21.3  0.6   2 112.5  270.0 354  350  522  172  267  529  262
 7 1997 110.4 17.7 16.5  1.2   6 112.9  382.9 372  361  527  166  272  546  274
 8 1998 126.9 16.5 15.9  0.6   3 123.0  505.9 360  354  529  175  284  541  257
 9 1999 138.6 11.7 11.4  0.3   2  97.6  603.5 408  406  503   97  322  503  181
10 2000 149.1 10.5  8.7  1.8  17  94.9  698.4 389  359  532  173  272  580  308
11 2001 158.7  9.6  8.7  0.9   9  92.8  791.2 390  375  535  160  302  558  256
12 2002 165.3  6.6  4.8  1.8  27  67.2  858.4 429  377  567  190  308  609  301
13 2003 170.4  5.1  3.6  1.5  29  53.8  912.2 455  395  598  203  373  650  277
14 2004 174.3  3.9  3.0  0.9  23  42.2  954.4 435  392  580  188  344  599  255
15 2005 177.6  3.3  2.4  0.9  27  36.5  990.9 464  424  568  144  376  596  220
16 2006 180.3  2.7  1.5  1.2  44  30.4 1021.3 495  429  577  148  389  613  224
17 2007 182.4  2.1  1.5  0.6  28  23.9 1045.2 476  439  569  130  398  626  228
18 2008 184.5  2.1  0.9  1.2  57  24.2 1069.4 509  418  577  159  412  656  244
19 2009 186.9  2.4  1.5  0.9  37  28.0 1097.4 484  414  602  188  384  648  264
20 2010 189.9  3.0  1.5  1.5  50  35.5 1132.9 508  420  597  177  384  654  270
21 2011 193.5  3.6  1.8  1.8  49  43.4 1176.3 504  427  582  155  364  634  270
22 2012 195.6  2.1  1.5  0.6  28  25.7 1202.0 462  400  617  217  346  632  286
23 2013 197.7  2.1  1.5  0.6  28  25.9 1227.9 491  449  596  147  415  637  222
24 2014 199.2  1.5  0.9  0.6  40  18.7 1246.6 468  393  580  187  363  647  284

Core Length:  199.5 mm
Core Density: 420 kg/m3
Cross-sectional Density:  404 kg/m3
Early/Latewood Threshold: 500 kg/m3
Attenuation Constant: 3.07

ִִִִִִִִִִִִִִִִִִִִִִִִִִִִִִִִִִִִִִִִִִִִִִִִִִִִִִִִִִִִִִִִִִִִִִִִִִִִִִִ
Core : 21
ֲֲֲִִִִִִִִִִִִִִִִִִִִִִִִִִִִִִִִִִִִִִִִִִִִִִִִִִִִִִִִִִִִִִִִִִִִִִִִִִִִ
       ³Widths (mm)              ³ Areas    ³ Densities (kg/m3)
       ³                         ³ (cm‎)    ³
Ring   ³Outer Ring Erly Late   % ³Incr Total³Ring E/Wd L/Wd Unif  Min  Max  Rng
 # Year³ Rad.      Wood Wood  LW ³          ³mean mean mean
ֱֱֱִִִִִִִִִִִִִִִִִִִִִִִִִִִִִִִִִִִִִִִִִִִִִִִִִִִִִִִִִִִִִִִִִִִִִִִִִִִִ

 3 1993  22.6 22.6 15.6  0.0   0  16.0   16.0 346  346    0    0  289  451  162
 4 1994  47.2 24.6 24.6  0.0   0  53.9   70.0 342  342    0    0  291  480  189
 5 1995  70.6 23.4 22.5  0.9   3  86.6  156.6 374  367  548  181  292  576  284
 6 1996  88.6 18.0 17.4  0.6   3  90.0  246.6 372  367  518  151  303  523  220
 7 1997 105.7 17.1 16.8  0.3   1 104.4  351.0 372  369  504  135  285  504  219
 8 1998 119.8 14.1 13.8  0.3   2  99.9  450.9 352  349  507  158  267  507  240
 9 1999 129.4  9.6  8.4  1.2  12  75.2  526.0 378  359  511  152  260  529  269
10 2000 138.4  9.0  6.9  2.1  23  75.7  601.8 387  329  578  249  237  607  370
11 2001 145.9  7.5  6.0  1.5  20  67.0  668.7 399  368  524  156  283  542  259
12 2002 152.5  6.6  4.5  2.1  31  61.9  730.6 402  336  543  207  258  594  336
13 2003 160.3  7.8  5.4  2.4  30  76.6  807.3 432  370  571  201  300  607  307
14 2004 168.1  7.8  5.7  2.1  26  80.5  887.7 402  348  548  200  281  566  285
15 2005 175.3  7.2  5.4  1.8  25  77.7  965.4 404  357  546  189  299  602  303
16 2006 181.9  6.6  4.5  2.1  31  74.1 1039.5 418  359  543  184  308  582  274
17 2007 188.2  6.3  4.5  1.8  28  73.3 1112.7 424  360  583  223  307  607  300
18 2008 194.2  6.0  4.2  1.8  30  72.1 1184.8 455  380  630  250  306  658  352
19 2009 199.3  5.1  3.6  1.5  29  63.0 1247.9 430  367  580  213  308  607  299
20 2010 203.8  4.5  3.0  1.5  33  57.0 1304.8 432  365  566  201  309  648  339
21 2011 206.5  2.7  1.8  0.9  33  34.8 1339.6 458  407  561  154  333  610  277
22 2012 209.8  3.3  2.1  1.2  36  43.2 1382.8 472  401  597  196  341  626  285
23 2013 213.4  3.6  2.1  1.5  41  47.9 1430.7 464  377  587  210  320  663  343
24 2014 218.2  4.8  2.7  2.1  43  65.1 1495.8 474  414  551  137  314  587  273

Core Length:  212.1 mm
Core Density: 408 kg/m3
Cross-sectional Density:  405 kg/m3
Early/Latewood Threshold: 500 kg/m3
Attenuation Constant: 3.07

ִִִִִִִִִִִִִִִִִִִִִִִִִִִִִִִִִִִִִִִִִִִִִִִִִִִִִִִִִִִִִִִִִִִִִִִִִִִִִִִ
Core : 25
ֲֲֲִִִִִִִִִִִִִִִִִִִִִִִִִִִִִִִִִִִִִִִִִִִִִִִִִִִִִִִִִִִִִִִִִִִִִִִִִִִִ
       ³Widths (mm)              ³ Areas    ³ Densities (kg/m3)
       ³                         ³ (cm‎)    ³
Ring   ³Outer Ring Erly Late   % ³Incr Total³Ring E/Wd L/Wd Unif  Min  Max  Rng
 # Year³ Rad.      Wood Wood  LW ³          ³mean mean mean
ֱֱֱִִִִִִִִִִִִִִִִִִִִִִִִִִִִִִִִִִִִִִִִִִִִִִִִִִִִִִִִִִִִִִִִִִִִִִִִִִִִ

 2 1992   6.2  6.2  4.2  0.0   0   1.2    1.2 344  344    0    0  301  410  109
 3 1993  18.8 12.6 12.3  0.3   2   9.9   11.1 341  337  512  175  253  512  259
 4 1994  41.0 22.2 21.9  0.3   1  41.7   52.8 335  333  504  171  241  504  263
 5 1995  59.0 18.0 16.2  1.8   9  56.5  109.4 366  345  550  205  296  599  303
 6 1996  77.3 18.3 16.2  2.1  11  78.4  187.7 384  363  552  189  284  603  319
 7 1997  94.7 17.4 15.6  1.8  10  94.0  281.7 399  383  533  150  325  548  223
 8 1998 110.9 16.2 13.5  2.7  16 104.6  386.4 393  367  523  156  314  550  236
 9 1999 122.9 12.0 11.4  0.6   5  88.1  474.5 379  372  504  132  303  508  205
10 2000 132.2  9.3  7.2  2.1  22  74.5  549.1 395  353  536  183  285  567  282
11 2001 143.3 11.1  9.0  2.1  18  96.1  645.1 394  363  530  167  289  578  289
12 2002 151.4  8.1  6.6  1.5  18  75.0  720.1 401  370  538  168  289  575  286
13 2003 161.9 10.5  8.1  2.4  22 103.3  823.5 415  378  539  161  309  568  259
14 2004 168.5  6.6  4.8  1.8  27  68.5  892.0 396  349  524  175  295  575  280
15 2005 175.7  7.2  5.1  2.1  29  77.9  969.8 421  365  557  192  296  607  311
16 2006 180.8  5.1  3.6  1.5  29  57.1 1026.9 418  367  542  175  309  582  273
17 2007 185.6  4.8  3.6  1.2  24  55.3 1082.2 410  356  575  219  299  610  311
18 2008 190.4  4.8  2.7  2.1  43  56.7 1138.9 477  369  615  246  319  665  346
19 2009 194.3  3.9  2.4  1.5  38  47.1 1186.0 445  365  574  209  320  600  280
20 2010 197.9  3.6  2.1  1.5  41  44.4 1230.4 465  376  588  212  323  673  350
21 2011 201.2  3.3  1.8  1.5  45  41.4 1271.8 480  383  597  214  324  652  328
22 2012 203.3  2.1  1.2  0.9  42  26.7 1298.4 467  392  567  175  342  608  266
23 2013 205.4  2.1  1.2  0.9  42  27.0 1325.4 519  424  646  222  363  689  326
24 2014 207.8  2.4  1.2  1.2  50  31.2 1356.6 506  375  638  263  342  680  338

Core Length:  205.8 mm
Core Density: 415 kg/m3
Cross-sectional Density:  411 kg/m3
Early/Latewood Threshold: 500 kg/m3
Attenuation Constant: 3.07

ִִִִִִִִִִִִִִִִִִִִִִִִִִִִִִִִִִִִִִִִִִִִִִִִִִִִִִִִִִִִִִִִִִִִִִִִִִִִִִִ
Core : 35
ֲֲֲִִִִִִִִִִִִִִִִִִִִִִִִִִִִִִִִִִִִִִִִִִִִִִִִִִִִִִִִִִִִִִִִִִִִִִִִִִִִ
       ³Widths (mm)              ³ Areas    ³ Densities (kg/m3)
       ³                         ³ (cm‎)    ³
Ring   ³Outer Ring Erly Late   % ³Incr Total³Ring E/Wd L/Wd Unif  Min  Max  Rng
 # Year³ Rad.      Wood Wood  LW ³          ³mean mean mean
ֱֱֱִִִִִִִִִִִִִִִִִִִִִִִִִִִִִִִִִִִִִִִִִִִִִִִִִִִִִִִִִִִִִִִִִִִִִִִִִִִִ

 1 1991   2.4  2.4  2.4  0.0   0   0.2    0.2 358  358    0    0  311  455  144
 2 1992  12.3  9.9  9.9  0.0   0   4.6    4.8 355  355    0    0  291  458  167
 3 1993  25.2 12.9 12.6  0.3   2  15.2   20.0 386  383  507  124  287  507  220
 4 1994  47.4 22.2 21.0  1.2   5  50.6   70.6 355  345  529  184  264  556  292
 5 1995  69.9 22.5 21.0  1.5   6  82.9  153.5 381  369  548  179  297  595  298
 6 1996  90.6 20.7 19.2  1.5   7 104.4  257.9 385  375  515  140  323  550  227
 7 1997 109.2 18.6 16.8  1.8   9 116.8  374.6 395  381  522  141  311  546  235
 8 1998 127.8 18.6 16.8  1.8   9 138.5  513.1 374  359  516  157  303  533  230
 9 1999 142.5 14.7 12.3  2.4  16 124.8  637.9 393  366  532  166  293  557  264
10 2000 156.0 13.5 11.4  2.1  15 126.6  764.5 365  337  518  181  283  541  258
11 2001 162.9  6.9  4.8  2.1  30  69.1  833.7 406  352  530  178  281  543  262
12 2002 169.2  6.3  4.2  2.1  33  65.7  899.4 429  360  567  207  294  606  312
13 2003 177.9  8.7  6.9  1.8  20  94.9  994.3 401  361  553  192  317  585  268
14 2004 183.3  5.4  4.2  1.2  22  61.3 1055.5 380  336  535  199  292  551  259
15 2005 188.4  5.1  3.6  1.5  29  59.6 1115.1 425  362  577  215  274  599  325
16 2006 193.2  4.8  3.0  1.8  37  57.5 1172.6 437  362  562  200  293  611  318
17 2007 197.4  4.2  3.0  1.2  28  51.5 1224.2 436  377  585  208  317  622  305
18 2008 201.9  4.5  2.4  2.1  46  56.4 1280.6 482  383  595  212  320  655  335
19 2009 206.1  4.2  3.0  1.2  28  53.8 1334.5 433  363  610  247  303  655  352
20 2010 210.0  3.9  2.4  1.5  38  51.0 1385.4 461  385  583  198  307  669  362
21 2011 213.3  3.3  1.8  1.5  45  43.9 1429.3 483  406  576  170  290  608  318
22 2012 216.3  3.0  1.8  1.2  40  40.5 1469.8 454  361  593  232  303  631  328
23 2013 219.6  3.3  1.8  1.5  45  45.2 1515.0 455  366  563  197  320  653  333
24 2014 223.5  3.9  2.1  1.8  46  54.3 1569.3 480  396  578  182  344  615  271

Core Length:  223.5 mm
Core Density: 412 kg/m3
Cross-sectional Density:  408 kg/m3
Early/Latewood Threshold: 500 kg/m3
Attenuation Constant: 3.07

ִִִִִִִִִִִִִִִִִִִִִִִִִִִִִִִִִִִִִִִִִִִִִִִִִִִִִִִִִִִִִִִִִִִִִִִִִִִִִִִ
Core : 41
ֲֲֲִִִִִִִִִִִִִִִִִִִִִִִִִִִִִִִִִִִִִִִִִִִִִִִִִִִִִִִִִִִִִִִִִִִִִִִִִִִִ
       ³Widths (mm)              ³ Areas    ³ Densities (kg/m3)
       ³                         ³ (cm‎)    ³
Ring   ³Outer Ring Erly Late   % ³Incr Total³Ring E/Wd L/Wd Unif  Min  Max  Rng
 # Year³ Rad.      Wood Wood  LW ³          ³mean mean mean
ֱֱֱִִִִִִִִִִִִִִִִִִִִִִִִִִִִִִִִִִִִִִִִִִִִִִִִִִִִִִִִִִִִִִִִִִִִִִִִִִִִ

 2 1992   7.9  7.9  3.9  0.0   0   2.0    2.0 359  359    0    0  303  395   92
 3 1993  23.8 15.9 15.9  0.0   0  15.8   17.8 356  356    0    0  307  491  184
 4 1994  44.2 20.4 19.8  0.6   2  43.6   61.4 339  334  510  176  276  513  237
 5 1995  62.5 18.3 16.8  1.5   8  61.3  122.7 388  375  540  165  301  582  281
 6 1996  80.2 17.7 15.9  1.8  10  79.4  202.1 411  397  533  136  318  587  269
 7 1997  97.3 17.1 14.1  3.0  17  95.4  297.4 404  381  515  134  318  555  237
 8 1998 113.8 16.5 13.5  3.0  18 109.4  406.9 409  384  523  139  297  544  247
 9 1999 127.6 13.8  9.0  4.8  34 104.7  511.5 456  406  549  143  333  576  243
10 2000 137.5  9.9  7.5  2.4  24  82.5  594.0 412  373  534  161  312  575  263
11 2001 142.9  5.4  3.9  1.5  27  47.6  641.5 425  376  553  177  329  597  268
12 2002 148.3  5.4  3.3  2.1  38  49.4  690.9 469  385  600  215  339  662  323
13 2003 155.2  6.9  4.8  2.1  30  65.8  756.7 438  393  539  146  366  586  220
14 2004 160.0  4.8  3.3  1.5  31  47.5  804.2 429  384  529  145  343  541  198
15 2005 164.8  4.8  3.3  1.5  31  49.0  853.2 440  384  562  178  351  585  234
16 2006 168.7  3.9  2.4  1.5  38  40.9  894.1 478  403  597  194  330  639  309
17 2007 171.4  2.7  2.1  0.6  22  28.8  922.9 469  420  642  222  382  665  283
18 2008 173.2  1.8  0.9  0.9  49  19.5  942.4 486  362  610  248  350  653  303
19 2009 175.0  1.8  0.6  1.2  66  19.7  962.1 535  383  612  229  376  711  335
20 2010 176.2  1.2  0.9  0.3  24  13.2  975.4 465  425  585  160  371  585  214
21 2011 177.1  0.9  0.3  0.6  66  10.0  985.3 509  472  528   56  472  554   82
22 2012 177.7  0.6  0.0  0.6  99   6.7  992.0 527    0  527  527  511  543   32
23 2013 178.3  0.6  0.3  0.3  50   6.7  998.7 547  442  652  210  442  652  210
24 2014 179.5  1.2  0.6  0.6  50  13.5 1012.2 524  420  628  208  389  683  294

Core Length:  175.5 mm
Core Density: 446 kg/m3
Cross-sectional Density:  429 kg/m3
Early/Latewood Threshold: 500 kg/m3
Attenuation Constant: 3.07

ִִִִִִִִִִִִִִִִִִִִִִִִִִִִִִִִִִִִִִִִִִִִִִִִִִִִִִִִִִִִִִִִִִִִִִִִִִִִִִִ
Core : 50
ֲֲֲִִִִִִִִִִִִִִִִִִִִִִִִִִִִִִִִִִִִִִִִִִִִִִִִִִִִִִִִִִִִִִִִִִִִִִִִִִִִ
       ³Widths (mm)              ³ Areas    ³ Densities (kg/m3)
       ³                         ³ (cm‎)    ³
Ring   ³Outer Ring Erly Late   % ³Incr Total³Ring E/Wd L/Wd Unif  Min  Max  Rng
 # Year³ Rad.      Wood Wood  LW ³          ³mean mean mean
ֱֱֱִִִִִִִִִִִִִִִִִִִִִִִִִִִִִִִִִִִִִִִִִִִִִִִִִִִִִִִִִִִִִִִִִִִִִִִִִִִִ

 1 1992   9.0  9.0  9.0  0.0   0   2.5    2.5 285  285    0    0  234  369  135
 2 1993  24.0 15.0 15.0  0.0   0  15.6   18.1 300  300    0    0  254  497  243
 3 1994  42.0 18.0 17.4  0.6   3  37.3   55.4 293  285  523  238  237  534  297
 4 1995  61.8 19.8 18.6  1.2   6  64.6  120.0 335  321  548  227  252  583  331
 5 1996  81.3 19.5 19.2  0.3   1  87.7  207.6 336  333  520  187  259  520  261
 6 1997  98.4 17.1 16.2  0.9   5  96.5  304.2 352  342  523  181  251  534  283
 7 1998 117.0 18.6 18.3  0.3   1 125.9  430.1 338  335  501  166  243  501  258
 8 1999 130.8 13.8 13.8  0.0   0 107.4  537.5 365  365    0    0  254  496  242
 9 2000 143.7 12.9 12.6  0.3   2 111.2  648.7 346  342  501  159  238  501  263
10 2001 153.9 10.2 10.2  0.0   0  95.4  744.1 343  343    0    0  249  478  229
11 2002 163.2  9.3  8.7  0.6   6  92.6  836.7 352  342  507  165  236  514  278
12 2003 173.4 10.2  9.6  0.6   5 107.9  944.6 363  354  502  148  255  502  247
13 2004 181.8  8.4  8.4  0.0   0  93.7 1038.3 345  345    0    0  251  484  233
14 2005 189.3  7.5  7.5  0.0   0  87.4 1125.8 348  348    0    0  237  488  251
15 2006 195.9  6.6  6.3  0.3   4  79.9 1205.6 361  354  506  152  243  506  263
16 2007 202.2  6.3  4.5  1.8  28  78.8 1284.4 374  311  533  222  255  572  317
17 2008 206.7  4.5  3.6  0.9  20  57.8 1342.2 365  315  562  247  257  594  337
18 2009 210.3  3.6  2.7  0.9  25  47.2 1389.4 385  339  520  181  267  539  272
19 2010 214.2  3.9  3.3  0.6  15  52.0 1441.4 362  326  562  236  258  608  350
20 2011 217.8  3.6  2.7  0.9  25  48.9 1490.3 378  323  544  221  273  565  292
21 2012 220.8  3.0  2.4  0.6  20  41.3 1531.6 364  316  557  241  267  573  306
22 2013 224.7  3.9  3.0  0.9  23  54.6 1586.2 390  335  574  239  284  600  316
23 2014 229.2  4.5  2.7  1.8  40  64.2 1650.4 445  351  585  234  280  610  330

Core Length:  229.8 mm
Core Density: 353 kg/m3
Cross-sectional Density:  356 kg/m3
Early/Latewood Threshold: 500 kg/m3
Attenuation Constant: 3.07

ִִִִִִִִִִִִִִִִִִִִִִִִִִִִִִִִִִִִִִִִִִִִִִִִִִִִִִִִִִִִִִִִִִִִִִִִִִִִִִִ
Core : 56
ֲֲֲִִִִִִִִִִִִִִִִִִִִִִִִִִִִִִִִִִִִִִִִִִִִִִִִִִִִִִִִִִִִִִִִִִִִִִִִִִִִ
       ³Widths (mm)              ³ Areas    ³ Densities (kg/m3)
       ³                         ³ (cm‎)    ³
Ring   ³Outer Ring Erly Late   % ³Incr Total³Ring E/Wd L/Wd Unif  Min  Max  Rng
 # Year³ Rad.      Wood Wood  LW ³          ³mean mean mean
ֱֱֱִִִִִִִִִִִִִִִִִִִִִִִִִִִִִִִִִִִִִִִִִִִִִִִִִִִִִִִִִִִִִִִִִִִִִִִִִִִִ

 2 1992   6.4  6.4  5.4  0.0   0   1.3    1.3 351  351    0    0  305  398   93
 3 1993  18.4 12.0 11.4  0.6   4   9.3   10.6 348  339  518  179  284  522  238
 4 1994  39.1 20.7 19.8  0.9   4  37.4   48.0 341  333  522  189  261  524  263
 5 1995  59.5 20.4 19.2  1.2   5  63.2  111.2 348  336  552  216  271  583  312
 6 1996  76.3 16.8 16.5  0.3   1  71.7  182.9 353  350  519  169  278  519  241
 7 1997  91.0 14.7 13.8  0.9   6  77.3  260.2 355  344  532  188  254  549  295
 8 1998 107.2 16.2 14.7  1.5   9 100.9  361.0 357  341  514  173  269  529  260
 9 1999 119.5 12.3 10.8  1.5  12  87.6  448.6 365  341  538  197  273  570  297
10 2000 127.3  7.8  6.6  1.2  15  60.5  509.1 360  330  520  190  277  536  259
11 2001 133.0  5.7  5.4  0.3   5  46.6  555.7 338  326  546  220  280  546  266
12 2002 135.7  2.7  1.5  1.2  44  22.8  578.5 453  353  577  224  292  619  327
13 2003 141.4  5.7  3.6  2.1  36  49.6  628.1 446  365  584  219  293  621  328
14 2004 148.0  6.6  4.2  2.4  36  60.0  688.1 438  362  571  209  285  635  350
15 2005 152.8  4.8  3.6  1.2  24  45.4  733.5 415  358  585  227  295  649  354
16 2006 156.4  3.6  3.0  0.6  16  35.0  768.5 390  350  593  243  291  603  312
17 2007 158.8  2.4  1.8  0.6  25  23.8  792.2 423  373  574  201  328  581  253
18 2008 159.4  0.6  0.6  0.0   0   6.0  798.2 424  424    0    0  360  489  129
19 2009 160.3  0.9  0.6  0.3  33   9.0  807.3 454  373  617  244  366  617  251

Core Length:  159.3 mm
Core Density: 386 kg/m3
Cross-sectional Density:  377 kg/m3
Early/Latewood Threshold: 500 kg/m3
Attenuation Constant: 3.07

ִִִִִִִִִִִִִִִִִִִִִִִִִִִִִִִִִִִִִִִִִִִִִִִִִִִִִִִִִִִִִִִִִִִִִִִִִִִִִִִ
Core : 60
ֲֲֲִִִִִִִִִִִִִִִִִִִִִִִִִִִִִִִִִִִִִִִִִִִִִִִִִִִִִִִִִִִִִִִִִִִִִִִִִִִִ
       ³Widths (mm)              ³ Areas    ³ Densities (kg/m3)
       ³                         ³ (cm‎)    ³
Ring   ³Outer Ring Erly Late   % ³Incr Total³Ring E/Wd L/Wd Unif  Min  Max  Rng
 # Year³ Rad.      Wood Wood  LW ³          ³mean mean mean
ֱֱֱִִִִִִִִִִִִִִִִִִִִִִִִִִִִִִִִִִִִִִִִִִִִִִִִִִִִִִִִִִִִִִִִִִִִִִִִִִִִ

 1 1992   4.8  4.8  4.8  0.0   0   0.7    0.7 391  391    0    0  299  444  145
 2 1993  18.3 13.5 13.5  0.0   0   9.8   10.5 370  370    0    0  297  499  202
 3 1994  38.7 20.4 20.4  0.0   0  36.5   47.1 344  344    0    0  269  493  224
 4 1995  57.9 19.2 18.0  1.2   6  58.3  105.3 398  389  542  153  332  593  261
 5 1996  78.0 20.1 18.9  1.2   5  85.8  191.1 398  388  551  163  316  584  268
 6 1997  96.6 18.6 17.4  1.2   6 102.0  293.2 398  390  507  117  323  512  189
 7 1998 115.8 19.2 19.2  0.0   0 128.1  421.3 372  372    0    0  307  490  183
 8 1999 131.4 15.6 15.6  0.0   0 121.1  542.4 379  379    0    0  303  490  187
 9 2000 144.6 13.2 12.3  0.9   6 114.5  656.9 372  362  503  141  268  509  241
10 2001 154.2  9.6  8.7  0.9   9  90.1  747.0 390  377  514  137  294  531  237
11 2002 160.5  6.3  4.5  1.8  28  62.3  809.3 413  349  573  224  277  586  309
12 2003 168.0  7.5  5.1  2.4  32  77.4  886.7 440  377  572  195  331  592  261
13 2004 174.6  6.6  4.5  2.1  31  71.0  957.7 417  353  556  203  315  598  283
14 2005 180.3  5.7  4.5  1.2  21  63.6 1021.3 416  376  569  193  319  609  290
15 2006 182.7  2.4  2.1  0.3  12  27.4 1048.6 405  389  521  132  315  521  206
16 2007 184.2  1.5  1.5  0.0   0  17.3 1065.9 385  385    0    0  344  438   94
17 2008 186.0  1.8  1.5  0.3  16  20.9 1086.9 417  396  521  125  366  521  155
18 2009 187.2  1.2  1.2  0.0   0  14.1 1100.9 441  441    0    0  375  494  119
19 2010 188.1  0.9  0.9  0.0   0  10.6 1111.5 407  407    0    0  370  435   65
20 2011 189.0  0.9  0.9  0.0   0  10.7 1122.2 435  435    0    0  380  477   97
21 2012 190.5  1.5  0.9  0.6  40  17.9 1140.1 462  428  514   86  405  517  112
22 2013 192.0  1.5  0.6  0.9  60  18.0 1158.1 513  405  585  180  376  644  268

Core Length:  192.6 mm
Core Density: 407 kg/m3
Cross-sectional Density:  397 kg/m3
Early/Latewood Threshold: 500 kg/m3
Attenuation Constant: 3.07

ִִִִִִִִִִִִִִִִִִִִִִִִִִִִִִִִִִִִִִִִִִִִִִִִִִִִִִִִִִִִִִִִִִִִִִִִִִִִִִִ
Core : 65
ֲֲֲִִִִִִִִִִִִִִִִִִִִִִִִִִִִִִִִִִִִִִִִִִִִִִִִִִִִִִִִִִִִִִִִִִִִִִִִִִִִ
       ³Widths (mm)              ³ Areas    ³ Densities (kg/m3)
       ³                         ³ (cm‎)    ³
Ring   ³Outer Ring Erly Late   % ³Incr Total³Ring E/Wd L/Wd Unif  Min  Max  Rng
 # Year³ Rad.      Wood Wood  LW ³          ³mean mean mean
ֱֱֱִִִִִִִִִִִִִִִִִִִִִִִִִִִִִִִִִִִִִִִִִִִִִִִִִִִִִִִִִִִִִִִִִִִִִִִִִִִִ

 3 1993  23.3 23.3 18.3  0.0   0  17.1   17.1 325  325    0    0  266  477  211
 4 1994  48.2 24.9 24.0  0.9   3  55.9   73.0 325  316  556  240  254  609  355
 5 1995  72.2 24.0 22.2  1.8   7  90.8  163.8 373  357  576  219  274  615  341
 6 1996  91.4 19.2 18.3  0.9   4  98.7  262.4 352  344  523  179  255  566  311
 7 1997 110.0 18.6 16.2  2.4  12 117.7  380.1 360  335  530  195  270  591  321
 8 1998 131.0 21.0 19.8  1.2   5 159.0  539.1 356  347  512  165  257  534  277
 9 1999 147.2 16.2 14.4  1.8  11 141.6  680.7 376  358  521  163  269  554  285
10 2000 159.5 12.3 11.4  0.9   7 118.5  799.2 351  338  517  179  265  541  276
11 2001 169.4  9.9  9.3  0.6   6 102.3  901.5 354  343  524  181  267  526  259
12 2002 177.2  7.8  5.1  2.7  34  84.9  986.5 404  320  563  243  261  611  350
13 2003 186.8  9.6  6.0  3.6  37 109.8 1096.2 441  365  568  203  320  627  307
14 2004 192.8  6.0  4.5  1.5  25  71.6 1167.8 411  360  565  205  294  592  298
15 2005 200.0  7.2  5.1  2.1  29  88.8 1256.6 429  368  576  208  306  618  312
16 2006 206.9  6.9  4.2  2.7  39  88.2 1344.8 424  357  528  171  304  589  285
17 2007 212.9  6.0  4.2  1.8  30  79.1 1424.0 422  356  577  221  310  609  299
18 2008 216.8  3.9  3.0  0.9  23  52.6 1476.6 403  346  592  246  307  636  329
19 2009 219.8  3.0  1.8  1.2  40  41.1 1517.8 470  373  616  243  334  671  337
20 2010 224.9  5.1  3.3  1.8  35  71.3 1589.0 464  387  604  217  326  679  353
21 2011 230.6  5.7  3.0  2.7  47  81.6 1670.6 481  379  594  215  327  654  327
22 2012 236.3  5.7  3.3  2.4  42  83.6 1754.2 463  380  578  198  338  615  277
23 2013 241.1  4.8  3.0  1.8  37  72.0 1826.2 466  388  595  207  322  631  309
24 2014 246.2  5.1  2.1  3.0  58  78.1 1904.3 531  388  630  242  324  684  360

Core Length:  243.3 mm
Core Density: 408 kg/m3
Cross-sectional Density:  404 kg/m3
Early/Latewood Threshold: 500 kg/m3
Attenuation Constant: 3.07

