File : C:\DENSITOM\KINLEI~1\ATIA28.DAT
Cores :
7
13
22
24
28
29
33
37
39
43
49

ִִִִִִִִִִִִִִִִִִִִִִִִִִִִִִִִִִִִִִִִִִִִִִִִִִִִִִִִִִִִִִִִִִִִִִִִִִִִִִִ
Core : 7
ֲֲֲִִִִִִִִִִִִִִִִִִִִִִִִִִִִִִִִִִִִִִִִִִִִִִִִִִִִִִִִִִִִִִִִִִִִִִִִִִִִ
       ³Widths (mm)              ³ Areas    ³ Densities (kg/m3)
       ³                         ³ (cm‎)    ³
Ring   ³Outer Ring Erly Late   % ³Incr Total³Ring E/Wd L/Wd Unif  Min  Max  Rng
 # Year³ Rad.      Wood Wood  LW ³          ³mean mean mean
ֱֱֱִִִִִִִִִִִִִִִִִִִִִִִִִִִִִִִִִִִִִִִִִִִִִִִִִִִִִִִִִִִִִִִִִִִִִִִִִִִִ

 3 1993  20.8 20.8 16.2  0.6   2  13.6   13.6 359  353  523  170  293  541  248
 4 1994  38.8 18.0 17.4  0.6   3  33.7   47.3 368  359  603  244  299  623  324
 5 1995  59.8 21.0 20.4  0.6   2  65.0  112.3 375  372  501  129  299  502  203
 6 1996  81.4 21.6 21.0  0.6   2  95.8  208.2 369  365  517  152  268  528  260
 7 1997  97.0 15.6 15.3  0.3   1  87.4  295.6 360  357  505  148  302  505  203
 8 1998 106.0  9.0  8.4  0.6   6  57.4  353.0 367  357  514  157  287  526  239
 9 1999 115.3  9.3  6.3  3.0  32  64.7  417.6 411  354  532  178  295  557  262
10 2000 121.6  6.3  5.1  1.2  19  46.9  464.5 385  343  564  221  274  606  332
11 2001 128.5  6.9  5.7  1.2  17  54.2  518.7 404  374  549  175  307  574  267
12 2002 134.8  6.3  4.5  1.8  28  52.1  570.9 413  338  599  261  273  614  341
13 2003 141.7  6.9  5.4  1.5  21  59.9  630.8 391  339  577  238  290  628  338
14 2004 146.5  4.8  3.3  1.5  31  43.5  674.3 386  314  545  231  282  592  310
15 2005 151.6  5.1  3.9  1.2  23  47.8  722.0 409  357  578  221  299  626  327
16 2006 154.9  3.3  2.1  1.2  36  31.8  753.8 449  379  571  192  328  587  259
17 2007 159.1  4.2  3.0  1.2  28  41.4  795.2 452  384  624  240  319  635  316
18 2008 163.3  4.2  2.7  1.5  35  42.5  837.8 466  382  618  236  330  654  324
19 2009 167.8  4.5  3.0  1.5  33  46.8  884.6 450  380  590  210  337  618  281
20 2010 171.7  3.9  2.4  1.5  38  41.6  926.2 476  401  596  195  335  686  351
21 2011 176.5  4.8  2.4  2.4  50  52.5  978.7 481  398  564  166  365  601  236
22 2012 180.1  3.6  2.7  0.9  24  40.3 1019.0 453  411  581  170  349  595  246
23 2013 182.8  2.7  1.5  1.2  44  30.8 1049.8 499  416  604  188  360  650  290
24 2014 186.1  3.3  1.8  1.5  45  38.2 1088.0 482  420  557  137  370  592  222

Core Length:  182.7 mm
Core Density: 418 kg/m3
Cross-sectional Density:  412 kg/m3
Early/Latewood Threshold: 500 kg/m3
Attenuation Constant: 3.07

ִִִִִִִִִִִִִִִִִִִִִִִִִִִִִִִִִִִִִִִִִִִִִִִִִִִִִִִִִִִִִִִִִִִִִִִִִִִִִִִ
Core : 13
ֲֲֲִִִִִִִִִִִִִִִִִִִִִִִִִִִִִִִִִִִִִִִִִִִִִִִִִִִִִִִִִִִִִִִִִִִִִִִִִִִִ
       ³Widths (mm)              ³ Areas    ³ Densities (kg/m3)
       ³                         ³ (cm‎)    ³
Ring   ³Outer Ring Erly Late   % ³Incr Total³Ring E/Wd L/Wd Unif  Min  Max  Rng
 # Year³ Rad.      Wood Wood  LW ³          ³mean mean mean
ֱֱֱִִִִִִִִִִִִִִִִִִִִִִִִִִִִִִִִִִִִִִִִִִִִִִִִִִִִִִִִִִִִִִִִִִִִִִִִִִִִ

 2 1992  14.6 14.6 12.6  0.0   0   6.7    6.7 309  309    0    0  249  440  191
 3 1993  36.8 22.2 22.2  0.0   0  35.8   42.5 313  313    0    0  246  442  196
 4 1994  64.4 27.6 27.3  0.3   1  87.7  130.3 328  326  507  181  268  507  239
 5 1995  86.9 22.5 21.3  1.2   5 106.9  237.2 367  357  529  172  273  561  288
 6 1996 107.9 21.0 20.4  0.6   2 128.5  365.8 357  352  530  178  264  553  289
 7 1997 124.4 16.5 16.5  0.0   0 120.4  486.2 354  354    0    0  270  496  226
 8 1998 135.2 10.8  9.9  0.9   8  88.1  574.3 338  322  513  191  248  524  276
 9 1999 143.9  8.7  6.9  1.8  20  76.3  650.5 397  365  523  158  278  546  268
10 2000 150.8  6.9  6.3  0.6   8  63.9  714.4 347  326  570  244  251  615  364
11 2001 159.5  8.7  8.7  0.0   0  84.8  799.2 374  374    0    0  267  497  230
12 2002 166.4  6.9  5.4  1.5  21  70.6  869.9 368  317  551  234  262  578  316
13 2003 173.3  6.9  5.4  1.5  21  73.6  943.5 386  334  572  238  295  603  308
14 2004 179.6  6.3  4.5  1.8  28  69.8 1013.4 381  309  560  251  283  628  345
15 2005 185.3  5.7  4.5  1.2  21  65.3 1078.7 397  344  597  253  288  627  339
16 2006 189.8  4.5  3.6  0.9  20  53.0 1131.7 382  332  579  247  279  622  343
17 2007 193.4  3.6  3.3  0.3   8  43.3 1175.1 391  368  649  281  301  649  348
18 2008 197.6  4.2  3.6  0.6  14  51.6 1226.7 403  368  615  247  318  652  334
19 2009 201.2  3.6  2.7  0.9  24  45.1 1271.8 400  348  554  206  313  637  324
20 2010 204.8  3.6  2.4  1.2  33  45.9 1317.7 422  358  549  191  314  637  323
21 2011 208.1  3.3  2.4  0.9  27  42.8 1360.5 424  369  570  201  330  605  275
22 2012 211.4  3.3  2.4  0.9  27  43.5 1404.0 449  389  611  222  329  654  325
23 2013 213.8  2.4  1.8  0.6  25  32.1 1436.0 431  388  561  173  354  600  246
24 2014 216.8  3.0  1.5  1.5  50  40.6 1476.6 475  366  583  217  335  643  308

Core Length:  215.7 mm
Core Density: 382 kg/m3
Cross-sectional Density:  377 kg/m3
Early/Latewood Threshold: 500 kg/m3
Attenuation Constant: 3.07

ִִִִִִִִִִִִִִִִִִִִִִִִִִִִִִִִִִִִִִִִִִִִִִִִִִִִִִִִִִִִִִִִִִִִִִִִִִִִִִִ
Core : 22
ֲֲֲִִִִִִִִִִִִִִִִִִִִִִִִִִִִִִִִִִִִִִִִִִִִִִִִִִִִִִִִִִִִִִִִִִִִִִִִִִִִ
       ³Widths (mm)              ³ Areas    ³ Densities (kg/m3)
       ³                         ³ (cm‎)    ³
Ring   ³Outer Ring Erly Late   % ³Incr Total³Ring E/Wd L/Wd Unif  Min  Max  Rng
 # Year³ Rad.      Wood Wood  LW ³          ³mean mean mean
ֱֱֱִִִִִִִִִִִִִִִִִִִִִִִִִִִִִִִִִִִִִִִִִִִִִִִִִִִִִִִִִִִִִִִִִִִִִִִִִִִִ

 3 1993  20.4 20.4 16.5  0.9   4  13.1   13.1 352  343  523  180  292  537  245
 4 1994  43.2 22.8 22.2  0.6   2  45.6   58.6 349  343  569  226  292  572  280
 5 1995  66.0 22.8 21.9  0.9   3  78.2  136.8 376  368  571  203  303  596  293
 6 1996  82.8 16.8 15.3  1.5   8  78.5  215.4 396  382  537  155  326  560  234
 7 1997  95.7 12.9 10.8  2.1  16  72.3  287.7 420  395  547  152  358  595  237
 8 1998 106.5 10.8  9.6  1.2  11  68.6  356.3 410  392  552  160  349  601  252
 9 1999 113.1  6.6  4.5  2.1  31  45.5  401.9 457  405  569  164  369  609  240
10 2000 117.9  4.8  3.6  1.2  25  34.8  436.7 464  413  619  206  343  676  333
11 2001 122.7  4.8  3.6  1.2  24  36.3  473.0 464  420  599  179  381  719  338
12 2002 126.6  3.9  1.8  2.1  53  30.5  503.5 536  421  635  214  367  714  347
13 2003 131.1  4.5  2.4  2.1  46  36.4  540.0 538  467  619  152  455  733  278
14 2004 134.1  3.0  1.8  1.2  40  25.0  564.9 533  449  659  210  418  714  296
15 2005 136.5  2.4  1.2  1.2  50  20.4  585.3 566  470  663  193  446  729  283
16 2006 138.6  2.1  0.6  1.5  71  18.1  603.5 582  462  631  169  449  675  226
17 2007 140.1  1.5  0.6  0.9  60  13.1  616.6 568  465  637  172  443  712  269
18 2008 141.3  1.2  0.3  0.9  75  10.6  627.2 595  488  631  143  488  678  190
19 2009 142.5  1.2  0.0  1.2 100  10.7  637.9 622    0  622  622  536  714  178
20 2010 144.6  2.1  0.3  1.8  85  18.9  656.9 571  468  588  120  468  615  147
21 2011 147.6  3.0  0.0  3.0 100  27.5  684.4 596    0  596  596  521  706  185
22 2012 149.7  2.1  0.0  2.1  99  19.6  704.0 598    0  598  598  512  752  240
23 2013 150.9  1.2  0.0  1.2 100  11.3  715.4 574    0  574  574  524  665  141
24 2014 151.8  0.9  0.0  0.9 100   8.6  723.9 638    0  638  638  537  737  200

Core Length:  148.8 mm
Core Density: 509 kg/m3
Cross-sectional Density:  464 kg/m3
Early/Latewood Threshold: 500 kg/m3
Attenuation Constant: 3.07

ִִִִִִִִִִִִִִִִִִִִִִִִִִִִִִִִִִִִִִִִִִִִִִִִִִִִִִִִִִִִִִִִִִִִִִִִִִִִִִִ
Core : 24
ֲֲֲִִִִִִִִִִִִִִִִִִִִִִִִִִִִִִִִִִִִִִִִִִִִִִִִִִִִִִִִִִִִִִִִִִִִִִִִִִִִ
       ³Widths (mm)              ³ Areas    ³ Densities (kg/m3)
       ³                         ³ (cm‎)    ³
Ring   ³Outer Ring Erly Late   % ³Incr Total³Ring E/Wd L/Wd Unif  Min  Max  Rng
 # Year³ Rad.      Wood Wood  LW ³          ³mean mean mean
ֱֱֱִִִִִִִִִִִִִִִִִִִִִִִִִִִִִִִִִִִִִִִִִִִִִִִִִִִִִִִִִִִִִִִִִִִִִִִִִִִִ

 1 1991   3.3  3.3  3.3  0.0   0   0.3    0.3 310  310    0    0  235  374  139
 2 1992  11.7  8.4  8.4  0.0   0   4.0    4.3 345  345    0    0  279  438  159
 3 1993  30.3 18.6 18.6  0.0   0  24.5   28.8 322  322    0    0  266  451  185
 4 1994  53.7 23.4 22.5  0.9   3  61.8   90.6 335  328  524  196  271  539  268
 5 1995  75.3 21.6 21.3  0.3   1  87.5  178.1 345  342  521  179  267  521  254
 6 1996  91.8 16.5 16.5  0.0   0  86.6  264.7 341  341    0    0  275  495  220
 7 1997 108.3 16.5 16.2  0.3   1 103.7  368.5 342  338  518  180  270  518  248
 8 1998 119.1 10.8  9.3  1.5  13  77.2  445.6 347  320  519  199  266  525  259
 9 1999 125.7  6.6  5.1  1.5  22  50.8  496.4 394  349  549  200  289  576  287
10 2000 131.1  5.4  4.8  0.6  11  43.6  540.0 339  314  543  229  262  554  292
11 2001 135.0  3.9  3.6  0.3   7  32.6  572.6 338  325  501  176  284  501  217
12 2002 138.6  3.6  3.3  0.3   8  30.9  603.5 338  314  597  283  245  597  352
13 2003 144.0  5.4  4.5  0.9  16  47.9  651.4 369  329  571  242  282  607  325
14 2004 148.8  4.8  3.9  0.9  18  44.2  695.6 383  347  539  192  312  560  248
15 2005 151.5  2.7  2.4  0.3  11  25.5  721.1 398  372  606  234  318  606  288
16 2006 153.9  2.4  1.8  0.6  24  23.0  744.1 405  354  558  204  323  596  273
17 2007 156.0  2.1  1.8  0.3  14  20.4  764.5 397  374  534  160  322  534  212
18 2008 157.8  1.8  1.2  0.6  33  17.7  782.3 433  375  547  172  339  585  246
19 2009 159.6  1.8  1.2  0.6  33  17.9  800.2 445  377  583  206  329  606  277
20 2010 162.0  2.4  1.5  0.9  37  24.2  824.5 469  400  584  184  335  631  296
21 2011 164.4  2.4  1.5  0.9  37  24.6  849.1 464  391  587  196  330  609  279
22 2012 166.2  1.8  1.2  0.6  33  18.7  867.8 467  406  590  184  329  600  271
23 2013 168.3  2.1  1.8  0.3  14  22.1  889.9 427  409  535  126  347  535  188
24 2014 170.4  2.1  1.2  0.9  42  22.3  912.2 469  401  560  159  340  602  262

Core Length:  171.0 mm
Core Density: 384 kg/m3
Cross-sectional Density:  370 kg/m3
Early/Latewood Threshold: 500 kg/m3
Attenuation Constant: 3.07

ִִִִִִִִִִִִִִִִִִִִִִִִִִִִִִִִִִִִִִִִִִִִִִִִִִִִִִִִִִִִִִִִִִִִִִִִִִִִִִִ
Core : 28
ֲֲֲִִִִִִִִִִִִִִִִִִִִִִִִִִִִִִִִִִִִִִִִִִִִִִִִִִִִִִִִִִִִִִִִִִִִִִִִִִִִ
       ³Widths (mm)              ³ Areas    ³ Densities (kg/m3)
       ³                         ³ (cm‎)    ³
Ring   ³Outer Ring Erly Late   % ³Incr Total³Ring E/Wd L/Wd Unif  Min  Max  Rng
 # Year³ Rad.      Wood Wood  LW ³          ³mean mean mean
ֱֱֱִִִִִִִִִִִִִִִִִִִִִִִִִִִִִִִִִִִִִִִִִִִִִִִִִִִִִִִִִִִִִִִִִִִִִִִִִִִִ

 1 1991   3.6  3.6  3.6  0.0   0   0.4    0.4 428  428    0    0  341  497  156
 2 1992  12.0  8.4  8.4  0.0   0   4.1    4.5 360  360    0    0  296  473  177
 3 1993  30.6 18.6 18.3  0.3   1  24.9   29.4 323  320  539  219  265  539  274
 4 1994  51.6 21.0 19.5  1.5   7  54.2   83.6 348  332  551  219  271  581  310
 5 1995  71.4 19.8 19.2  0.6   3  76.5  160.2 370  365  533  168  275  537  262
 6 1996  87.6 16.2 15.0  1.2   7  80.9  241.1 377  366  520  154  292  536  244
 7 1997  99.6 12.0 10.2  1.8  15  70.6  311.7 382  358  517  159  311  530  219
 8 1998 111.9 12.3  9.6  2.7  21  81.7  393.4 385  342  540  198  270  563  293
 9 1999 122.1 10.2  7.5  2.7  26  75.0  468.4 402  347  555  208  287  590  303
10 2000 128.7  6.6  5.4  1.2  18  52.0  520.4 386  349  554  205  285  600  315
11 2001 134.7  6.0  4.2  1.8  30  49.6  570.0 414  352  560  208  306  599  293
12 2002 138.9  4.2  3.0  1.2  28  36.1  606.1 407  339  577  238  300  658  358
13 2003 142.5  3.6  2.7  0.9  25  31.8  637.9 414  344  625  281  294  683  389
14 2004 146.1  3.6  2.4  1.2  33  32.6  670.6 426  336  608  272  301  641  340
15 2005 150.6  4.5  3.0  1.5  33  41.9  712.5 458  365  644  279  276  695  419
16 2006 155.7  5.1  3.3  1.8  35  49.1  761.6 451  367  605  238  299  677  378
17 2007 159.3  3.6  2.4  1.2  33  35.6  797.2 451  371  610  239  315  691  376
18 2008 162.0  2.7  1.5  1.2  44  27.3  824.5 489  383  622  239  327  679  352
19 2009 163.8  1.8  1.2  0.6  33  18.4  842.9 440  370  581  211  314  594  280
20 2010 165.0  1.2  1.2  0.0   0  12.4  855.3 413  413    0    0  337  491  154
21 2011 168.6  3.6  1.8  1.8  49  37.7  893.0 487  409  565  156  334  593  259
22 2012 171.9  3.3  2.4  0.9  27  35.3  928.3 444  404  550  146  337  607  270
23 2013 174.3  2.4  2.1  0.3  12  26.1  954.4 424  409  534  125  326  534  208
24 2014 176.4  2.1  1.5  0.6  28  23.1  977.6 457  421  545  124  353  554  201

Core Length:  177.0 mm
Core Density: 414 kg/m3
Cross-sectional Density:  407 kg/m3
Early/Latewood Threshold: 500 kg/m3
Attenuation Constant: 3.07

ִִִִִִִִִִִִִִִִִִִִִִִִִִִִִִִִִִִִִִִִִִִִִִִִִִִִִִִִִִִִִִִִִִִִִִִִִִִִִִִ
Core : 29
ֲֲֲִִִִִִִִִִִִִִִִִִִִִִִִִִִִִִִִִִִִִִִִִִִִִִִִִִִִִִִִִִִִִִִִִִִִִִִִִִִִ
       ³Widths (mm)              ³ Areas    ³ Densities (kg/m3)
       ³                         ³ (cm‎)    ³
Ring   ³Outer Ring Erly Late   % ³Incr Total³Ring E/Wd L/Wd Unif  Min  Max  Rng
 # Year³ Rad.      Wood Wood  LW ³          ³mean mean mean
ֱֱֱִִִִִִִִִִִִִִִִִִִִִִִִִִִִִִִִִִִִִִִִִִִִִִִִִִִִִִִִִִִִִִִִִִִִִִִִִִִִ

 1 1991   4.9  4.9  3.9  0.0   0   0.8    0.8 352  352    0    0  294  408  114
 2 1992  14.5  9.6  9.6  0.0   0   5.9    6.6 346  346    0    0  284  450  166
 3 1993  35.2 20.7 20.7  0.0   0  32.3   38.9 315  315    0    0  239  452  213
 4 1994  61.9 26.7 26.7  0.0   0  81.4  120.4 317  317    0    0  258  491  233
 5 1995  85.0 23.1 22.8  0.3   1 106.6  227.0 310  308  525  217  254  525  271
 6 1996 101.8 16.8 16.2  0.6   3  98.6  325.6 337  330  525  195  267  547  280
 7 1997 116.2 14.4 13.5  0.9   6  98.6  424.2 329  316  517  201  271  537  266
 8 1998 126.1  9.9  9.9  0.0   0  75.4  499.6 332  332    0    0  262  490  228
 9 1999 135.7  9.6  9.0  0.6   6  79.0  578.5 376  365  535  170  284  537  253
10 2000 143.2  7.5  6.3  1.2  16  65.7  644.2 375  338  570  232  268  611  343
11 2001 149.2  6.0  5.1  0.9  15  55.1  699.3 395  368  553  185  310  565  255
12 2002 153.4  4.2  3.6  0.6  14  39.9  739.3 387  357  571  214  271  615  344
13 2003 157.3  3.9  3.0  0.9  23  38.1  777.3 447  400  604  204  331  634  303
14 2004 161.5  4.2  2.7  1.5  35  42.1  819.4 445  390  544  154  352  575  223
15 2005 164.5  3.0  1.8  1.2  40  30.7  850.1 474  415  562  147  379  633  254
16 2006 167.5  3.0  1.5  1.5  50  31.3  881.4 481  428  534  106  393  549  156
17 2007 171.7  4.2  3.3  0.9  21  44.8  926.2 447  406  601  195  342  634  292
18 2008 175.3  3.6  2.1  1.5  41  39.2  965.4 506  428  615  187  378  659  281
19 2009 179.8  4.5  3.3  1.2  26  50.2 1015.6 477  439  584  145  395  644  249
20 2010 183.4  3.6  2.4  1.2  33  41.1 1056.7 476  438  552  114  377  634  257
21 2011 186.4  3.0  1.8  1.2  40  34.9 1091.5 474  422  551  129  354  603  249
22 2012 188.2  1.8  1.2  0.6  33  21.2 1112.7 476  429  571  142  376  579  203
23 2013 190.9  2.7  1.2  1.5  55  32.2 1144.9 497  421  557  136  373  581  208
24 2014 193.6  2.7  0.9  1.8  66  32.6 1177.5 519  438  559  121  405  583  178

Core Length:  193.2 mm
Core Density: 412 kg/m3
Cross-sectional Density:  392 kg/m3
Early/Latewood Threshold: 500 kg/m3
Attenuation Constant: 3.07

ִִִִִִִִִִִִִִִִִִִִִִִִִִִִִִִִִִִִִִִִִִִִִִִִִִִִִִִִִִִִִִִִִִִִִִִִִִִִִִִ
Core : 33
ֲֲֲִִִִִִִִִִִִִִִִִִִִִִִִִִִִִִִִִִִִִִִִִִִִִִִִִִִִִִִִִִִִִִִִִִִִִִִִִִִִ
       ³Widths (mm)              ³ Areas    ³ Densities (kg/m3)
       ³                         ³ (cm‎)    ³
Ring   ³Outer Ring Erly Late   % ³Incr Total³Ring E/Wd L/Wd Unif  Min  Max  Rng
 # Year³ Rad.      Wood Wood  LW ³          ³mean mean mean
ֱֱֱִִִִִִִִִִִִִִִִִִִִִִִִִִִִִִִִִִִִִִִִִִִִִִִִִִִִִִִִִִִִִִִִִִִִִִִִִִִִ

 2 1992  13.3 13.3 12.3  0.0   0   5.6    5.6 299  299    0    0  232  450  218
 3 1993  29.5 16.2 15.9  0.3   1  21.8   27.3 302  299  507  208  254  507  253
 4 1994  50.5 21.0 21.0  0.0   0  52.8   80.1 287  287    0    0  235  476  241
 5 1995  68.8 18.3 17.7  0.6   3  68.6  148.7 311  304  515  211  228  529  301
 6 1996  83.5 14.7 14.4  0.3   2  70.3  219.0 317  313  525  212  234  525  291
 7 1997  96.4 12.9 11.1  1.8  13  72.9  291.9 354  323  540  217  271  603  332
 8 1998 107.2 10.8  9.9  0.9   8  69.1  361.0 360  346  520  174  286  538  252
 9 1999 115.3  8.1  7.8  0.3   3  56.6  417.6 329  320  559  239  239  559  320
10 2000 120.4  5.1  4.5  0.6  11  37.8  455.4 335  307  545  238  253  550  297
11 2001 127.9  7.5  6.0  1.5  20  58.5  513.9 387  349  538  189  286  565  279
12 2002 133.6  5.7  4.2  1.5  26  46.8  560.7 378  306  579  273  257  633  376
13 2003 140.5  6.9  5.4  1.5  21  59.4  620.2 397  339  607  268  289  651  362
14 2004 146.5  6.0  5.1  0.9  15  54.1  674.3 365  334  545  211  275  569  294
15 2005 151.6  5.1  3.9  1.2  23  47.8  722.0 394  340  569  229  275  633  358
16 2006 156.4  4.8  3.3  1.5  31  46.4  768.5 429  368  562  194  283  607  324
17 2007 160.9  4.5  3.9  0.6  13  44.9  813.3 405  370  631  261  294  659  365
18 2008 165.4  4.5  3.6  0.9  20  46.1  859.5 409  351  638  287  283  669  386
19 2009 169.0  3.6  2.7  0.9  25  37.8  897.3 419  364  584  220  303  625  322
20 2010 172.9  3.9  3.0  0.9  23  41.9  939.2 440  400  574  174  318  620  302
21 2011 178.3  5.4  3.0  2.4  44  59.6  998.7 466  386  567  181  346  618  272
22 2012 185.5  7.2  4.2  3.0  41  82.3 1081.0 443  370  544  174  286  558  272
23 2013 192.7  7.2  4.8  2.4  33  85.5 1166.6 435  356  593  237  285  659  374
24 2014 199.0  6.3  3.0  3.3  52  77.5 1244.1 441  328  544  216  280  583  303

Core Length:  199.5 mm
Core Density: 378 kg/m3
Cross-sectional Density:  384 kg/m3
Early/Latewood Threshold: 500 kg/m3
Attenuation Constant: 3.07

ִִִִִִִִִִִִִִִִִִִִִִִִִִִִִִִִִִִִִִִִִִִִִִִִִִִִִִִִִִִִִִִִִִִִִִִִִִִִִִִ
Core : 37
ֲֲֲִִִִִִִִִִִִִִִִִִִִִִִִִִִִִִִִִִִִִִִִִִִִִִִִִִִִִִִִִִִִִִִִִִִִִִִִִִִִ
       ³Widths (mm)              ³ Areas    ³ Densities (kg/m3)
       ³                         ³ (cm‎)    ³
Ring   ³Outer Ring Erly Late   % ³Incr Total³Ring E/Wd L/Wd Unif  Min  Max  Rng
 # Year³ Rad.      Wood Wood  LW ³          ³mean mean mean
ֱֱֱִִִִִִִִִִִִִִִִִִִִִִִִִִִִִִִִִִִִִִִִִִִִִִִִִִִִִִִִִִִִִִִִִִִִִִִִִִִִ

 4 1994  28.1 28.1 17.1  0.0   0  24.8   24.8 373  373    0    0  304  474  170
 5 1995  53.0 24.9 24.6  0.3   1  63.4   88.2 312  310  526  216  239  526  287
 6 1996  71.3 18.3 17.7  0.6   3  71.5  159.7 324  317  532  215  252  542  290
 7 1997  84.5 13.2 12.3  0.9   6  64.6  224.3 340  327  517  190  268  533  265
 8 1998  95.6 11.1 10.2  0.9   8  62.8  287.1 353  336  547  211  264  572  308
 9 1999 104.3  8.7  7.2  1.5  17  54.6  341.8 384  353  534  181  282  593  311
10 2000 111.2  6.9  5.7  1.2  17  46.7  388.5 379  341  558  217  290  585  295
11 2001 116.6  5.4  4.8  0.6  11  38.6  427.1 378  357  540  183  280  553  273
12 2002 119.6  3.0  2.4  0.6  20  22.3  449.4 375  324  577  253  298  608  310
13 2003 122.6  3.0  2.7  0.3  10  22.8  472.2 414  392  612  220  328  612  284
14 2004 126.5  3.9  3.0  0.9  23  30.5  502.7 406  360  560  200  315  574  259
15 2005 130.1  3.6  2.7  0.9  25  29.0  531.7 435  386  582  196  329  619  290
16 2006 134.3  4.2  2.7  1.5  35  34.9  566.6 469  400  593  193  319  628  309
17 2007 138.5  4.2  3.3  0.9  21  36.0  602.6 444  397  617  220  364  652  288
18 2008 142.1  3.6  2.7  0.9  24  31.7  634.4 457  412  592  180  382  611  229
19 2009 145.4  3.3  2.7  0.6  18  29.8  664.2 429  392  598  206  336  617  281
20 2010 146.3  0.9  0.9  0.0   0   8.2  672.4 292  292    0    0  279  306   27
21 2011 147.2  0.9  0.9  0.0   0   8.3  680.7 365  365    0    0  302  414  112
22 2012 147.8  0.6  0.6  0.0   0   5.6  686.3 424  424    0    0  392  456   64
23 2013 148.4  0.6  0.6  0.0   0   5.6  691.9 370  370    0    0  325  416   91
24 2014 150.8  2.4  1.8  0.6  25  22.6  714.4 459  429  551  122  344  554  210

Core Length:  140.1 mm
Core Density: 389 kg/m3
Cross-sectional Density:  381 kg/m3
Early/Latewood Threshold: 500 kg/m3
Attenuation Constant: 3.07

ִִִִִִִִִִִִִִִִִִִִִִִִִִִִִִִִִִִִִִִִִִִִִִִִִִִִִִִִִִִִִִִִִִִִִִִִִִִִִִִ
Core : 39
ֲֲֲִִִִִִִִִִִִִִִִִִִִִִִִִִִִִִִִִִִִִִִִִִִִִִִִִִִִִִִִִִִִִִִִִִִִִִִִִִִִ
       ³Widths (mm)              ³ Areas    ³ Densities (kg/m3)
       ³                         ³ (cm‎)    ³
Ring   ³Outer Ring Erly Late   % ³Incr Total³Ring E/Wd L/Wd Unif  Min  Max  Rng
 # Year³ Rad.      Wood Wood  LW ³          ³mean mean mean
ֱֱֱִִִִִִִִִִִִִִִִִִִִִִִִִִִִִִִִִִִִִִִִִִִִִִִִִִִִִִִִִִִִִִִִִִִִִִִִִִִִ

 1 1991   3.0  3.0  2.4  0.6  20   0.3    0.3 381  346  522  176  258  538  280
 2 1992  11.1  8.1  7.8  0.3   3   3.6    3.9 393  388  516  128  307  516  209
 3 1993  27.0 15.9 15.3  0.6   3  19.0   22.9 377  372  509  137  300  515  215
 4 1994  47.1 20.1 19.2  0.9   4  46.8   69.7 335  327  507  180  260  514  254
 5 1995  66.9 19.8 19.5  0.3   1  70.9  140.6 348  346  514  168  274  514  240
 6 1996  83.1 16.2 15.9  0.3   1  76.3  216.9 318  314  534  220  271  534  263
 7 1997  98.4 15.3 15.3  0.0   0  87.2  304.2 352  352    0    0  282  492  210
 8 1998 109.8 11.4 11.4  0.0   0  74.6  378.8 339  339    0    0  261  473  212
 9 1999 118.8  9.0  9.0  0.0   0  64.6  443.4 349  349    0    0  283  497  214
10 2000 124.8  6.0  6.0  0.0   0  45.9  489.3 360  360    0    0  284  494  210
11 2001 130.2  5.4  4.8  0.6  11  43.3  532.6 361  343  506  163  293  511  218
12 2002 135.0  4.8  3.9  0.9  18  40.0  572.6 386  351  535  184  299  594  295
13 2003 140.7  5.7  5.1  0.6  10  49.4  621.9 383  367  516  149  327  525  198
14 2004 145.8  5.1  4.8  0.3   5  45.9  667.8 378  370  510  140  305  510  205
15 2005 150.3  4.5  4.2  0.3   6  41.9  709.7 380  369  530  161  290  530  240
16 2006 154.8  4.5  4.2  0.3   6  43.1  752.8 405  397  530  133  332  530  198
17 2007 159.3  4.5  3.6  0.9  20  44.4  797.2 400  366  535  169  333  556  223
18 2008 163.8  4.5  3.0  1.5  33  45.7  842.9 435  380  546  166  323  579  256
19 2009 169.2  5.4  5.1  0.3   5  56.5  899.4 388  380  522  142  308  522  214
20 2010 175.2  6.0  5.1  0.9  15  64.9  964.3 396  371  537  166  295  549  254
21 2011 181.8  6.6  6.3  0.3   4  74.0 1038.3 396  390  504  114  337  504  167
22 2012 188.4  6.6  6.3  0.3   4  76.8 1115.1 382  375  530  155  312  530  218
23 2013 194.7  6.3  4.5  1.8  28  75.8 1190.9 442  403  539  136  336  589  253
24 2014 201.3  6.6  6.3  0.3   4  82.1 1273.0 417  412  517  105  309  517  208

Core Length:  201.9 mm
Core Density: 379 kg/m3
Cross-sectional Density:  377 kg/m3
Early/Latewood Threshold: 500 kg/m3
Attenuation Constant: 3.07

ִִִִִִִִִִִִִִִִִִִִִִִִִִִִִִִִִִִִִִִִִִִִִִִִִִִִִִִִִִִִִִִִִִִִִִִִִִִִִִִ
Core : 43
ֲֲֲִִִִִִִִִִִִִִִִִִִִִִִִִִִִִִִִִִִִִִִִִִִִִִִִִִִִִִִִִִִִִִִִִִִִִִִִִִִִ
       ³Widths (mm)              ³ Areas    ³ Densities (kg/m3)
       ³                         ³ (cm‎)    ³
Ring   ³Outer Ring Erly Late   % ³Incr Total³Ring E/Wd L/Wd Unif  Min  Max  Rng
 # Year³ Rad.      Wood Wood  LW ³          ³mean mean mean
ֱֱֱִִִִִִִִִִִִִִִִִִִִִִִִִִִִִִִִִִִִִִִִִִִִִִִִִִִִִִִִִִִִִִִִִִִִִִִִִִִִ

 2 1992  13.9 13.9  6.9  0.0   0   6.1    6.1 352  352    0    0  321  399   78
 3 1993  29.5 15.6 15.6  0.0   0  21.3   27.3 332  332    0    0  266  458  192
 4 1994  49.9 20.4 20.4  0.0   0  50.9   78.2 327  327    0    0  249  494  245
 5 1995  71.5 21.6 21.0  0.6   2  82.4  160.6 348  343  523  180  261  528  267
 6 1996  89.8 18.3 18.3  0.0   0  92.7  253.3 327  327    0    0  259  485  226
 7 1997 102.7 12.9 12.9  0.0   0  78.0  331.4 330  330    0    0  266  482  216
 8 1998 115.3 12.6 12.6  0.0   0  86.3  417.6 312  312    0    0  247  432  185
 9 1999 123.1  7.8  7.5  0.3   3  58.4  476.1 337  330  512  182  255  512  257
10 2000 129.1  6.0  5.1  0.9  15  47.5  523.6 353  323  520  197  260  550  290
11 2001 136.3  7.2  6.3  0.9  12  60.0  583.6 360  337  523  186  289  529  240
12 2002 142.3  6.0  5.1  0.9  15  52.5  636.2 384  353  560  207  283  586  303
13 2003 148.6  6.3  5.1  1.2  19  57.6  693.7 395  356  559  203  311  571  260
14 2004 154.3  5.7  4.5  1.2  21  54.2  748.0 400  365  530  165  303  564  261
15 2005 160.6  6.3  4.5  1.8  28  62.3  810.3 407  354  540  186  283  563  280
16 2006 166.3  5.7  4.5  1.2  21  58.5  868.8 396  359  536  177  266  592  326
17 2007 172.3  6.0  4.5  1.5  25  63.8  932.7 396  332  587  255  281  626  345
18 2008 177.4  5.1  3.6  1.5  29  56.0  988.7 420  354  577  223  315  633  318
19 2009 181.0  3.6  2.7  0.9  25  40.5 1029.2 406  357  553  196  307  584  277
20 2010 184.9  3.9  2.7  1.2  30  44.8 1074.0 438  391  543  152  325  592  267
21 2011 190.9  6.0  3.9  2.1  35  70.8 1144.9 452  397  553  156  330  597  267
22 2012 196.3  5.4  4.2  1.2  22  65.7 1210.6 406  360  567  207  296  594  298
23 2013 199.9  3.6  3.3  0.3   8  44.8 1255.4 355  341  514  173  281  514  233
24 2014 203.5  3.6  3.0  0.6  16  45.6 1301.0 382  354  521  167  277  524  247

Core Length:  197.4 mm
Core Density: 374 kg/m3
Cross-sectional Density:  373 kg/m3
Early/Latewood Threshold: 500 kg/m3
Attenuation Constant: 3.07

ִִִִִִִִִִִִִִִִִִִִִִִִִִִִִִִִִִִִִִִִִִִִִִִִִִִִִִִִִִִִִִִִִִִִִִִִִִִִִִִ
Core : 49
ֲֲֲִִִִִִִִִִִִִִִִִִִִִִִִִִִִִִִִִִִִִִִִִִִִִִִִִִִִִִִִִִִִִִִִִִִִִִִִִִִִ
       ³Widths (mm)              ³ Areas    ³ Densities (kg/m3)
       ³                         ³ (cm‎)    ³
Ring   ³Outer Ring Erly Late   % ³Incr Total³Ring E/Wd L/Wd Unif  Min  Max  Rng
 # Year³ Rad.      Wood Wood  LW ³          ³mean mean mean
ֱֱֱִִִִִִִִִִִִִִִִִִִִִִִִִִִִִִִִִִִִִִִִִִִִִִִִִִִִִִִִִִִִִִִִִִִִִִִִִִִִ

 3 1993  23.8 23.8 16.8  0.0   0  17.8   17.8 320  320    0    0  254  459  205
 4 1994  46.3 22.5 22.5  0.0   0  49.6   67.3 302  302    0    0  243  473  230
 5 1995  67.9 21.6 21.3  0.3   1  77.5  144.8 337  335  521  186  257  521  264
 6 1996  81.4 13.5 13.2  0.3   2  63.3  208.2 351  347  502  155  264  502  238
 7 1997  92.5 11.1  9.9  1.2  10  60.6  268.8 378  362  509  147  310  519  209
 8 1998 102.4  9.9  9.9  0.0   0  60.6  329.4 349  349    0    0  271  472  201
 9 1999 109.0  6.6  6.6  0.0   0  43.8  373.3 404  404    0    0  285  496  211
10 2000 116.2  7.2  5.7  1.5  20  50.9  424.2 409  383  507  124  279  516  237
11 2001 122.5  6.3  5.4  0.9  14  47.2  471.4 415  395  532  137  332  544  212
12 2002 129.1  6.6  3.9  2.7  40  52.2  523.6 437  355  555  200  303  600  297
13 2003 135.7  6.6  4.8  1.8  27  54.9  578.5 435  385  569  184  324  599  275
14 2004 141.4  5.7  5.1  0.6  10  49.6  628.1 410  399  509  110  313  517  204
15 2005 146.2  4.8  2.7  2.1  43  43.4  671.5 486  408  586  178  374  629  255
16 2006 150.1  3.9  2.7  1.2  30  36.3  707.8 435  389  537  148  339  564  225
17 2007 152.5  2.4  1.5  0.9  37  22.8  730.6 467  405  571  166  355  622  267
18 2008 155.2  2.7  1.8  0.9  33  26.1  756.7 463  396  597  201  367  632  265
19 2009 157.9  2.7  1.5  1.2  44  26.6  783.3 491  409  595  186  378  658  280
20 2010 160.9  3.0  2.1  0.9  30  30.0  813.3 473  436  559  123  376  625  249
21 2011 162.1  1.2  0.3  0.9  75  12.2  825.5 534  459  559  100  459  620  161
22 2012 163.6  1.5  0.9  0.6  40  15.3  840.8 474  408  573  165  372  581  209
23 2013 164.8  1.2  0.6  0.6  50  12.4  853.2 511  463  560   97  439  573  134
24 2014 166.6  1.8  0.9  0.9  49  18.7  872.0 514  467  561   94  413  618  205

Core Length:  159.9 mm
Core Density: 427 kg/m3
Cross-sectional Density:  406 kg/m3
Early/Latewood Threshold: 500 kg/m3
Attenuation Constant: 3.07

