File : C:\DENSITOM\KINLEI~1\ATIA29.DAT
Cores :
4
6
13
14
19
24
27
29
31
35
39
43
48

ִִִִִִִִִִִִִִִִִִִִִִִִִִִִִִִִִִִִִִִִִִִִִִִִִִִִִִִִִִִִִִִִִִִִִִִִִִִִִִִ
Core : 4
ֲֲֲִִִִִִִִִִִִִִִִִִִִִִִִִִִִִִִִִִִִִִִִִִִִִִִִִִִִִִִִִִִִִִִִִִִִִִִִִִִִ
       ³Widths (mm)              ³ Areas    ³ Densities (kg/m3)
       ³                         ³ (cm‎)    ³
Ring   ³Outer Ring Erly Late   % ³Incr Total³Ring E/Wd L/Wd Unif  Min  Max  Rng
 # Year³ Rad.      Wood Wood  LW ³          ³mean mean mean
ֱֱֱִִִִִִִִִִִִִִִִִִִִִִִִִִִִִִִִִִִִִִִִִִִִִִִִִִִִִִִִִִִִִִִִִִִִִִִִִִִִ

 2 1992  12.9 12.9  9.9  0.0   0   5.2    5.2 369  369    0    0  329  418   89
 3 1993  32.4 19.5 19.5  0.0   0  27.8   33.0 342  342    0    0  281  444  163
 4 1994  60.3 27.9 27.9  0.0   0  81.3  114.2 331  331    0    0  264  482  218
 5 1995  82.8 22.5 22.2  0.3   1 101.2  215.4 343  341  514  173  280  514  234
 6 1996  96.9 14.1 14.1  0.0   0  79.6  295.0 328  328    0    0  283  486  203
 7 1997 108.3 11.4 11.4  0.0   0  73.5  368.5 326  326    0    0  272  449  177
 8 1998 117.0  8.7  8.7  0.0   0  61.6  430.1 340  340    0    0  249  496  247
 9 1999 125.1  8.1  7.8  0.3   3  61.6  491.7 353  346  528  182  278  528  250
10 2000 130.5  5.4  4.5  0.9  16  43.4  535.0 369  337  527  190  273  543  270
11 2001 136.8  6.3  5.7  0.6   9  52.9  587.9 369  353  518  165  297  521  224
12 2002 142.8  6.0  5.1  0.9  15  52.7  640.6 382  355  535  180  278  552  274
13 2003 148.5  5.7  4.8  0.9  15  52.2  692.8 401  373  549  176  319  572  253
14 2004 154.2  5.7  4.5  1.2  21  54.2  747.0 412  379  536  157  312  551  239
15 2005 158.1  3.9  3.3  0.6  15  38.3  785.3 393  363  559  196  316  571  255
16 2006 160.8  2.7  1.8  0.9  33  27.1  812.3 447  387  567  180  319  607  288
17 2007 162.3  1.5  0.9  0.6  40  15.2  827.5 458  382  572  190  346  631  285
18 2008 164.4  2.1  1.2  0.9  42  21.6  849.1 472  408  557  149  367  636  269
19 2009 166.2  1.8  0.9  0.9  49  18.7  867.8 485  396  575  179  343  611  268
20 2010 169.5  3.3  1.8  1.5  45  34.8  902.6 484  414  568  154  346  641  295
21 2011 173.1  3.6  1.8  1.8  49  38.7  941.3 522  437  606  169  383  655  272
22 2012 176.4  3.3  2.4  0.9  27  36.2  977.6 431  381  567  186  332  582  250
23 2013 178.8  2.4  1.2  1.2  50  26.8 1004.3 480  385  574  189  363  659  296
24 2014 181.2  2.4  1.5  0.9  37  27.1 1031.5 462  404  557  153  371  621  250

Core Length:  178.2 mm
Core Density: 404 kg/m3
Cross-sectional Density:  383 kg/m3
Early/Latewood Threshold: 500 kg/m3
Attenuation Constant: 3.07

ִִִִִִִִִִִִִִִִִִִִִִִִִִִִִִִִִִִִִִִִִִִִִִִִִִִִִִִִִִִִִִִִִִִִִִִִִִִִִִִ
Core : 6
ֲֲֲִִִִִִִִִִִִִִִִִִִִִִִִִִִִִִִִִִִִִִִִִִִִִִִִִִִִִִִִִִִִִִִִִִִִִִִִִִִִ
       ³Widths (mm)              ³ Areas    ³ Densities (kg/m3)
       ³                         ³ (cm‎)    ³
Ring   ³Outer Ring Erly Late   % ³Incr Total³Ring E/Wd L/Wd Unif  Min  Max  Rng
 # Year³ Rad.      Wood Wood  LW ³          ³mean mean mean
ֱֱֱִִִִִִִִִִִִִִִִִִִִִִִִִִִִִִִִִִִִִִִִִִִִִִִִִִִִִִִִִִִִִִִִִִִִִִִִִִִִ

 1 1992  10.5 10.5 10.5  0.0   0   3.5    3.5 402  402    0    0  351  448   97
 2 1993  25.5 15.0 14.1  0.9   5  17.0   20.4 392  385  507  122  332  510  178
 3 1994  49.2 23.7 22.2  1.5   6  55.6   76.0 372  361  533  172  302  551  249
 4 1995  70.8 21.6 20.1  1.5   6  81.4  157.5 400  388  552  164  308  573  265
 5 1996  86.7 15.9 14.4  1.5   9  78.7  236.2 379  363  526  163  288  552  264
 6 1997 100.5 13.8 11.7  2.1  15  81.2  317.3 407  384  541  157  310  581  271
 7 1998 108.9  8.4  6.3  2.1  25  55.3  372.6 402  354  545  191  276  578  302
 8 1999 118.5  9.6  8.4  1.2  12  68.6  441.2 443  423  588  165  323  602  279
 9 2000 124.5  6.0  4.5  1.5  25  45.8  487.0 430  382  574  192  313  624  311
10 2001 129.6  5.1  4.2  0.9  17  40.7  527.7 438  403  602  199  354  618  264
11 2002 133.5  3.9  1.5  2.4  61  32.2  559.9 530  389  619  230  360  716  356
12 2003 141.0  7.5  3.9  3.6  48  64.7  624.6 506  409  610  201  367  678  311
13 2004 147.0  6.0  4.2  1.8  30  54.3  678.9 464  407  597  190  361  633  272
14 2005 151.2  4.2  2.1  2.1  49  39.3  718.2 494  407  582  175  380  679  299
15 2006 155.4  4.2  1.8  2.4  57  40.5  758.7 524  410  610  200  375  689  314
16 2007 159.6  4.2  2.1  2.1  50  41.6  800.2 513  416  609  193  382  697  315
17 2008 163.8  4.2  1.8  2.4  57  42.7  842.9 548  416  648  232  383  741  358
18 2009 168.0  4.2  2.1  2.1  50  43.8  886.7 536  415  656  241  377  733  356
19 2010 172.5  4.5  2.1  2.4  53  48.1  934.8 556  453  646  193  407  718  311
20 2011 178.2  5.7  2.1  3.6  63  62.8  997.6 549  438  614  176  395  687  292
21 2012 182.1  3.9  1.8  2.1  53  44.1 1041.8 533  424  627  203  403  704  301
22 2013 185.1  3.0  1.5  1.5  50  34.6 1076.4 547  445  650  205  424  700  276
23 2014 187.5  2.4  0.9  1.5  62  28.1 1104.5 575  443  654  211  435  710  275

Core Length:  187.8 mm
Core Density: 475 kg/m3
Cross-sectional Density:  468 kg/m3
Early/Latewood Threshold: 500 kg/m3
Attenuation Constant: 3.07

ִִִִִִִִִִִִִִִִִִִִִִִִִִִִִִִִִִִִִִִִִִִִִִִִִִִִִִִִִִִִִִִִִִִִִִִִִִִִִִִ
Core : 13
ֲֲֲִִִִִִִִִִִִִִִִִִִִִִִִִִִִִִִִִִִִִִִִִִִִִִִִִִִִִִִִִִִִִִִִִִִִִִִִִִִִ
       ³Widths (mm)              ³ Areas    ³ Densities (kg/m3)
       ³                         ³ (cm‎)    ³
Ring   ³Outer Ring Erly Late   % ³Incr Total³Ring E/Wd L/Wd Unif  Min  Max  Rng
 # Year³ Rad.      Wood Wood  LW ³          ³mean mean mean
ֱֱֱִִִִִִִִִִִִִִִִִִִִִִִִִִִִִִִִִִִִִִִִִִִִִִִִִִִִִִִִִִִִִִִִִִִִִִִִִִִִ

 1 1991   5.4  5.4  5.4  0.0   0   0.9    0.9 339  339    0    0  293  404  111
 2 1992  11.7  6.3  6.3  0.0   0   3.4    4.3 316  316    0    0  271  367   96
 3 1993  21.0  9.3  9.3  0.0   0   9.6   13.9 340  340    0    0  261  481  220
 4 1994  46.8 25.8 25.8  0.0   0  55.0   68.8 322  322    0    0  256  484  228
 5 1995  68.4 21.6 21.0  0.6   2  78.2  147.0 330  324  523  199  279  531  252
 6 1996  83.7 15.3 14.7  0.6   3  73.1  220.1 315  306  520  214  245  540  295
 7 1997  97.5 13.8 13.5  0.3   2  78.6  298.6 328  324  514  190  280  514  234
 8 1998 108.0 10.5 10.5  0.0   0  67.8  366.4 325  325    0    0  235  478  243
 9 1999 114.9  6.9  5.7  1.2  17  48.3  414.8 354  318  525  207  253  565  312
10 2000 120.0  5.1  4.5  0.6  11  37.6  452.4 348  324  525  201  255  528  273
11 2001 124.5  4.5  3.9  0.6  13  34.6  487.0 362  332  557  225  281  584  303
12 2002 127.5  3.0  2.1  0.9  30  23.8  510.7 410  330  597  267  285  691  406
13 2003 130.8  3.3  2.4  0.9  27  26.8  537.5 440  377  610  233  350  656  306
14 2004 135.0  4.2  3.0  1.2  28  35.1  572.6 407  357  533  176  319  561  242
15 2005 138.6  3.6  2.7  0.9  24  30.9  603.5 439  381  613  232  326  651  325
16 2006 144.6  6.0  3.6  2.4  40  53.4  656.9 453  391  547  156  320  565  245
17 2007 150.0  5.4  4.5  0.9  16  50.0  706.9 404  363  611  248  302  662  360
18 2008 154.8  4.8  3.3  1.5  31  46.0  752.8 427  358  577  219  328  642  314
19 2009 158.7  3.9  2.7  1.2  30  38.4  791.2 438  371  587  216  311  647  336
20 2010 162.6  3.9  3.0  0.9  23  39.4  830.6 408  358  573  215  275  591  316
21 2011 165.6  3.0  2.4  0.6  20  30.9  861.5 420  374  606  232  306  636  330
22 2012 168.9  3.3  2.4  0.9  27  34.7  896.2 413  355  565  210  304  616  312
23 2013 171.6  2.7  2.1  0.6  22  28.9  925.1 434  388  597  209  299  638  339
24 2014 174.6  3.0  1.8  1.2  40  32.6  957.7 455  362  595  233  305  621  316

Core Length:  175.2 mm
Core Density: 384 kg/m3
Cross-sectional Density:  378 kg/m3
Early/Latewood Threshold: 500 kg/m3
Attenuation Constant: 3.07

ִִִִִִִִִִִִִִִִִִִִִִִִִִִִִִִִִִִִִִִִִִִִִִִִִִִִִִִִִִִִִִִִִִִִִִִִִִִִִִִ
Core : 14
ֲֲֲִִִִִִִִִִִִִִִִִִִִִִִִִִִִִִִִִִִִִִִִִִִִִִִִִִִִִִִִִִִִִִִִִִִִִִִִִִִִ
       ³Widths (mm)              ³ Areas    ³ Densities (kg/m3)
       ³                         ³ (cm‎)    ³
Ring   ³Outer Ring Erly Late   % ³Incr Total³Ring E/Wd L/Wd Unif  Min  Max  Rng
 # Year³ Rad.      Wood Wood  LW ³          ³mean mean mean
ֱֱֱִִִִִִִִִִִִִִִִִִִִִִִִִִִִִִִִִִִִִִִִִִִִִִִִִִִִִִִִִִִִִִִִִִִִִִִִִִִִ

 1 1991   3.3  3.3  1.8  1.5  45   0.3    0.3 447  353  559  206  224  600  376
 2 1992   8.7  5.4  4.2  1.2  22   2.0    2.4 453  436  513   77  365  535  170
 3 1993  34.5 25.8 25.8  0.0   0  35.0   37.4 348  348    0    0  277  408  131
 4 1994  55.8 21.3 21.3  0.0   0  60.4   97.8 316  316    0    0  273  453  180
 5 1995  79.8 24.0 23.7  0.3   1 102.2  200.1 324  322  507  185  262  507  245
 6 1996  97.8 18.0 17.7  0.3   1 100.4  300.5 329  326  517  191  255  517  262
 7 1997 111.0 13.2 11.1  2.1  15  86.6  387.1 377  347  533  186  298  571  273
 8 1998 120.9  9.9  8.7  1.2  12  72.1  459.2 379  360  517  157  273  540  267
 9 1999 129.6  8.7  7.2  1.5  17  68.5  527.7 376  346  521  175  268  550  282
10 2000 135.3  5.7  4.5  1.2  21  47.4  575.1 376  326  562  236  238  604  366
11 2001 141.9  6.6  5.1  1.5  22  57.5  632.6 387  339  550  211  282  578  296
12 2002 147.3  5.4  4.2  1.2  22  49.1  681.6 401  346  594  248  262  641  379
13 2003 153.0  5.7  3.9  1.8  31  53.8  735.4 418  345  577  232  306  646  340
14 2004 158.7  5.7  4.5  1.2  21  55.8  791.2 403  353  594  241  291  616  325
15 2005 164.7  6.0  4.2  1.8  30  61.0  852.2 430  361  591  230  312  632  320
16 2006 171.3  6.6  4.5  2.1  31  69.7  921.9 433  372  564  192  303  610  307
17 2007 176.4  5.1  3.6  1.5  29  55.7  977.6 433  362  604  242  309  656  347
18 2008 180.9  4.5  2.7  1.8  40  50.5 1028.1 460  355  618  263  299  687  388
19 2009 186.6  5.7  3.0  2.7  47  65.8 1093.9 479  381  587  206  310  648  338
20 2010 192.0  5.4  3.3  2.1  38  64.2 1158.1 468  388  592  204  327  661  334
21 2011 198.9  6.9  4.2  2.7  39  84.7 1242.9 468  383  600  217  321  651  330
22 2012 203.4  4.5  2.7  1.8  40  56.9 1299.7 453  366  585  219  291  631  340
23 2013 207.0  3.6  1.8  1.8  49  46.4 1346.1 481  363  598  235  311  686  375
24 2014 210.9  3.9  1.5  2.4  61  51.2 1397.3 508  356  603  247  312  650  338

Core Length:  211.5 mm
Core Density: 414 kg/m3
Cross-sectional Density:  406 kg/m3
Early/Latewood Threshold: 500 kg/m3
Attenuation Constant: 3.07

ִִִִִִִִִִִִִִִִִִִִִִִִִִִִִִִִִִִִִִִִִִִִִִִִִִִִִִִִִִִִִִִִִִִִִִִִִִִִִִִ
Core : 19
ֲֲֲִִִִִִִִִִִִִִִִִִִִִִִִִִִִִִִִִִִִִִִִִִִִִִִִִִִִִִִִִִִִִִִִִִִִִִִִִִִִ
       ³Widths (mm)              ³ Areas    ³ Densities (kg/m3)
       ³                         ³ (cm‎)    ³
Ring   ³Outer Ring Erly Late   % ³Incr Total³Ring E/Wd L/Wd Unif  Min  Max  Rng
 # Year³ Rad.      Wood Wood  LW ³          ³mean mean mean
ֱֱֱִִִִִִִִִִִִִִִִִִִִִִִִִִִִִִִִִִִִִִִִִִִִִִִִִִִִִִִִִִִִִִִִִִִִִִִִִִִִ

 1 1991   3.0  3.0  2.4  0.6  20   0.3    0.3 373  339  505  166  183  511  328
 2 1992  12.0  9.0  9.0  0.0   0   4.2    4.5 344  344    0    0  284  472  188
 3 1993  29.1 17.1 16.2  0.9   5  22.1   26.6 338  328  520  192  288  530  242
 4 1994  51.9 22.8 21.9  0.9   3  58.0   84.6 332  324  509  185  266  519  253
 5 1995  72.6 20.7 19.5  1.2   5  81.0  165.6 346  334  539  205  266  569  303
 6 1996  88.8 16.2 15.3  0.9   5  82.1  247.7 350  339  535  196  279  586  307
 7 1997 102.6 13.8 12.9  0.9   6  83.0  330.7 379  367  555  188  289  569  280
 8 1998 112.5  9.9  7.5  2.4  24  66.9  397.6 399  352  545  193  277  594  317
 9 1999 119.7  7.2  4.8  2.4  33  52.5  450.1 443  375  577  202  307  610  303
10 2000 127.5  7.8  5.7  2.1  26  60.6  510.7 396  336  559  223  243  579  336
11 2001 133.5  6.0  4.2  1.8  30  49.2  559.9 401  342  540  198  272  563  291
12 2002 138.3  4.8  3.0  1.8  37  41.0  600.9 431  336  589  253  265  638  373
13 2003 146.7  8.4  5.4  3.0  35  75.2  676.1 425  343  572  229  275  600  325
14 2004 154.5  7.8  4.8  3.0  38  73.8  749.9 429  349  557  208  287  601  314
15 2005 161.1  6.6  4.5  2.1  31  65.4  815.3 437  364  593  229  275  669  394
16 2006 167.7  6.6  3.9  2.7  40  68.2  883.5 452  378  560  182  319  593  274
17 2007 173.4  5.7  4.2  1.5  26  61.1  944.6 443  374  635  261  312  682  370
18 2008 178.5  5.1  3.0  2.1  41  56.4 1001.0 497  394  645  251  340  712  372
19 2009 182.4  3.9  2.1  1.8  46  44.2 1045.2 505  394  635  241  351  703  352
20 2010 186.6  4.2  2.1  2.1  50  48.7 1093.9 511  405  617  212  368  743  375
21 2011 189.9  3.3  1.5  1.8  54  39.0 1132.9 530  416  626  210  383  667  284
22 2012 193.5  3.6  2.4  1.2  33  43.4 1176.3 476  399  630  231  342  701  359
23 2013 196.2  2.7  0.9  1.8  66  33.1 1209.3 584  436  658  222  417  754  337
24 2014 199.5  3.3  1.5  1.8  54  41.0 1250.4 544  411  655  244  381  696  315

Core Length:  200.7 mm
Core Density: 431 kg/m3
Cross-sectional Density:  428 kg/m3
Early/Latewood Threshold: 500 kg/m3
Attenuation Constant: 3.07

ִִִִִִִִִִִִִִִִִִִִִִִִִִִִִִִִִִִִִִִִִִִִִִִִִִִִִִִִִִִִִִִִִִִִִִִִִִִִִִִ
Core : 24
ֲֲֲִִִִִִִִִִִִִִִִִִִִִִִִִִִִִִִִִִִִִִִִִִִִִִִִִִִִִִִִִִִִִִִִִִִִִִִִִִִִ
       ³Widths (mm)              ³ Areas    ³ Densities (kg/m3)
       ³                         ³ (cm‎)    ³
Ring   ³Outer Ring Erly Late   % ³Incr Total³Ring E/Wd L/Wd Unif  Min  Max  Rng
 # Year³ Rad.      Wood Wood  LW ³          ³mean mean mean
ֱֱֱִִִִִִִִִִִִִִִִִִִִִִִִִִִִִִִִִִִִִִִִִִִִִִִִִִִִִִִִִִִִִִִִִִִִִִִִִִִִ

 1 1991   2.8  2.8  1.8  0.0   0   0.2    0.2 388  388    0    0  329  449  120
 2 1992  12.1  9.3  9.3  0.0   0   4.4    4.6 333  333    0    0  263  455  192
 3 1993  31.0 18.9 18.9  0.0   0  25.6   30.2 355  355    0    0  294  478  184
 4 1994  54.7 23.7 23.7  0.0   0  63.8   94.0 307  307    0    0  236  476  240
 5 1995  79.6 24.9 24.0  0.9   3 105.1  199.1 321  312  578  266  249  605  356
 6 1996  99.7 20.1 19.5  0.6   2 113.2  312.3 331  324  553  229  264  593  329
 7 1997 112.6 12.9 12.0  0.9   6  86.0  398.3 362  347  560  213  282  587  305
 8 1998 123.4 10.8 10.5  0.3   2  80.1  478.4 338  333  515  182  278  515  237
 9 1999 132.4  9.0  9.0  0.0   0  72.3  550.7 353  353    0    0  276  481  205
10 2000 139.3  6.9  6.3  0.6   8  58.9  609.6 369  355  511  156  269  522  253
11 2001 150.4 11.1 10.8  0.3   2 101.0  710.6 345  340  507  167  262  507  245
12 2002 157.0  6.6  6.3  0.3   4  63.7  774.4 338  330  514  184  234  514  280
13 2003 165.1  8.1  7.2  0.9  11  82.0  856.3 382  364  526  162  286  540  254
14 2004 171.4  6.3  6.0  0.3   4  66.6  922.9 364  357  503  146  276  503  227
15 2005 177.1  5.7  5.4  0.3   5  62.4  985.3 346  337  502  165  255  502  247
16 2006 181.6  4.5  4.5  0.0   0  50.7 1036.1 342  342    0    0  281  455  174
17 2007 184.6  3.0  3.0  0.0   0  34.5 1070.6 341  341    0    0  293  460  167
18 2008 185.8  1.2  0.9  0.3  25  14.0 1084.5 451  421  542  121  349  542  193
19 2009 187.9  2.1  1.5  0.6  28  24.7 1109.2 423  383  525  142  334  536  202
20 2010 190.0  2.1  1.8  0.3  14  24.9 1134.1 413  389  557  168  300  557  257
21 2011 193.3  3.3  2.4  0.9  27  39.7 1173.9 428  389  534  145  310  538  228
22 2012 196.6  3.3  2.7  0.6  18  40.4 1214.3 390  355  546  191  283  567  284
23 2013 200.5  3.9  2.7  1.2  30  48.7 1262.9 427  371  552  181  323  602  279
24 2014 203.8  3.3  3.0  0.3   9  41.9 1304.8 416  400  578  178  299  578  279

Core Length:  204.0 mm
Core Density: 369 kg/m3
Cross-sectional Density:  358 kg/m3
Early/Latewood Threshold: 500 kg/m3
Attenuation Constant: 3.07

ִִִִִִִִִִִִִִִִִִִִִִִִִִִִִִִִִִִִִִִִִִִִִִִִִִִִִִִִִִִִִִִִִִִִִִִִִִִִִִִ
Core : 27
ֲֲֲִִִִִִִִִִִִִִִִִִִִִִִִִִִִִִִִִִִִִִִִִִִִִִִִִִִִִִִִִִִִִִִִִִִִִִִִִִִִ
       ³Widths (mm)              ³ Areas    ³ Densities (kg/m3)
       ³                         ³ (cm‎)    ³
Ring   ³Outer Ring Erly Late   % ³Incr Total³Ring E/Wd L/Wd Unif  Min  Max  Rng
 # Year³ Rad.      Wood Wood  LW ³          ³mean mean mean
ֱֱֱִִִִִִִִִִִִִִִִִִִִִִִִִִִִִִִִִִִִִִִִִִִִִִִִִִִִִִִִִִִִִִִִִִִִִִִִִִִִ

 3 1993  22.4 22.4 17.4  0.0   0  15.8   15.8 309  309    0    0  256  388  132
 4 1994  44.6 22.2 22.2  0.0   0  46.7   62.5 280  280    0    0  232  468  236
 5 1995  63.8 19.2 18.6  0.6   3  65.4  127.9 336  330  520  190  270  528  258
 6 1996  78.5 14.7 14.4  0.3   2  65.7  193.6 329  325  509  184  267  509  242
 7 1997  90.8 12.3 12.3  0.0   0  65.4  259.0 335  335    0    0  268  482  214
 8 1998 103.4 12.6 12.0  0.6   4  76.9  335.9 341  332  515  183  248  529  281
 9 1999 115.1 11.7  9.6  2.1  17  80.3  416.2 410  387  514  127  301  544  243
10 2000 125.9 10.8  9.9  0.9   8  81.8  498.0 341  322  550  228  255  562  307
11 2001 136.1 10.2  9.6  0.6   5  84.0  581.9 349  336  554  218  253  574  321
12 2002 145.1  9.0  7.8  1.2  13  79.5  661.4 365  337  546  209  275  575  300
13 2003 156.2 11.1  9.3  1.8  16 105.1  766.5 376  343  546  203  290  596  306
14 2004 167.3 11.1  8.4  2.7  24 112.8  879.3 379  331  526  195  264  555  291
15 2005 176.6  9.3  7.8  1.5  16 100.5  979.8 372  342  527  185  283  593  310
16 2006 185.0  8.4  6.3  2.1  25  95.4 1075.2 411  366  548  182  280  610  330
17 2007 193.7  8.7  7.2  1.5  17 103.5 1178.7 380  340  573  233  296  642  346
18 2008 200.6  6.9  4.8  2.1  30  85.5 1264.2 416  357  552  195  323  603  280
19 2009 206.6  6.0  4.5  1.5  25  76.8 1340.9 422  367  588  221  309  607  298
20 2010 212.9  6.3  4.5  1.8  28  83.0 1424.0 436  376  586  210  330  624  294
21 2011 218.3  5.4  3.9  1.5  27  73.2 1497.1 426  384  537  153  334  586  252
22 2012 221.9  3.6  3.0  0.6  16  49.8 1546.9 379  346  544  198  298  572  274
23 2013 224.9  3.0  2.7  0.3  10  42.1 1589.0 385  372  508  136  319  508  189
24 2014 229.7  4.8  3.0  1.8  37  68.6 1657.6 429  367  531  164  318  541  223

Core Length:  225.3 mm
Core Density: 373 kg/m3
Cross-sectional Density:  378 kg/m3
Early/Latewood Threshold: 500 kg/m3
Attenuation Constant: 3.07

ִִִִִִִִִִִִִִִִִִִִִִִִִִִִִִִִִִִִִִִִִִִִִִִִִִִִִִִִִִִִִִִִִִִִִִִִִִִִִִִ
Core : 29
ֲֲֲִִִִִִִִִִִִִִִִִִִִִִִִִִִִִִִִִִִִִִִִִִִִִִִִִִִִִִִִִִִִִִִִִִִִִִִִִִִִ
       ³Widths (mm)              ³ Areas    ³ Densities (kg/m3)
       ³                         ³ (cm‎)    ³
Ring   ³Outer Ring Erly Late   % ³Incr Total³Ring E/Wd L/Wd Unif  Min  Max  Rng
 # Year³ Rad.      Wood Wood  LW ³          ³mean mean mean
ֱֱֱִִִִִִִִִִִִִִִִִִִִִִִִִִִִִִִִִִִִִִִִִִִִִִִִִִִִִִִִִִִִִִִִִִִִִִִִִִִִ

 1 1992   5.8  5.8  4.8  0.0   0   1.1    1.1 358  358    0    0  140  471  331
 2 1993  16.6 10.8 10.8  0.0   0   7.6    8.7 333  333    0    0  254  442  188
 3 1994  38.8 22.2 22.2  0.0   0  38.6   47.3 297  297    0    0  226  473  247
 4 1995  62.2 23.4 22.5  0.9   3  74.2  121.5 306  297  531  234  243  548  305
 5 1996  76.9 14.7 14.4  0.3   2  64.2  185.8 337  333  532  199  270  532  262
 6 1997  87.1 10.2  9.3  0.9   8  52.6  238.3 365  349  528  179  305  548  243
 7 1998  95.2  8.1  8.1  0.0   0  46.4  284.7 331  331    0    0  245  471  226
 8 1999  99.7  4.5  3.3  1.2  26  27.6  312.3 409  370  516  146  294  523  229
 9 2000 104.5  4.8  4.2  0.6  12  30.8  343.1 397  369  595  226  280  597  317
10 2001 109.3  4.8  4.2  0.6  12  32.2  375.3 396  375  546  171  310  552  242
11 2002 112.6  3.3  1.5  1.8  54  23.0  398.3 461  345  558  213  316  642  326
12 2003 117.4  4.8  3.0  1.8  37  34.7  433.0 466  393  588  195  346  647  301
13 2004 122.5  5.1  3.9  1.2  23  38.4  471.4 442  397  589  192  331  622  291
14 2005 127.6  5.1  3.9  1.2  23  40.1  511.5 446  397  606  209  324  625  301
15 2006 131.8  4.2  3.3  0.9  21  34.2  545.7 436  399  571  172  343  624  281
16 2007 133.9  2.1  1.2  0.9  42  17.5  563.3 474  407  563  156  358  663  305
17 2008 136.3  2.4  1.5  0.9  37  20.4  583.6 510  432  639  207  369  692  323
18 2009 138.7  2.4  1.2  1.2  49  20.7  604.4 509  422  596  174  385  696  311
19 2010 141.1  2.4  1.5  0.9  37  21.1  625.5 478  441  538   97  404  551  147
20 2011 142.3  1.2  1.2  0.0   0  10.7  636.2 450  450    0    0  408  486   78
21 2012 142.9  0.6  0.3  0.3  49   5.4  641.5 505  436  574  138  436  574  138
22 2013 143.2  0.3  0.3  0.0   0   2.7  644.2 454  454    0    0  454  454    0
23 2014 143.5  0.3  0.0  0.3 100   2.7  646.9 630    0  630  630  630  630    0

Core Length:  142.5 mm
Core Density: 425 kg/m3
Cross-sectional Density:  395 kg/m3
Early/Latewood Threshold: 500 kg/m3
Attenuation Constant: 3.07

ִִִִִִִִִִִִִִִִִִִִִִִִִִִִִִִִִִִִִִִִִִִִִִִִִִִִִִִִִִִִִִִִִִִִִִִִִִִִִִִ
Core : 31
ֲֲֲִִִִִִִִִִִִִִִִִִִִִִִִִִִִִִִִִִִִִִִִִִִִִִִִִִִִִִִִִִִִִִִִִִִִִִִִִִִִ
       ³Widths (mm)              ³ Areas    ³ Densities (kg/m3)
       ³                         ³ (cm‎)    ³
Ring   ³Outer Ring Erly Late   % ³Incr Total³Ring E/Wd L/Wd Unif  Min  Max  Rng
 # Year³ Rad.      Wood Wood  LW ³          ³mean mean mean
ֱֱֱִִִִִִִִִִִִִִִִִִִִִִִִִִִִִִִִִִִִִִִִִִִִִִִִִִִִִִִִִִִִִִִִִִִִִִִִִִִִ

 2 1993   9.4  9.4  8.4  0.0   0   2.8    2.8 349  349    0    0  312  463  151
 3 1994  29.2 19.8 18.9  0.9   4  24.0   26.8 333  324  532  208  267  541  274
 4 1995  49.3 20.1 18.9  1.2   5  49.6   76.4 350  337  567  230  275  595  320
 5 1996  68.8 19.5 18.0  1.5   7  72.3  148.7 369  355  542  187  269  579  310
 6 1997  83.5 14.7 14.1  0.6   4  70.3  219.0 372  366  514  148  316  516  200
 7 1998  94.9 11.4 11.1  0.3   2  63.9  282.9 384  381  507  126  308  507  199
 8 1999 103.0  8.1  6.3  1.8  22  50.4  333.3 405  371  525  154  300  557  257
 9 2000 108.4  5.4  4.5  0.9  16  35.9  369.2 397  364  564  200  296  623  327
10 2001 112.0  3.6  2.7  0.9  24  24.9  394.1 420  367  578  211  303  627  324
11 2002 115.3  3.3  1.8  1.5  45  23.6  417.6 461  340  607  267  300  662  362
12 2003 120.7  5.4  3.9  1.5  27  40.0  457.7 443  378  613  235  330  702  372
13 2004 125.2  4.5  3.3  1.2  26  34.8  492.4 433  365  619  254  324  657  333
14 2005 129.1  3.9  3.0  0.9  23  31.2  523.6 441  382  639  257  321  705  384
15 2006 133.6  4.5  3.0  1.5  33  37.1  560.7 449  385  576  191  310  624  314
16 2007 137.8  4.2  3.0  1.2  28  35.8  596.6 464  392  644  252  317  697  380
17 2008 142.0  4.2  2.7  1.5  35  36.9  633.5 473  387  628  241  317  685  368
18 2009 145.3  3.3  2.1  1.2  36  29.8  663.3 490  405  638  233  355  684  329
19 2010 148.6  3.3  1.8  1.5  45  30.5  693.7 501  410  610  200  343  684  341
20 2011 152.5  3.9  2.4  1.5  38  36.9  730.6 477  400  599  199  358  640  282
21 2012 155.2  2.7  1.8  0.9  33  26.1  756.7 461  405  574  169  366  642  276
22 2013 159.1  3.9  2.4  1.5  38  38.5  795.2 473  400  590  190  343  658  315
23 2014 161.5  2.4  1.5  0.9  37  24.2  819.4 478  406  598  192  360  648  288

Core Length:  161.4 mm
Core Density: 428 kg/m3
Cross-sectional Density:  422 kg/m3
Early/Latewood Threshold: 500 kg/m3
Attenuation Constant: 3.07

ִִִִִִִִִִִִִִִִִִִִִִִִִִִִִִִִִִִִִִִִִִִִִִִִִִִִִִִִִִִִִִִִִִִִִִִִִִִִִִִ
Core : 35
ֲֲֲִִִִִִִִִִִִִִִִִִִִִִִִִִִִִִִִִִִִִִִִִִִִִִִִִִִִִִִִִִִִִִִִִִִִִִִִִִִִ
       ³Widths (mm)              ³ Areas    ³ Densities (kg/m3)
       ³                         ³ (cm‎)    ³
Ring   ³Outer Ring Erly Late   % ³Incr Total³Ring E/Wd L/Wd Unif  Min  Max  Rng
 # Year³ Rad.      Wood Wood  LW ³          ³mean mean mean
ֱֱֱִִִִִִִִִִִִִִִִִִִִִִִִִִִִִִִִִִִִִִִִִִִִִִִִִִִִִִִִִִִִִִִִִִִִִִִִִִִִ

 3 1993  22.2 22.2 16.2  0.0   0  15.5   15.5 364  364    0    0  310  490  180
 4 1994  44.7 22.5 21.9  0.6   2  47.3   62.8 349  345  519  174  282  526  244
 5 1995  69.6 24.9 24.0  0.9   3  89.4  152.2 351  345  520  175  280  544  264
 6 1996  94.2 24.6 23.4  1.2   4 126.6  278.8 336  325  538  213  275  565  290
 7 1997 114.6 20.4 19.8  0.6   2 133.8  412.6 351  346  510  164  282  512  230
 8 1998 132.9 18.3 18.3  0.0   0 142.3  554.9 337  337    0    0  264  459  195
 9 1999 147.3 14.4 12.9  1.5  10 126.8  681.6 353  333  520  187  245  540  295
10 2000 158.4 11.1 10.5  0.6   5 106.6  788.2 351  342  506  164  252  511  259
11 2001 170.1 11.7  9.0  2.7  23 120.7  909.0 374  329  525  196  250  563  313
12 2002 179.4  9.3  7.2  2.1  22 102.1 1011.1 410  366  559  193  282  610  328
13 2003 189.3  9.9  8.4  1.5  15 114.7 1125.8 372  339  559  220  291  596  305
14 2004 198.9  9.6  6.9  2.7  28 117.1 1242.9 395  334  551  217  280  579  299
15 2005 206.4  7.5  6.6  0.9  12  95.5 1338.3 378  348  600  252  277  635  358
16 2006 210.3  3.9  3.3  0.6  15  51.1 1389.4 377  350  530  180  300  541  241
17 2007 213.3  3.0  2.4  0.6  20  39.9 1429.3 387  328  622  294  301  628  327
18 2008 216.0  2.7  1.5  1.2  44  36.4 1465.7 473  363  612  249  315  660  345
19 2009 219.6  3.6  3.0  0.6  16  49.3 1515.0 421  378  637  259  329  647  318
20 2010 222.3  2.7  2.1  0.6  22  37.5 1552.5 405  369  531  162  333  532  199
21 2011 223.8  1.5  0.9  0.6  40  21.0 1573.5 447  375  555  180  326  558  232
22 2012 225.3  1.5  1.2  0.3  20  21.2 1594.7 420  373  607  234  335  607  272
23 2013 226.5  1.2  0.6  0.6  49  17.0 1611.7 470  342  598  256  322  603  281
24 2014 228.0  1.5  0.9  0.6  40  21.4 1633.1 482  383  630  247  341  639  298

Core Length:  222.3 mm
Core Density: 391 kg/m3
Cross-sectional Density:  373 kg/m3
Early/Latewood Threshold: 500 kg/m3
Attenuation Constant: 3.07

ִִִִִִִִִִִִִִִִִִִִִִִִִִִִִִִִִִִִִִִִִִִִִִִִִִִִִִִִִִִִִִִִִִִִִִִִִִִִִִִ
Core : 39
ֲֲֲִִִִִִִִִִִִִִִִִִִִִִִִִִִִִִִִִִִִִִִִִִִִִִִִִִִִִִִִִִִִִִִִִִִִִִִִִִִִ
       ³Widths (mm)              ³ Areas    ³ Densities (kg/m3)
       ³                         ³ (cm‎)    ³
Ring   ³Outer Ring Erly Late   % ³Incr Total³Ring E/Wd L/Wd Unif  Min  Max  Rng
 # Year³ Rad.      Wood Wood  LW ³          ³mean mean mean
ֱֱֱִִִִִִִִִִִִִִִִִִִִִִִִִִִִִִִִִִִִִִִִִִִִִִִִִִִִִִִִִִִִִִִִִִִִִִִִִִִִ

 4 1994  29.4 29.4 26.1  0.3   1  27.2   27.2 381  380  500  120  125  500  375
 5 1995  54.9 25.5 25.2  0.3   1  67.5   94.7 329  327  526  199  272  526  254
 6 1996  71.7 16.8 16.8  0.0   0  66.8  161.5 340  340    0    0  273  494  221
 7 1997  83.4 11.7 11.4  0.3   2  57.0  218.5 373  369  530  161  294  530  236
 8 1998  93.6 10.2 10.2  0.0   0  56.7  275.2 358  358    0    0  280  487  207
 9 1999  98.4  4.8  4.8  0.0   0  29.0  304.2 380  380    0    0  293  489  196
10 2000 103.2  4.8  3.6  1.2  24  30.4  334.6 417  378  535  157  278  578  300
11 2001 110.1  6.9  5.4  1.5  21  46.2  380.8 412  375  545  170  314  585  271
12 2002 114.3  4.2  2.4  1.8  42  29.6  410.4 454  359  582  223  290  642  352
13 2003 122.7  8.4  6.0  2.4  28  62.5  473.0 429  377  560  183  320  603  283
14 2004 129.3  6.6  4.5  2.1  31  52.3  525.2 427  364  560  196  293  603  310
15 2005 135.3  6.0  4.2  1.8  30  49.9  575.1 443  374  602  228  316  629  313
16 2006 141.6  6.3  3.9  2.4  38  54.8  629.9 457  385  575  190  321  638  317
17 2007 146.1  4.5  3.0  1.5  33  40.7  670.6 462  398  590  192  336  663  327
18 2008 149.1  3.0  1.5  1.5  50  27.8  698.4 503  399  608  209  358  658  300
19 2009 152.1  3.0  1.8  1.2  40  28.4  726.8 471  394  586  192  360  645  285
20 2010 154.8  2.7  1.8  0.9  33  26.0  752.8 493  430  617  187  366  673  307
21 2011 156.3  1.5  0.6  0.9  60  14.7  767.5 505  400  575  175  382  640  258
22 2012 158.4  2.1  0.9  1.2  57  20.8  788.2 496  389  576  187  369  617  248
23 2013 159.3  0.9  0.6  0.3  33   9.0  797.2 496  440  608  168  431  608  177
24 2014 160.2  0.9  0.6  0.3  33   9.0  806.3 443  411  507   96  327  507  180

Core Length:  157.5 mm
Core Density: 431 kg/m3
Cross-sectional Density:  414 kg/m3
Early/Latewood Threshold: 500 kg/m3
Attenuation Constant: 3.07

ִִִִִִִִִִִִִִִִִִִִִִִִִִִִִִִִִִִִִִִִִִִִִִִִִִִִִִִִִִִִִִִִִִִִִִִִִִִִִִִ
Core : 43
ֲֲֲִִִִִִִִִִִִִִִִִִִִִִִִִִִִִִִִִִִִִִִִִִִִִִִִִִִִִִִִִִִִִִִִִִִִִִִִִִִִ
       ³Widths (mm)              ³ Areas    ³ Densities (kg/m3)
       ³                         ³ (cm‎)    ³
Ring   ³Outer Ring Erly Late   % ³Incr Total³Ring E/Wd L/Wd Unif  Min  Max  Rng
 # Year³ Rad.      Wood Wood  LW ³          ³mean mean mean
ֱֱֱִִִִִִִִִִִִִִִִִִִִִִִִִִִִִִִִִִִִִִִִִִִִִִִִִִִִִִִִִִִִִִִִִִִִִִִִִִִִ

 3 1993  26.7 26.7 17.7  0.0   0  22.4   22.4 346  346    0    0  258  491  233
 4 1994  46.8 20.1 19.8  0.3   1  46.4   68.8 327  324  500  176  273  500  227
 5 1995  69.3 22.5 21.0  1.5   6  82.1  150.9 361  350  514  164  292  528  236
 6 1996  86.4 17.1 17.1  0.0   0  83.6  234.5 363  363    0    0  258  499  241
 7 1997 102.0 15.6 15.6  0.0   0  92.3  326.9 369  369    0    0  279  482  203
 8 1998 115.8 13.8 13.8  0.0   0  94.4  421.3 350  350    0    0  257  461  204
 9 1999 123.3  7.5  6.9  0.6   8  56.3  477.6 420  410  532  122  301  557  256
10 2000 133.8 10.5  9.0  1.5  14  84.8  562.4 390  370  513  143  261  524  263
11 2001 141.6  7.8  7.5  0.3   3  67.5  629.9 393  388  513  125  317  513  196
12 2002 148.5  6.9  4.8  2.1  30  62.9  692.8 416  368  526  158  285  561  276
13 2003 163.2 14.7 13.5  1.2   8 143.9  836.7 409  399  523  124  321  562  241
14 2004 174.3 11.1 10.5  0.6   5 117.7  954.4 360  348  560  212  287  610  323
15 2005 187.2 12.9 12.3  0.6   4 146.5 1100.9 380  373  521  148  287  538  251
16 2006 195.9  8.7  8.4  0.3   3 104.7 1205.6 388  384  503  119  285  503  218
17 2007 204.3  8.4  6.9  1.5  17 105.6 1311.3 401  371  542  171  294  573  279
18 2008 212.4  8.1  4.8  3.3  40 106.0 1417.3 466  387  582  195  323  625  302
19 2009 221.1  8.7  5.4  3.3  37 118.5 1535.8 458  388  574  186  341  604  263
20 2010 227.7  6.6  4.8  1.8  27  93.1 1628.8 430  387  545  158  325  565  240
21 2011 231.9  4.2  2.4  1.8  42  60.6 1689.5 439  373  529  156  311  547  236
22 2012 236.7  4.8  3.9  0.9  18  70.7 1760.1 403  375  526  151  311  539  228
23 2013 239.1  2.4  2.4  0.0   0  35.9 1796.0 389  389    0    0  320  465  145
24 2014 242.7  3.6  2.7  0.9  24  54.5 1850.5 420  384  530  146  316  552  236

Core Length:  234.0 mm
Core Density: 394 kg/m3
Cross-sectional Density:  397 kg/m3
Early/Latewood Threshold: 500 kg/m3
Attenuation Constant: 3.07

ִִִִִִִִִִִִִִִִִִִִִִִִִִִִִִִִִִִִִִִִִִִִִִִִִִִִִִִִִִִִִִִִִִִִִִִִִִִִִִִ
Core : 48
ֲֲֲִִִִִִִִִִִִִִִִִִִִִִִִִִִִִִִִִִִִִִִִִִִִִִִִִִִִִִִִִִִִִִִִִִִִִִִִִִִִ
       ³Widths (mm)              ³ Areas    ³ Densities (kg/m3)
       ³                         ³ (cm‎)    ³
Ring   ³Outer Ring Erly Late   % ³Incr Total³Ring E/Wd L/Wd Unif  Min  Max  Rng
 # Year³ Rad.      Wood Wood  LW ³          ³mean mean mean
ֱֱֱִִִִִִִִִִִִִִִִִִִִִִִִִִִִִִִִִִִִִִִִִִִִִִִִִִִִִִִִִִִִִִִִִִִִִִִִִִִִ

 4 1994  16.5 16.5 10.2  0.3   1   8.6    8.6 364  360  503  143  280  503  223
 5 1995  42.6 26.1 24.9  1.2   4  48.5   57.0 323  313  537  224  237  546  309
 6 1996  67.2 24.6 23.7  0.9   3  84.9  141.9 344  337  535  198  276  577  301
 7 1997  81.0 13.8 12.3  1.5  10  64.3  206.1 385  367  534  167  274  576  302
 8 1998  92.7 11.7 10.8  0.9   7  63.8  270.0 360  346  527  181  285  544  259
 9 1999 105.6 12.9 12.3  0.6   4  80.4  350.3 372  365  503  138  261  507  246
10 2000 116.1 10.5  8.4  2.1  20  73.1  423.5 395  360  534  174  284  561  277
11 2001 122.4  6.3  4.8  1.5  23  47.2  470.7 402  345  585  240  268  613  345
12 2002 126.9  4.5  3.0  1.5  33  35.2  505.9 432  365  567  202  308  630  322
13 2003 129.9  3.0  1.5  1.5  49  24.2  530.1 492  371  612  241  321  645  324
14 2004 135.0  5.1  3.6  1.5  29  42.4  572.6 450  380  616  236  338  690  352
15 2005 140.1  5.1  3.0  2.1  41  44.1  616.6 460  360  603  243  331  659  328
16 2006 144.0  3.9  2.7  1.2  30  34.8  651.4 431  379  550  171  324  659  335
17 2007 150.0  6.0  3.6  2.4  40  55.4  706.9 470  386  596  210  303  620  317
18 2008 153.9  3.9  3.0  0.9  23  37.2  744.1 428  376  605  229  311  702  391
19 2009 156.3  2.4  1.5  0.9  37  23.4  767.5 453  353  619  266  334  718  384
20 2010 157.5  1.2  1.2  0.0   0  11.8  779.3 398  398    0    0  348  453  105
21 2011 158.4  0.9  0.6  0.3  33   8.9  788.2 488  431  601  170  412  601  189
22 2012 159.0  0.6  0.6  0.0   0   6.0  794.2 429  429    0    0  377  481  104
23 2013 159.9  0.9  0.6  0.3  33   9.0  803.2 460  427  527  100  371  527  156
24 2014 160.5  0.6  0.6  0.0   0   6.0  809.3 438  438    0    0  384  493  109

Core Length:  154.8 mm
Core Density: 417 kg/m3
Cross-sectional Density:  402 kg/m3
Early/Latewood Threshold: 500 kg/m3
Attenuation Constant: 3.07

