File : C:\DENSITOM\BLUEMO~2\BLMT19.DAT
Cores :
1
8
10
13
15
17
26
31
35
43
45
57
58
63

ִִִִִִִִִִִִִִִִִִִִִִִִִִִִִִִִִִִִִִִִִִִִִִִִִִִִִִִִִִִִִִִִִִִִִִִִִִִִִִִ
Core : 1
ֲֲֲִִִִִִִִִִִִִִִִִִִִִִִִִִִִִִִִִִִִִִִִִִִִִִִִִִִִִִִִִִִִִִִִִִִִִִִִִִִִ
       ³Widths (mm)              ³ Areas    ³ Densities (kg/m3)
       ³                         ³ (cm‎)    ³
Ring   ³Outer Ring Erly Late   % ³Incr Total³Ring E/Wd L/Wd Unif  Min  Max  Rng
 # Year³ Rad.      Wood Wood  LW ³          ³mean mean mean
ֱֱֱִִִִִִִִִִִִִִִִִִִִִִִִִִִִִִִִִִִִִִִִִִִִִִִִִִִִִִִִִִִִִִִִִִִִִִִִִִִִ

 4 1997  22.3 22.3 18.3  0.0   0  15.6   15.6 348  348    0    0  293  487  194
 5 1998  40.0 17.7 16.2  1.5   8  34.6   50.3 374  361  514  153  274  529  255
 6 1999  55.9 15.9 15.0  0.9   5  47.9   98.2 381  373  505  132  294  512  218
 7 2000  72.4 16.5 16.5  0.0   0  66.5  164.7 370  370    0    0  281  499  218
 8 2001  84.4 12.0 12.0  0.0   0  59.1  223.8 356  356    0    0  311  441  130
 9 2002  94.0  9.6  9.6  0.0   0  53.8  277.6 346  346    0    0  297  480  183
10 2003 103.6  9.6  9.6  0.0   0  59.6  337.2 346  346    0    0  282  447  165
11 2004 113.5  9.9  9.9  0.0   0  67.5  404.7 362  362    0    0  303  477  174
12 2005 123.4  9.9  9.6  0.3   3  73.7  478.4 362  357  505  148  281  505  224
13 2006 132.4  9.0  8.4  0.6   6  72.3  550.7 362  351  519  168  291  531  240
14 2007 141.4  9.0  8.4  0.6   6  77.4  628.1 360  349  515  166  279  519  240
15 2008 149.2  7.8  7.2  0.6   7  71.2  699.3 377  363  556  193  291  589  298
16 2009 156.7  7.5  6.9  0.6   8  72.1  771.4 372  357  544  187  302  573  271
17 2010 164.5  7.8  6.9  0.9  11  78.7  850.1 373  348  560  212  295  580  285
18 2011 173.2  8.7  8.4  0.3   3  92.3  942.4 369  362  572  210  270  572  302
19 2012 181.6  8.4  7.2  1.2  14  93.6 1036.1 383  354  551  197  276  614  338
20 2013 189.4  7.8  6.9  0.9  11  90.9 1127.0 395  373  567  194  307  609  302
21 2014 195.4  6.0  5.7  0.3   5  72.5 1199.5 391  384  525  141  322  525  203
22 2015 201.1  5.7  5.4  0.3   5  71.0 1270.5 387  379  518  139  310  518  208
23 2016 207.1  6.0  5.4  0.6  10  76.9 1347.4 388  372  534  162  292  540  248

Core Length:  206.7 mm
Core Density: 370 kg/m3
Cross-sectional Density:  371 kg/m3
Early/Latewood Threshold: 500 kg/m3
Attenuation Constant: 3.17

ִִִִִִִִִִִִִִִִִִִִִִִִִִִִִִִִִִִִִִִִִִִִִִִִִִִִִִִִִִִִִִִִִִִִִִִִִִִִִִִ
Core : 8
ֲֲֲִִִִִִִִִִִִִִִִִִִִִִִִִִִִִִִִִִִִִִִִִִִִִִִִִִִִִִִִִִִִִִִִִִִִִִִִִִִִ
       ³Widths (mm)              ³ Areas    ³ Densities (kg/m3)
       ³                         ³ (cm‎)    ³
Ring   ³Outer Ring Erly Late   % ³Incr Total³Ring E/Wd L/Wd Unif  Min  Max  Rng
 # Year³ Rad.      Wood Wood  LW ³          ³mean mean mean
ֱֱֱִִִִִִִִִִִִִִִִִִִִִִִִִִִִִִִִִִִִִִִִִִִִִִִִִִִִִִִִִִִִִִִִִִִִִִִִִִִִ

 3 1996  20.7 20.7 14.7  0.0   0  13.5   13.5 323  323    0    0  285  432  147
 4 1997  38.7 18.0 17.4  0.6   3  33.6   47.1 348  342  531  189  279  557  278
 5 1998  56.1 17.4 16.2  1.2   6  51.8   98.9 362  348  546  198  305  577  272
 6 1999  71.7 15.6 14.4  1.2   7  62.6  161.5 368  353  547  194  286  578  292
 7 2000  90.0 18.3 16.2  2.1  11  93.0  254.5 381  360  544  184  311  603  292
 8 2001 106.5 16.5 15.6  0.9   5 101.9  356.3 406  399  523  124  341  554  213
 9 2002 123.9 17.4 16.5  0.9   5 125.9  482.3 369  360  534  174  305  553  248
10 2003 137.7 13.8 12.9  0.9   6 113.4  595.7 403  393  544  151  338  577  239
11 2004 150.0 12.3 11.7  0.6   4 111.2  706.9 408  398  589  191  329  598  269
12 2005 163.8 13.8 12.9  0.9   6 136.0  842.9 377  366  529  163  315  546  231
13 2006 176.4 12.6 11.4  1.2   9 134.7  977.6 403  388  540  152  333  569  236
14 2007 188.1 11.7 10.5  1.2  10 134.0 1111.5 419  405  539  134  357  574  217
15 2008 199.8 11.7  9.6  2.1  17 142.6 1254.1 436  413  540  127  362  600  238
16 2009 210.9 11.1  9.9  1.2  10 143.2 1397.3 414  396  555  159  335  612  277
17 2010 219.6  8.7  6.6  2.1  24 117.7 1515.0 462  431  560  129  383  617  234
18 2011 228.0  8.4  7.5  0.9  10 118.1 1633.1 424  411  530  119  340  558  218
19 2012 235.2  7.2  6.0  1.2  16 104.8 1737.9 449  428  554  126  366  625  259
20 2013 242.1  6.9  4.8  2.1  30 103.5 1841.4 479  435  579  144  392  670  278
21 2014 249.0  6.9  6.3  0.6   8 106.5 1947.8 464  447  645  198  389  688  299
22 2015 255.0  6.0  3.3  2.7  45  95.0 2042.8 504  447  574  127  421  637  216
23 2016 260.7  5.7  3.9  1.8  31  92.3 2135.2 489  451  570  119  412  627  215

Core Length:  257.7 mm
Core Density: 413 kg/m3
Cross-sectional Density:  420 kg/m3
Early/Latewood Threshold: 500 kg/m3
Attenuation Constant: 3.17

ִִִִִִִִִִִִִִִִִִִִִִִִִִִִִִִִִִִִִִִִִִִִִִִִִִִִִִִִִִִִִִִִִִִִִִִִִִִִִִִ
Core : 10
ֲֲֲִִִִִִִִִִִִִִִִִִִִִִִִִִִִִִִִִִִִִִִִִִִִִִִִִִִִִִִִִִִִִִִִִִִִִִִִִִִִ
       ³Widths (mm)              ³ Areas    ³ Densities (kg/m3)
       ³                         ³ (cm‎)    ³
Ring   ³Outer Ring Erly Late   % ³Incr Total³Ring E/Wd L/Wd Unif  Min  Max  Rng
 # Year³ Rad.      Wood Wood  LW ³          ³mean mean mean
ֱֱֱִִִִִִִִִִִִִִִִִִִִִִִִִִִִִִִִִִִִִִִִִִִִִִִִִִִִִִִִִִִִִִִִִִִִִִִִִִִִ

 3 1996  20.6 20.6 12.6  0.0   0  13.3   13.3 300  300    0    0  252  413  161
 4 1997  40.1 19.5 19.5  0.0   0  37.2   50.5 329  329    0    0  272  481  209
 5 1998  60.2 20.1 19.8  0.3   1  63.3  113.9 322  319  514  195  274  514  240
 6 1999  77.9 17.7 17.1  0.6   3  76.8  190.6 322  315  506  191  268  513  245
 7 2000  97.4 19.5 19.2  0.3   1 107.4  298.0 320  317  509  192  268  509  241
 8 2001 114.5 17.1 17.1  0.0   0 113.8  411.9 329  329    0    0  255  477  222
 9 2002 130.7 16.2 16.2  0.0   0 124.8  536.7 307  307    0    0  239  469  230
10 2003 143.9 13.2 12.9  0.3   2 113.9  650.5 317  313  505  192  255  505  250
11 2004 152.3  8.4  8.4  0.0   0  78.2  728.7 330  330    0    0  266  445  179
12 2005 161.3  9.0  8.7  0.3   3  88.7  817.4 299  292  505  213  246  505  259
13 2006 169.4  8.1  7.8  0.3   3  84.2  901.5 328  320  538  218  272  538  266
14 2007 177.5  8.1  8.1  0.0   0  88.3  989.8 322  322    0    0  277  470  193
15 2008 184.4  6.9  6.6  0.3   4  78.4 1068.2 353  343  558  215  270  558  288
16 2009 190.1  5.7  5.4  0.3   5  67.1 1135.3 342  331  536  205  286  536  250
17 2010 195.2  5.1  4.8  0.3   5  61.7 1197.0 372  362  532  170  299  532  233
18 2011 198.5  3.3  3.3  0.0   0  40.8 1237.9 364  364    0    0  277  487  210
19 2012 202.4  3.9  3.6  0.3   7  49.1 1287.0 382  370  524  154  314  524  210
20 2013 206.0  3.6  3.0  0.6  16  46.2 1333.2 390  349  600  251  300  668  368
21 2014 209.3  3.3  3.0  0.3   9  43.1 1376.2 386  374  512  138  310  512  202
22 2015 212.0  2.7  2.1  0.6  22  35.7 1412.0 413  370  564  194  317  576  259
23 2016 214.7  2.7  2.4  0.3  11  36.2 1448.2 417  397  572  175  317  572  255

Core Length:  207.9 mm
Core Density: 344 kg/m3
Cross-sectional Density:  336 kg/m3
Early/Latewood Threshold: 500 kg/m3
Attenuation Constant: 3.17

ִִִִִִִִִִִִִִִִִִִִִִִִִִִִִִִִִִִִִִִִִִִִִִִִִִִִִִִִִִִִִִִִִִִִִִִִִִִִִִִ
Core : 13
ֲֲֲִִִִִִִִִִִִִִִִִִִִִִִִִִִִִִִִִִִִִִִִִִִִִִִִִִִִִִִִִִִִִִִִִִִִִִִִִִִִ
       ³Widths (mm)              ³ Areas    ³ Densities (kg/m3)
       ³                         ³ (cm‎)    ³
Ring   ³Outer Ring Erly Late   % ³Incr Total³Ring E/Wd L/Wd Unif  Min  Max  Rng
 # Year³ Rad.      Wood Wood  LW ³          ³mean mean mean
ֱֱֱִִִִִִִִִִִִִִִִִִִִִִִִִִִִִִִִִִִִִִִִִִִִִִִִִִִִִִִִִִִִִִִִִִִִִִִִִִִִ

 3 1995  13.3 13.3 12.3  0.0   0   5.6    5.6 319  319    0    0  286  422  136
 4 1996  28.9 15.6 15.6  0.0   0  20.7   26.2 315  315    0    0  276  410  134
 5 1997  45.1 16.2 16.2  0.0   0  37.7   63.9 312  312    0    0  256  468  212
 6 1998  64.9 19.8 19.2  0.6   3  68.4  132.3 330  323  545  222  277  550  273
 7 1999  82.6 17.7 17.1  0.6   3  82.0  214.3 337  330  546  216  259  551  292
 8 2000 104.8 22.2 21.3  0.9   4 130.7  345.0 346  338  538  200  285  540  255
 9 2001 125.2 20.4 19.5  0.9   4 147.4  492.4 354  347  508  161  284  523  239
10 2002 143.5 18.3 17.7  0.6   3 154.5  646.9 344  337  549  212  299  557  258
11 2003 158.2 14.7 14.1  0.6   4 139.3  786.3 369  361  560  199  305  561  256
12 2004 172.6 14.4 13.5  0.9   6 149.7  935.9 386  375  545  170  314  572  258
13 2005 190.3 17.7 16.8  0.9   5 201.8 1137.7 358  346  575  229  295  619  324
14 2006 206.8 16.5 15.9  0.6   3 205.8 1343.5 390  386  510  124  335  517  182
15 2007 218.5 11.7 11.4  0.3   2 156.3 1499.9 371  366  550  184  332  550  218
16 2008 228.7 10.2  9.6  0.6   5 143.3 1643.2 396  387  549  162  323  579  256
17 2009 240.1 11.4 10.8  0.6   5 167.9 1811.1 376  367  530  163  316  556  240
18 2010 249.4  9.3  8.1  1.2  12 143.0 1954.1 409  389  548  159  349  595  246
19 2011 260.2 10.8 10.2  0.6   5 172.9 2127.0 372  363  539  176  311  560  249
20 2012 271.3 11.1 10.2  0.9   8 185.3 2312.3 386  372  551  179  314  589  275
21 2013 280.0  8.7  7.5  1.2  13 150.7 2463.0 401  377  553  176  331  588  257
22 2014 289.3  9.3  8.7  0.6   6 166.3 2629.3 386  377  516  139  327  522  195
23 2015 297.4  8.1  7.2  0.9  11 149.3 2778.6 403  386  541  155  328  578  250
24 2016 305.5  8.1  7.2  0.9  11 153.4 2932.1 404  385  559  174  316  610  294

Core Length:  308.1 mm
Core Density: 366 kg/m3
Cross-sectional Density:  375 kg/m3
Early/Latewood Threshold: 500 kg/m3
Attenuation Constant: 3.17

ִִִִִִִִִִִִִִִִִִִִִִִִִִִִִִִִִִִִִִִִִִִִִִִִִִִִִִִִִִִִִִִִִִִִִִִִִִִִִִִ
Core : 15
ֲֲֲִִִִִִִִִִִִִִִִִִִִִִִִִִִִִִִִִִִִִִִִִִִִִִִִִִִִִִִִִִִִִִִִִִִִִִִִִִִִ
       ³Widths (mm)              ³ Areas    ³ Densities (kg/m3)
       ³                         ³ (cm‎)    ³
Ring   ³Outer Ring Erly Late   % ³Incr Total³Ring E/Wd L/Wd Unif  Min  Max  Rng
 # Year³ Rad.      Wood Wood  LW ³          ³mean mean mean
ֱֱֱִִִִִִִִִִִִִִִִִִִִִִִִִִִִִִִִִִִִִִִִִִִִִִִִִִִִִִִִִִִִִִִִִִִִִִִִִִִִ

 3 1996  16.5 16.5 10.5  0.0   0   8.6    8.6 330  330    0    0  291  417  126
 4 1997  30.6 14.1 13.2  0.9   6  20.9   29.4 364  355  506  151  271  519  248
 5 1998  45.9 15.3 15.0  0.3   1  36.8   66.2 392  390  512  122  293  512  219
 6 1999  62.1 16.2 16.2  0.0   0  55.0  121.2 355  355    0    0  286  487  201
 7 2000  80.4 18.3 17.7  0.6   3  81.9  203.1 363  358  512  154  286  516  230
 8 2001  96.0 15.6 15.3  0.3   1  86.5  289.5 395  393  502  109  344  502  158
 9 2002 110.4 14.4 13.8  0.6   4  93.4  382.9 369  362  517  155  324  521  197
10 2003 121.5 11.1 11.1  0.0   0  80.9  463.8 371  371    0    0  329  468  139
11 2004 133.2 11.7 11.7  0.0   0  93.6  557.4 373  373    0    0  328  473  145
12 2005 147.6 14.4 13.5  0.9   6 127.0  684.4 371  361  532  171  292  555  263
13 2006 162.0 14.4 13.5  0.9   6 140.1  824.5 401  393  532  139  339  550  211
14 2007 175.8 13.8 13.5  0.3   2 146.4  970.9 399  396  533  137  351  533  182
15 2008 189.6 13.8 12.0  1.8  13 158.4 1129.3 420  405  523  118  339  549  210
16 2009 200.7 11.1 10.5  0.6   5 136.1 1265.4 386  377  553  176  322  559  237
17 2010 210.0  9.3  8.1  1.2  12 120.0 1385.4 404  387  520  133  330  539  209
18 2011 218.4  8.4  8.1  0.3   3 113.1 1498.5 377  372  503  131  292  503  211
19 2012 223.8  5.4  5.1  0.3   5  75.0 1573.5 404  396  550  154  305  550  245
20 2013 228.6  4.8  3.9  0.9  18  68.2 1641.7 422  389  563  174  337  600  263
21 2014 232.2  3.6  3.0  0.6  16  52.1 1693.8 429  411  520  109  355  524  169
22 2015 234.6  2.4  1.5  0.9  37  35.2 1729.0 455  408  534  126  376  542  166
23 2016 238.2  3.6  3.3  0.3   8  53.5 1782.5 414  405  513  108  335  513  178

Core Length:  234.3 mm
Core Density: 390 kg/m3
Cross-sectional Density:  392 kg/m3
Early/Latewood Threshold: 500 kg/m3
Attenuation Constant: 3.17

ִִִִִִִִִִִִִִִִִִִִִִִִִִִִִִִִִִִִִִִִִִִִִִִִִִִִִִִִִִִִִִִִִִִִִִִִִִִִִִִ
Core : 17
ֲֲֲִִִִִִִִִִִִִִִִִִִִִִִִִִִִִִִִִִִִִִִִִִִִִִִִִִִִִִִִִִִִִִִִִִִִִִִִִִִִ
       ³Widths (mm)              ³ Areas    ³ Densities (kg/m3)
       ³                         ³ (cm‎)    ³
Ring   ³Outer Ring Erly Late   % ³Incr Total³Ring E/Wd L/Wd Unif  Min  Max  Rng
 # Year³ Rad.      Wood Wood  LW ³          ³mean mean mean
ֱֱֱִִִִִִִִִִִִִִִִִִִִִִִִִִִִִִִִִִִִִִִִִִִִִִִִִִִִִִִִִִִִִִִִִִִִִִִִִִִִ

 3 1996  20.9 20.9 15.9  0.0   0  13.7   13.7 303  303    0    0  241  455  214
 4 1997  36.8 15.9 15.9  0.0   0  28.8   42.5 321  321    0    0  246  444  198
 5 1998  50.0 13.2 12.9  0.3   2  36.0   78.5 326  322  504  182  288  504  216
 6 1999  63.8 13.8 13.5  0.3   2  49.3  127.9 318  314  520  206  246  520  274
 7 2000  81.5 17.7 17.4  0.3   1  80.8  208.7 319  315  500  185  272  500  228
 8 2001  97.7 16.2 16.2  0.0   0  91.2  299.9 334  334    0    0  267  432  165
 9 2002 112.4 14.7 14.7  0.0   0  97.0  396.9 316  316    0    0  277  430  153
10 2003 124.4 12.0 12.0  0.0   0  89.3  486.2 315  315    0    0  239  436  197
11 2004 134.6 10.2 10.2  0.0   0  83.0  569.2 342  342    0    0  265  434  169
12 2005 149.6 15.0 15.0  0.0   0 133.9  703.1 320  320    0    0  255  470  215
13 2006 162.8 13.2 13.2  0.0   0 129.5  832.6 369  369    0    0  273  486  213
14 2007 177.2 14.4 14.4  0.0   0 153.8  986.5 356  356    0    0  293  472  179
15 2008 190.7 13.5 13.5  0.0   0 156.0 1142.5 384  384    0    0  301  499  198
16 2009 201.5 10.8 10.8  0.0   0 133.1 1275.6 357  357    0    0  288  468  180
17 2010 209.9  8.4  7.5  0.9  10 108.6 1384.1 386  370  521  151  299  532  233
18 2011 218.3  8.4  8.1  0.3   3 113.0 1497.1 368  363  509  146  254  509  255
19 2012 226.1  7.8  7.2  0.6   7 108.9 1606.0 374  360  536  176  267  557  290
20 2013 233.0  6.9  5.4  1.5  21  99.5 1705.5 417  372  580  208  306  610  304
21 2014 240.2  7.2  6.3  0.9  12 107.0 1812.6 408  388  548  160  307  570  263
22 2015 246.8  6.6  6.0  0.6   9 101.0 1913.6 407  395  518  123  326  526  200
23 2016 254.0  7.2  6.0  1.2  16 113.3 2026.8 394  366  533  167  294  568  274

Core Length:  252.6 mm
Core Density: 354 kg/m3
Cross-sectional Density:  361 kg/m3
Early/Latewood Threshold: 500 kg/m3
Attenuation Constant: 3.17

ִִִִִִִִִִִִִִִִִִִִִִִִִִִִִִִִִִִִִִִִִִִִִִִִִִִִִִִִִִִִִִִִִִִִִִִִִִִִִִִ
Core : 26
ֲֲֲִִִִִִִִִִִִִִִִִִִִִִִִִִִִִִִִִִִִִִִִִִִִִִִִִִִִִִִִִִִִִִִִִִִִִִִִִִִִ
       ³Widths (mm)              ³ Areas    ³ Densities (kg/m3)
       ³                         ³ (cm‎)    ³
Ring   ³Outer Ring Erly Late   % ³Incr Total³Ring E/Wd L/Wd Unif  Min  Max  Rng
 # Year³ Rad.      Wood Wood  LW ³          ³mean mean mean
ֱֱֱִִִִִִִִִִִִִִִִִִִִִִִִִִִִִִִִִִִִִִִִִִִִִִִִִִִִִִִִִִִִִִִִִִִִִִִִִִִִ

 2 1995  17.1 17.1 14.1  0.0   0   9.2    9.2 363  363    0    0  328  459  131
 3 1996  29.7 12.6 12.6  0.0   0  18.5   27.7 345  345    0    0  284  451  167
 4 1997  45.6 15.9 15.6  0.3   1  37.6   65.3 357  354  508  154  293  508  215
 5 1998  62.7 17.1 16.5  0.6   3  58.2  123.5 379  373  548  175  334  554  220
 6 1999  77.7 15.0 13.5  1.5   9  66.2  189.7 404  389  538  149  338  553  215
 7 2000  94.2 16.5 15.9  0.6   3  89.1  278.8 405  401  522  121  349  532  183
 8 2001 107.1 12.9 12.9  0.0   0  81.6  360.4 395  395    0    0  343  479  136
 9 2002 118.5 11.4 10.8  0.6   5  80.8  441.2 392  385  512  127  325  521  196
10 2003 129.9 11.4 11.4  0.0   0  89.0  530.1 399  399    0    0  325  480  155
11 2004 143.7 13.8 13.8  0.0   0 118.6  648.7 385  385    0    0  333  493  160
12 2005 156.3 12.6 12.0  0.6   4 118.8  767.5 382  376  516  140  317  518  201
13 2006 162.9  6.6  5.4  1.2  18  66.2  833.7 420  399  514  115  318  542  224
14 2007 171.3  8.4  8.1  0.3   3  88.2  921.9 400  396  509  113  356  509  153
15 2008 180.9  9.6  9.0  0.6   6 106.2 1028.1 392  385  512  127  313  518  205
16 2009 191.7 10.8 10.8  0.0   0 126.4 1154.5 360  360    0    0  302  469  167
17 2010 199.8  8.1  8.1  0.0   0  99.6 1254.1 368  368    0    0  305  458  153
18 2011 207.6  7.8  7.8  0.0   0  99.8 1354.0 376  376    0    0  271  490  219
19 2012 216.3  8.7  8.7  0.0   0 115.9 1469.8 381  381    0    0  303  469  166
20 2013 226.5 10.2  9.3  0.9   8 141.9 1611.7 394  383  514  131  319  526  207
21 2014 234.9  8.4  8.4  0.0   0 121.8 1733.5 388  388    0    0  333  493  160
22 2015 244.5  9.6  9.3  0.3   3 144.6 1878.1 406  402  507  105  342  507  165
23 2016 255.0 10.5 10.5  0.0   0 164.8 2042.8 368  368    0    0  330  457  127

Core Length:  256.5 mm
Core Density: 384 kg/m3
Cross-sectional Density:  386 kg/m3
Early/Latewood Threshold: 500 kg/m3
Attenuation Constant: 3.17

ִִִִִִִִִִִִִִִִִִִִִִִִִִִִִִִִִִִִִִִִִִִִִִִִִִִִִִִִִִִִִִִִִִִִִִִִִִִִִִִ
Core : 31
ֲֲֲִִִִִִִִִִִִִִִִִִִִִִִִִִִִִִִִִִִִִִִִִִִִִִִִִִִִִִִִִִִִִִִִִִִִִִִִִִִִ
       ³Widths (mm)              ³ Areas    ³ Densities (kg/m3)
       ³                         ³ (cm‎)    ³
Ring   ³Outer Ring Erly Late   % ³Incr Total³Ring E/Wd L/Wd Unif  Min  Max  Rng
 # Year³ Rad.      Wood Wood  LW ³          ³mean mean mean
ֱֱֱִִִִִִִִִִִִִִִִִִִִִִִִִִִִִִִִִִִִִִִִִִִִִִִִִִִִִִִִִִִִִִִִִִִִִִִִִִִִ

 1 1995   9.6  9.6  9.6  0.0   0   2.9    2.9 327  327    0    0  270  426  156
 2 1996  21.3 11.7 11.7  0.0   0  11.4   14.3 317  317    0    0  260  437  177
 3 1997  35.7 14.4 14.4  0.0   0  25.8   40.0 327  327    0    0  270  491  221
 4 1998  50.1 14.4 14.4  0.0   0  38.8   78.9 308  308    0    0  268  464  196
 5 1999  64.8 14.7 14.4  0.3   2  53.1  131.9 350  347  515  168  296  515  219
 6 2000  85.5 20.7 20.4  0.3   1  97.7  229.7 331  328  514  186  282  514  232
 7 2001 105.6 20.1 20.1  0.0   0 120.7  350.3 342  342    0    0  292  486  194
 8 2002 123.6 18.0 18.0  0.0   0 129.6  479.9 342  342    0    0  309  446  137
 9 2003 140.4 16.8 16.2  0.6   3 139.3  619.3 347  341  508  167  282  517  235
10 2004 153.9 13.5 12.9  0.6   4 124.8  744.1 379  373  515  142  325  519  194
11 2005 164.4 10.5 10.5  0.0   0 105.0  849.1 363  363    0    0  309  491  182
12 2006 173.7  9.3  9.3  0.0   0  98.8  947.9 343  343    0    0  287  469  182
13 2007 183.6  9.9  9.9  0.0   0 111.1 1059.0 330  330    0    0  284  458  174
14 2008 193.5  9.9  9.9  0.0   0 117.3 1176.3 333  333    0    0  254  489  235
15 2009 206.7 13.2 13.2  0.0   0 166.0 1342.2 319  319    0    0  268  455  187
16 2010 217.2 10.5 10.5  0.0   0 139.8 1482.1 334  334    0    0  290  484  194
17 2011 227.4 10.2 10.2  0.0   0 142.5 1624.5 323  323    0    0  269  442  173
18 2012 234.6  7.2  7.2  0.0   0 104.5 1729.0 328  328    0    0  282  437  155
19 2013 242.7  8.1  8.1  0.0   0 121.5 1850.5 350  350    0    0  297  464  167
20 2014 251.1  8.4  8.4  0.0   0 130.3 1980.8 337  337    0    0  297  449  152
21 2015 258.9  7.8  7.8  0.0   0 125.0 2105.8 356  356    0    0  299  475  176
22 2016 267.6  8.7  8.1  0.6   6 143.9 2249.7 354  342  522  180  296  526  230

Core Length:  273.0 mm
Core Density: 338 kg/m3
Cross-sectional Density:  340 kg/m3
Early/Latewood Threshold: 500 kg/m3
Attenuation Constant: 3.17

ִִִִִִִִִִִִִִִִִִִִִִִִִִִִִִִִִִִִִִִִִִִִִִִִִִִִִִִִִִִִִִִִִִִִִִִִִִִִִִִ
Core : 35
ֲֲֲִִִִִִִִִִִִִִִִִִִִִִִִִִִִִִִִִִִִִִִִִִִִִִִִִִִִִִִִִִִִִִִִִִִִִִִִִִִִ
       ³Widths (mm)              ³ Areas    ³ Densities (kg/m3)
       ³                         ³ (cm‎)    ³
Ring   ³Outer Ring Erly Late   % ³Incr Total³Ring E/Wd L/Wd Unif  Min  Max  Rng
 # Year³ Rad.      Wood Wood  LW ³          ³mean mean mean
ֱֱֱִִִִִִִִִִִִִִִִִִִִִִִִִִִִִִִִִִִִִִִִִִִִִִִִִִִִִִִִִִִִִִִִִִִִִִִִִִִִ

 3 1996  20.0 20.0 15.0  0.0   0  12.6   12.6 304  304    0    0  263  412  149
 4 1997  34.7 14.7 14.7  0.0   0  25.3   37.8 330  330    0    0  289  469  180
 5 1998  49.4 14.7 14.4  0.3   2  38.8   76.7 343  340  515  175  306  515  209
 6 1999  68.3 18.9 18.3  0.6   3  69.9  146.6 379  374  514  140  305  528  223
 7 2000  83.0 14.7 14.4  0.3   2  69.9  216.4 379  376  513  137  303  513  210
 8 2001 103.1 20.1 20.1  0.0   0 117.5  333.9 338  338    0    0  266  495  229
 9 2002 124.4 21.3 20.7  0.6   2 152.2  486.2 350  345  519  174  286  535  249
10 2003 140.6 16.2 15.9  0.3   1 134.9  621.0 361  359  508  149  297  508  211
11 2004 158.9 18.3 18.0  0.3   1 172.2  793.2 374  372  504  132  289  504  215
12 2005 177.2 18.3 17.7  0.6   3 193.2  986.5 355  348  538  190  296  554  258
13 2006 195.8 18.6 18.0  0.6   3 218.0 1204.4 359  354  507  153  288  508  220
14 2007 212.0 16.2 15.6  0.6   3 207.5 1412.0 365  359  518  159  320  528  208
15 2008 226.1 14.1 13.5  0.6   4 194.1 1606.0 383  377  523  146  318  537  219
16 2009 239.6 13.5 13.2  0.3   2 197.5 1803.5 357  353  500  147  303  500  197
17 2010 252.2 12.6 11.4  1.2   9 194.7 1998.2 377  361  524  163  303  552  249
18 2011 263.6 11.4 10.8  0.6   5 184.7 2182.9 358  349  526  177  286  536  250
19 2012 275.6 12.0 11.1  0.9   7 203.3 2386.2 376  364  522  158  294  533  239
20 2013 285.5  9.9  9.3  0.6   6 174.5 2560.7 384  374  542  168  317  544  227
21 2014 294.2  8.7  8.1  0.6   6 158.4 2719.2 374  362  542  180  306  564  258
22 2015 301.1  6.9  6.3  0.6   8 129.0 2848.2 382  370  507  137  313  508  195
23 2016 307.1  6.0  5.4  0.6  10 114.6 2962.8 361  343  518  175  297  536  239

Core Length:  304.8 mm
Core Density: 361 kg/m3
Cross-sectional Density:  366 kg/m3
Early/Latewood Threshold: 500 kg/m3
Attenuation Constant: 3.17

ִִִִִִִִִִִִִִִִִִִִִִִִִִִִִִִִִִִִִִִִִִִִִִִִִִִִִִִִִִִִִִִִִִִִִִִִִִִִִִִ
Core : 43
ֲֲֲִִִִִִִִִִִִִִִִִִִִִִִִִִִִִִִִִִִִִִִִִִִִִִִִִִִִִִִִִִִִִִִִִִִִִִִִִִִִ
       ³Widths (mm)              ³ Areas    ³ Densities (kg/m3)
       ³                         ³ (cm‎)    ³
Ring   ³Outer Ring Erly Late   % ³Incr Total³Ring E/Wd L/Wd Unif  Min  Max  Rng
 # Year³ Rad.      Wood Wood  LW ³          ³mean mean mean
ֱֱֱִִִִִִִִִִִִִִִִִִִִִִִִִִִִִִִִִִִִִִִִִִִִִִִִִִִִִִִִִִִִִִִִִִִִִִִִִִִִ

 5 1998  28.4 28.4 18.0  2.4   8  25.3   25.3 434  422  524  102  367  555  188
 6 1999  47.6 19.2 18.3  0.9   4  45.8   71.2 429  425  510   85  368  518  150
 7 2000  69.2 21.6 20.7  0.9   4  79.3  150.4 389  382  540  158  338  556  218
 8 2001  87.5 18.3 15.9  2.4  13  90.1  240.5 436  422  524  102  362  578  216
 9 2002 105.2 17.7 17.1  0.6   3 107.2  347.7 416  412  530  118  363  530  167
10 2003 116.3 11.1  9.6  1.5  13  77.2  424.9 436  420  540  120  348  591  243
11 2004 126.8 10.5  9.6  0.9   8  80.2  505.1 439  429  542  113  365  572  207
12 2005 140.6 13.8 12.6  1.2   8 115.9  621.0 391  375  557  182  311  583  272
13 2006 153.8 13.2 11.1  2.1  15 122.1  743.1 426  406  531  125  348  597  249
14 2007 168.5 14.7 13.8  0.9   6 148.8  892.0 411  404  523  119  347  554  207
15 2008 181.1 12.6  9.3  3.3  26 138.4 1030.4 445  415  530  115  351  602  251
16 2009 193.4 12.3 11.1  1.2   9 144.7 1175.1 426  414  539  125  345  564  219
17 2010 202.7  9.3  7.2  2.1  22 115.7 1290.8 442  411  550  139  359  606  247
18 2011 213.5 10.8 10.2  0.6   5 141.2 1432.0 399  391  543  152  307  543  236
19 2012 221.6  8.1  7.5  0.6   7 110.7 1542.7 406  396  535  139  322  556  234
20 2013 228.8  7.2  5.1  2.1  29 101.9 1644.6 441  393  559  166  353  603  250
21 2014 236.3  7.5  6.3  1.2  16 109.6 1754.2 439  421  536  115  343  558  215
22 2015 243.5  7.2  5.7  1.5  20 108.5 1862.7 437  409  544  135  346  560  214
23 2016 249.8  6.3  4.2  2.1  33  97.6 1960.4 468  425  555  130  366  631  265

Core Length:  245.1 mm
Core Density: 426 kg/m3
Cross-sectional Density:  425 kg/m3
Early/Latewood Threshold: 500 kg/m3
Attenuation Constant: 3.17

ִִִִִִִִִִִִִִִִִִִִִִִִִִִִִִִִִִִִִִִִִִִִִִִִִִִִִִִִִִִִִִִִִִִִִִִִִִִִִִִ
Core : 45
ֲֲֲִִִִִִִִִִִִִִִִִִִִִִִִִִִִִִִִִִִִִִִִִִִִִִִִִִִִִִִִִִִִִִִִִִִִִִִִִִִִ
       ³Widths (mm)              ³ Areas    ³ Densities (kg/m3)
       ³                         ³ (cm‎)    ³
Ring   ³Outer Ring Erly Late   % ³Incr Total³Ring E/Wd L/Wd Unif  Min  Max  Rng
 # Year³ Rad.      Wood Wood  LW ³          ³mean mean mean
ֱֱֱִִִִִִִִִִִִִִִִִִִִִִִִִִִִִִִִִִִִִִִִִִִִִִִִִִִִִִִִִִִִִִִִִִִִִִִִִִִִ

 2 1995  19.2 19.2 13.2  0.0   0  11.6   11.6 335  335    0    0  280  435  155
 3 1996  32.4 13.2 13.2  0.0   0  21.4   33.0 346  346    0    0  287  446  159
 4 1997  44.4 12.0 11.1  0.9   7  29.0   61.9 379  367  532  165  312  559  247
 5 1998  56.7 12.3 11.4  0.9   7  39.1  101.0 361  348  528  180  284  551  267
 6 1999  71.4 14.7 14.1  0.6   4  59.2  160.2 387  382  507  125  306  508  202
 7 2000  93.9 22.5 21.9  0.6   2 116.8  277.0 382  378  518  140  330  522  192
 8 2001 113.7 19.8 19.8  0.0   0 129.1  406.1 357  357    0    0  294  489  195
 9 2002 126.9 13.2 13.2  0.0   0  99.8  505.9 329  329    0    0  270  460  190
10 2003 133.8  6.9  6.9  0.0   0  56.5  562.4 330  330    0    0  260  460  200
11 2004 140.4  6.6  6.6  0.0   0  56.9  619.3 359  359    0    0  296  457  161
12 2005 149.4  9.0  8.7  0.3   3  81.9  701.2 339  333  517  184  259  517  258
13 2006 158.1  8.7  8.1  0.6   6  84.0  785.3 380  369  530  161  321  548  227
14 2007 169.2 11.1 10.8  0.3   2 114.1  899.4 372  368  517  149  315  517  202
15 2008 178.2  9.0  8.4  0.6   6  98.2  997.6 403  394  521  127  323  540  217
16 2009 188.4 10.2  9.6  0.6   5 117.5 1115.1 375  366  532  166  310  543  233
17 2010 197.1  8.7  6.9  1.8  20 105.4 1220.5 413  381  534  153  349  567  218
18 2011 206.1  9.0  8.4  0.6   6 114.0 1334.5 387  378  519  141  293  527  234
19 2012 215.1  9.0  8.4  0.6   6 119.1 1453.6 380  369  536  167  288  555  267
20 2013 224.1  9.0  7.5  1.5  16 124.2 1577.7 392  363  540  177  304  560  256
21 2014 232.5  8.4  7.8  0.6   7 120.5 1698.2 381  369  530  161  301  530  229
22 2015 240.3  7.8  7.5  0.3   3 115.9 1814.1 385  380  508  128  308  508  200
23 2016 248.4  8.1  7.5  0.6   7 124.4 1938.4 379  367  531  164  293  533  240

Core Length:  246.9 mm
Core Density: 370 kg/m3
Cross-sectional Density:  374 kg/m3
Early/Latewood Threshold: 500 kg/m3
Attenuation Constant: 3.17

ִִִִִִִִִִִִִִִִִִִִִִִִִִִִִִִִִִִִִִִִִִִִִִִִִִִִִִִִִִִִִִִִִִִִִִִִִִִִִִִ
Core : 57
ֲֲֲִִִִִִִִִִִִִִִִִִִִִִִִִִִִִִִִִִִִִִִִִִִִִִִִִִִִִִִִִִִִִִִִִִִִִִִִִִִִ
       ³Widths (mm)              ³ Areas    ³ Densities (kg/m3)
       ³                         ³ (cm‎)    ³
Ring   ³Outer Ring Erly Late   % ³Incr Total³Ring E/Wd L/Wd Unif  Min  Max  Rng
 # Year³ Rad.      Wood Wood  LW ³          ³mean mean mean
ֱֱֱִִִִִִִִִִִִִִִִִִִִִִִִִִִִִִִִִִִִִִִִִִִִִִִִִִִִִִִִִִִִִִִִִִִִִִִִִִִִ

 1 1994   4.0  4.0  3.0  0.0   0   0.5    0.5 391  391    0    0  371  415   44
 2 1995  10.0  6.0  6.0  0.0   0   2.6    3.1 357  357    0    0  320  459  139
 3 1996  20.5 10.5 10.2  0.3   2  10.1   13.2 362  357  506  149  297  506  209
 4 1997  35.2 14.7 13.2  1.5  10  25.7   38.9 383  365  545  180  315  562  247
 5 1998  49.3 14.1 12.6  1.5  10  37.4   76.4 387  368  547  179  313  600  287
 6 1999  66.1 16.8 15.0  1.8  10  60.9  137.3 391  373  545  172  313  586  273
 7 2000  83.5 17.4 15.9  1.5   8  81.8  219.0 383  368  536  168  322  583  261
 8 2001  99.1 15.6 14.7  0.9   5  89.5  308.5 372  362  526  164  306  547  241
 9 2002 113.8 14.7 14.1  0.6   4  98.3  406.9 349  341  544  203  269  546  277
10 2003 126.1 12.3 11.7  0.6   4  92.7  499.6 373  364  546  182  277  557  280
11 2004 135.7  9.6  9.3  0.3   3  79.0  578.5 359  354  516  162  291  516  225
12 2005 145.3  9.6  9.0  0.6   6  84.7  663.3 356  345  521  176  281  535  254
13 2006 157.0 11.7 10.2  1.5  12 111.1  774.4 363  341  513  172  287  542  255
14 2007 167.2 10.2 10.2  0.0   0 103.9  878.3 347  347    0    0  290  484  194
15 2008 175.6  8.4  7.8  0.6   7  90.5  968.7 350  338  511  173  263  521  258
16 2009 182.5  6.9  6.9  0.0   0  77.6 1046.3 340  340    0    0  252  486  234
17 2010 190.3  7.8  7.8  0.0   0  91.4 1137.7 336  336    0    0  272  490  218
18 2011 198.7  8.4  8.4  0.0   0 102.7 1240.4 328  328    0    0  234  482  248
19 2012 207.1  8.4  8.1  0.3   3 107.1 1347.4 338  332  507  175  240  507  267
20 2013 217.3 10.2 10.2  0.0   0 136.0 1483.4 342  342    0    0  267  497  230
21 2014 227.8 10.5 10.5  0.0   0 146.8 1630.3 352  352    0    0  269  498  229
22 2015 236.8  9.0  8.1  0.9  10 131.4 1761.6 382  365  532  167  302  560  258
23 2016 245.2  8.4  6.6  1.8  21 127.2 1888.8 401  366  532  166  292  585  293

Core Length:  249.6 mm
Core Density: 362 kg/m3
Cross-sectional Density:  359 kg/m3
Early/Latewood Threshold: 500 kg/m3
Attenuation Constant: 3.17

ִִִִִִִִִִִִִִִִִִִִִִִִִִִִִִִִִִִִִִִִִִִִִִִִִִִִִִִִִִִִִִִִִִִִִִִִִִִִִִִ
Core : 58
ֲֲֲִִִִִִִִִִִִִִִִִִִִִִִִִִִִִִִִִִִִִִִִִִִִִִִִִִִִִִִִִִִִִִִִִִִִִִִִִִִִ
       ³Widths (mm)              ³ Areas    ³ Densities (kg/m3)
       ³                         ³ (cm‎)    ³
Ring   ³Outer Ring Erly Late   % ³Incr Total³Ring E/Wd L/Wd Unif  Min  Max  Rng
 # Year³ Rad.      Wood Wood  LW ³          ³mean mean mean
ֱֱֱִִִִִִִִִִִִִִִִִִִִִִִִִִִִִִִִִִִִִִִִִִִִִִִִִִִִִִִִִִִִִִִִִִִִִִִִִִִִ

 6 1999  30.1 30.1 20.1  0.0   0  28.5   28.5 346  346    0    0  287  456  169
 7 2000  51.7 21.6 21.0  0.6   2  55.5   84.0 339  334  525  191  278  528  250
 8 2001  73.6 21.9 21.9  0.0   0  86.2  170.2 327  327    0    0  272  447  175
 9 2002  92.2 18.6 18.6  0.0   0  96.9  267.1 329  329    0    0  268  493  225
10 2003 109.0 16.8 16.5  0.3   1 106.2  373.3 349  345  521  176  288  521  233
11 2004 127.9 18.9 18.9  0.0   0 140.7  513.9 350  350    0    0  298  493  195
12 2005 149.2 21.3 20.1  1.2   5 185.4  699.3 359  349  531  182  293  549  256
13 2006 174.7 25.5 24.9  0.6   2 259.5  958.8 373  369  545  176  285  563  278
14 2007 198.4 23.7 22.8  0.9   3 277.8 1236.6 383  377  532  155  311  551  240
15 2008 223.0 24.6 24.3  0.3   1 325.7 1562.3 366  364  508  144  272  508  236
16 2009 241.3 18.3 17.7  0.6   3 266.9 1829.2 354  348  534  186  276  542  266
17 2010 259.9 18.6 17.7  0.9   4 292.9 2122.1 378  370  529  159  325  541  216
18 2011 276.1 16.2 15.6  0.6   3 272.8 2394.9 383  376  546  170  318  569  251
19 2012 296.2 20.1 19.2  0.9   4 361.4 2756.3 382  374  553  179  328  599  271
20 2013 312.7 16.5 14.4  2.1  12 315.6 3071.9 400  381  535  154  330  604  274
21 2014 326.8 14.1 13.2  0.9   6 283.3 3355.2 378  367  541  174  334  571  237
22 2015 339.4 12.6 11.7  0.9   7 263.7 3618.9 403  391  555  164  336  612  276
23 2016 354.1 14.7 13.5  1.2   8 320.3 3939.1 409  397  550  153  359  589  230

Core Length:  348.3 mm
Core Density: 367 kg/m3
Cross-sectional Density:  376 kg/m3
Early/Latewood Threshold: 500 kg/m3
Attenuation Constant: 3.17

ִִִִִִִִִִִִִִִִִִִִִִִִִִִִִִִִִִִִִִִִִִִִִִִִִִִִִִִִִִִִִִִִִִִִִִִִִִִִִִִ
Core : 63
ֲֲֲִִִִִִִִִִִִִִִִִִִִִִִִִִִִִִִִִִִִִִִִִִִִִִִִִִִִִִִִִִִִִִִִִִִִִִִִִִִִ
       ³Widths (mm)              ³ Areas    ³ Densities (kg/m3)
       ³                         ³ (cm‎)    ³
Ring   ³Outer Ring Erly Late   % ³Incr Total³Ring E/Wd L/Wd Unif  Min  Max  Rng
 # Year³ Rad.      Wood Wood  LW ³          ³mean mean mean
ֱֱֱִִִִִִִִִִִִִִִִִִִִִִִִִִִִִִִִִִִִִִִִִִִִִִִִִִִִִִִִִִִִִִִִִִִִִִִִִִִִ

 2 1995  14.5 14.5 10.5  0.0   0   6.6    6.6 383  383    0    0  248  497  249
 3 1996  27.4 12.9 12.6  0.3   2  17.0   23.6 347  344  501  157  268  501  233
 4 1997  43.9 16.5 15.0  1.5   9  37.0   60.5 388  373  539  166  299  577  278
 5 1998  59.2 15.3 13.8  1.5   9  49.6  110.1 413  398  548  150  363  607  244
 6 1999  77.5 18.3 14.4  3.9  21  78.6  188.7 421  388  543  155  333  628  295
 7 2000  98.8 21.3 17.7  3.6  16 118.0  306.7 422  393  564  171  338  643  305
 8 2001 118.6 19.8 19.2  0.6   3 135.2  441.9 398  394  524  130  303  526  223
 9 2002 135.4 16.8 16.2  0.6   3 134.1  576.0 373  366  550  184  303  560  257
10 2003 148.0 12.6 12.0  0.6   4 112.2  688.1 383  375  531  156  320  534  214
11 2004 161.8 13.8 13.5  0.3   2 134.3  822.4 392  389  517  128  324  517  193
12 2005 179.2 17.4 15.9  1.5   8 186.4 1008.8 376  361  531  170  289  566  277
13 2006 196.6 17.4 16.8  0.6   3 205.4 1214.3 391  386  525  139  303  539  236
14 2007 210.7 14.1 14.1  0.0   0 180.4 1394.7 388  388    0    0  332  496  164
15 2008 222.1 11.4 10.8  0.6   5 155.0 1549.7 411  405  518  113  344  524  180
16 2009 231.4  9.3  9.0  0.3   3 132.5 1682.2 387  382  538  156  337  538  201
17 2010 239.5  8.1  7.8  0.3   3 119.8 1802.0 400  396  510  114  334  510  176
18 2011 246.4  6.9  6.9  0.0   0 105.3 1907.4 372  372    0    0  300  469  169
19 2012 253.3  6.9  6.6  0.3   4 108.3 2015.7 374  367  521  154  299  521  222
20 2013 259.3  6.0  5.1  0.9  14  96.6 2112.3 394  371  524  153  321  535  214
21 2014 265.3  6.0  6.0  0.0   0  98.9 2211.2 382  382    0    0  315  475  160
22 2015 269.5  4.2  4.2  0.0   0  70.6 2281.7 365  365    0    0  306  476  170
23 2016 273.1  3.6  3.6  0.0   0  61.4 2343.1 350  350    0    0  301  450  149

Core Length:  271.2 mm
Core Density: 386 kg/m3
Cross-sectional Density:  389 kg/m3
Early/Latewood Threshold: 500 kg/m3
Attenuation Constant: 3.17

