File : C:\DENSITOM\BLUEMO~2\BLMT6.DAT
Cores :
12
14
22
24
27
34
37
38
44
47

ִִִִִִִִִִִִִִִִִִִִִִִִִִִִִִִִִִִִִִִִִִִִִִִִִִִִִִִִִִִִִִִִִִִִִִִִִִִִִִִ
Core : 12
ֲֲֲִִִִִִִִִִִִִִִִִִִִִִִִִִִִִִִִִִִִִִִִִִִִִִִִִִִִִִִִִִִִִִִִִִִִִִִִִִִִ
       ³Widths (mm)              ³ Areas    ³ Densities (kg/m3)
       ³                         ³ (cm‎)    ³
Ring   ³Outer Ring Erly Late   % ³Incr Total³Ring E/Wd L/Wd Unif  Min  Max  Rng
 # Year³ Rad.      Wood Wood  LW ³          ³mean mean mean
ֱֱֱִִִִִִִִִִִִִִִִִִִִִִִִִִִִִִִִִִִִִִִִִִִִִִִִִִִִִִִִִִִִִִִִִִִִִִִִִִִִ

 5 1998  23.3 23.3 14.4  0.9   3  17.1   17.1 358  348  521  173  301  531  230
 6 1999  41.0 17.7 16.5  1.2   6  35.8   52.8 361  349  521  172  289  533  244
 7 2000  62.3 21.3 20.1  1.2   5  69.1  121.9 391  382  534  152  327  577  250
 8 2001  82.1 19.8 19.5  0.3   1  89.8  211.8 386  384  512  128  334  512  178
 9 2002 103.1 21.0 20.4  0.6   2 122.2  333.9 374  370  521  151  310  536  226
10 2003 121.4 18.3 17.4  0.9   4 129.1  463.0 404  396  567  171  344  589  245
11 2004 140.3 18.9 17.4  1.5   7 155.4  618.4 413  403  530  127  344  542  198
12 2005 158.9 18.6 17.1  1.5   8 174.8  793.2 386  374  520  146  329  541  212
13 2006 178.4 19.5 18.9  0.6   3 206.6  999.9 389  384  560  176  319  579  260
14 2007 197.6 19.2 18.0  1.2   6 226.8 1226.7 416  407  553  146  351  606  255
15 2008 217.7 20.1 18.3  1.8   8 262.2 1488.9 423  411  542  131  324  587  263
16 2009 234.5 16.8 15.6  1.2   7 238.7 1727.6 402  392  537  145  332  557  225
17 2010 250.1 15.6 14.1  1.5   9 237.5 1965.1 417  404  539  135  356  609  253
18 2011 265.7 15.6 15.0  0.6   3 252.8 2217.9 380  373  544  171  317  547  230
19 2012 280.7 15.0 13.5  1.5  10 257.5 2475.3 390  374  536  162  323  586  263
20 2013 295.7 15.0 12.9  2.1  14 271.6 2747.0 424  402  559  157  322  633  311
21 2014 311.6 15.9 13.8  2.1  13 303.4 3050.3 433  413  569  156  369  646  277
22 2015 323.0 11.4  9.9  1.5  13 227.3 3277.6 466  449  578  129  403  594  191
23 2016 338.0 15.0  8.1  6.9  46 311.5 3589.1 505  455  564  109  408  672  264

Core Length:  338.7 mm
Core Density: 406 kg/m3
Cross-sectional Density:  417 kg/m3
Early/Latewood Threshold: 500 kg/m3
Attenuation Constant: 3.17

ִִִִִִִִִִִִִִִִִִִִִִִִִִִִִִִִִִִִִִִִִִִִִִִִִִִִִִִִִִִִִִִִִִִִִִִִִִִִִִִ
Core : 14
ֲֲֲִִִִִִִִִִִִִִִִִִִִִִִִִִִִִִִִִִִִִִִִִִִִִִִִִִִִִִִִִִִִִִִִִִִִִִִִִִִִ
       ³Widths (mm)              ³ Areas    ³ Densities (kg/m3)
       ³                         ³ (cm‎)    ³
Ring   ³Outer Ring Erly Late   % ³Incr Total³Ring E/Wd L/Wd Unif  Min  Max  Rng
 # Year³ Rad.      Wood Wood  LW ³          ³mean mean mean
ֱֱֱִִִִִִִִִִִִִִִִִִִִִִִִִִִִִִִִִִִִִִִִִִִִִִִִִִִִִִִִִִִִִִִִִִִִִִִִִִִִ

 1 1970  48.6 48.6 48.3  0.3   0  74.2   74.2 328  326  541  215  130  541  411
 2 1971  65.4 16.8 16.5  0.3   1  60.2  134.4 356  353  537  184  295  537  242
 3 1972  82.5 17.1 16.2  0.9   5  79.5  213.8 377  369  522  153  305  531  226
 4 1973 102.6 20.1 19.5  0.6   2 116.9  330.7 352  347  524  177  289  528  239
 5 1974 138.0 35.4 34.8  0.6   1 267.6  598.3 357  354  529  175  276  532  256
 6 1975 156.0 18.0 16.8  1.2   6 166.3  764.5 384  375  507  132  295  514  219
 7 1976 177.3 21.3 21.0  0.3   1 223.0  987.6 368  365  516  151  296  516  220
 8 1977 185.1  7.8  7.5  0.3   3  88.8 1076.4 369  362  531  169  297  531  234
 9 1978 193.2  8.1  7.8  0.3   3  96.3 1172.6 371  365  515  150  324  515  191
10 1979 201.9  8.7  8.1  0.6   6 108.0 1280.6 395  383  559  176  307  585  278
11 1980 207.9  6.0  5.4  0.6  10  77.2 1357.9 407  390  557  167  340  568  228
12 1981 213.9  6.0  5.1  0.9  15  79.5 1437.4 416  396  535  139  361  564  203
13 1982 218.1  4.2  3.9  0.3   7  57.0 1494.4 394  385  512  127  325  512  187
14 1983 223.8  5.7  3.9  1.8  31  79.1 1573.5 448  404  545  141  345  620  275
15 1984 226.8  3.0  1.8  1.2  40  42.5 1616.0 471  421  547  126  387  584  197
16 1985 230.1  3.3  2.4  0.9  27  47.4 1663.3 459  425  551  126  356  604  248
17 1986 232.8  2.7  1.5  1.2  44  39.3 1702.6 455  394  533  139  371  545  174

Core Length:  235.5 mm
Core Density: 394 kg/m3
Cross-sectional Density:  382 kg/m3
Early/Latewood Threshold: 500 kg/m3
Attenuation Constant: 3.17

ִִִִִִִִִִִִִִִִִִִִִִִִִִִִִִִִִִִִִִִִִִִִִִִִִִִִִִִִִִִִִִִִִִִִִִִִִִִִִִִ
Core : 22
ֲֲֲִִִִִִִִִִִִִִִִִִִִִִִִִִִִִִִִִִִִִִִִִִִִִִִִִִִִִִִִִִִִִִִִִִִִִִִִִִִִ
       ³Widths (mm)              ³ Areas    ³ Densities (kg/m3)
       ³                         ³ (cm‎)    ³
Ring   ³Outer Ring Erly Late   % ³Incr Total³Ring E/Wd L/Wd Unif  Min  Max  Rng
 # Year³ Rad.      Wood Wood  LW ³          ³mean mean mean
ֱֱֱִִִִִִִִִִִִִִִִִִִִִִִִִִִִִִִִִִִִִִִִִִִִִִִִִִִִִִִִִִִִִִִִִִִִִִִִִִִִ

 1 1970  35.2 35.2 27.6  0.6   1  38.9   38.9 360  357  509  152  162  514  352
 2 1971  50.8 15.6 14.1  1.5   9  42.1   81.1 389  372  547  175  333  598  265
 3 1972  69.1 18.3 16.8  1.5   8  68.9  150.0 400  386  561  175  337  601  264
 4 1973  89.5 20.4 17.7  2.7  13 101.6  251.6 411  388  560  172  334  622  288
 5 1974 105.7 16.2 15.0  1.2   7  99.3  351.0 434  427  520   93  355  538  183
 6 1975 131.8 26.1 25.5  0.6   2 194.7  545.7 391  387  553  166  322  591  269
 7 1976 143.2 11.4 10.8  0.6   5  98.5  644.2 414  408  529  121  355  556  201
 8 1977 154.0 10.8  9.9  0.9   8 100.8  745.1 399  386  539  153  334  573  239
 9 1978 166.0 12.0 11.1  0.9   7 120.6  865.7 402  393  520  127  339  539  200
10 1979 183.4 17.4 16.5  0.9   5 191.0 1056.7 415  410  513  103  363  535  172
11 1980 187.9  4.5  3.9  0.6  13  52.5 1109.2 409  394  503  109  349  505  156
12 1981 193.0  5.1  4.8  0.3   5  61.0 1170.2 393  385  511  126  324  511  187
13 1982 201.7  8.7  8.1  0.6   6 107.9 1278.1 399  391  510  119  305  516  211
14 1983 206.5  4.8  3.3  1.5  31  61.6 1339.6 442  389  557  168  346  607  261
15 1984 210.7  4.2  3.6  0.6  14  55.0 1394.7 436  419  541  122  359  567  208
16 1985 214.6  3.9  2.7  1.2  30  52.1 1446.8 444  395  554  159  357  596  239
17 1986 219.7  5.1  3.6  1.5  29  69.6 1516.4 455  400  587  187  338  635  297

Core Length:  216.3 mm
Core Density: 411 kg/m3
Cross-sectional Density:  410 kg/m3
Early/Latewood Threshold: 500 kg/m3
Attenuation Constant: 3.17

ִִִִִִִִִִִִִִִִִִִִִִִִִִִִִִִִִִִִִִִִִִִִִִִִִִִִִִִִִִִִִִִִִִִִִִִִִִִִִִִ
Core : 24
ֲֲֲִִִִִִִִִִִִִִִִִִִִִִִִִִִִִִִִִִִִִִִִִִִִִִִִִִִִִִִִִִִִִִִִִִִִִִִִִִִִ
       ³Widths (mm)              ³ Areas    ³ Densities (kg/m3)
       ³                         ³ (cm‎)    ³
Ring   ³Outer Ring Erly Late   % ³Incr Total³Ring E/Wd L/Wd Unif  Min  Max  Rng
 # Year³ Rad.      Wood Wood  LW ³          ³mean mean mean
ֱֱֱִִִִִִִִִִִִִִִִִִִִִִִִִִִִִִִִִִִִִִִִִִִִִִִִִִִִִִִִִִִִִִִִִִִִִִִִִִִִ

 1 1970  36.1 36.1 34.8  0.3   0  40.9   40.9 350  348  525  177  283  525  242
 2 1971  53.8 17.7 17.1  0.6   3  50.0   90.9 360  355  503  148  273  506  233
 3 1972  71.8 18.0 16.5  1.5   8  71.0  162.0 399  387  529  142  335  577  242
 4 1973 114.4 42.6 41.1  1.5   3 249.2  411.2 390  386  516  130  302  543  241
 5 1974 168.1 53.7 52.5  1.2   2 476.6  887.7 398  395  510  115  329  531  202
 6 1975 177.1  9.0  8.4  0.6   6  97.6  985.3 420  413  525  112  354  533  179
 7 1976 186.4  9.3  7.8  1.5  16 106.2 1091.5 424  404  530  126  365  550  185
 8 1977 197.5 11.1 10.8  0.3   2 133.9 1225.4 410  408  510  102  342  510  168
 9 1978 210.4 12.9  9.9  3.0  23 165.3 1390.7 443  417  530  113  327  581  254
10 1979 223.9 13.5  6.6  6.9  51 184.2 1574.9 506  471  540   69  410  594  184
11 1980 232.6  8.7  7.2  1.5  17 124.8 1699.7 458  439  549  110  394  611  217

Core Length:  236.1 mm
Core Density: 414 kg/m3
Cross-sectional Density:  418 kg/m3
Early/Latewood Threshold: 500 kg/m3
Attenuation Constant: 3.17

ִִִִִִִִִִִִִִִִִִִִִִִִִִִִִִִִִִִִִִִִִִִִִִִִִִִִִִִִִִִִִִִִִִִִִִִִִִִִִִִ
Core : 27
ֲֲֲִִִִִִִִִִִִִִִִִִִִִִִִִִִִִִִִִִִִִִִִִִִִִִִִִִִִִִִִִִִִִִִִִִִִִִִִִִִִ
       ³Widths (mm)              ³ Areas    ³ Densities (kg/m3)
       ³                         ³ (cm‎)    ³
Ring   ³Outer Ring Erly Late   % ³Incr Total³Ring E/Wd L/Wd Unif  Min  Max  Rng
 # Year³ Rad.      Wood Wood  LW ³          ³mean mean mean
ֱֱֱִִִִִִִִִִִִִִִִִִִִִִִִִִִִִִִִִִִִִִִִִִִִִִִִִִִִִִִִִִִִִִִִִִִִִִִִִִִִ

 1 1970  33.6 33.6 23.1  1.5   4  35.5   35.5 329  315  536  221  105  573  468
 2 1971  49.5 15.9 14.7  1.2   7  41.5   77.0 354  340  528  188  282  543  261
 3 1972  70.2 20.7 18.9  1.8   8  77.8  154.8 387  372  549  177  313  589  276
 4 1973  88.8 18.6 17.1  1.5   8  92.9  247.7 416  405  547  142  333  607  274
 5 1974 108.0 19.2 18.3  0.9   4 118.7  366.4 412  406  538  132  344  578  234
 6 1975 123.6 15.6 14.4  1.2   7 113.5  479.9 430  419  554  135  366  581  215
 7 1976 138.3 14.7 12.9  1.8  12 120.9  600.9 430  415  540  125  350  577  227
 8 1977 151.8 13.5 12.0  1.5  11 123.0  723.9 426  409  564  155  350  643  293
 9 1978 164.7 12.9 11.7  1.2   9 128.3  852.2 423  413  522  109  342  556  214
10 1979 178.5 13.8 13.2  0.6   4 148.8 1001.0 410  403  556  153  343  562  219
11 1980 190.5 12.0 10.2  1.8  15 139.1 1140.1 422  403  531  128  342  558  216
12 1981 201.3 10.8  8.1  2.7  24 132.9 1273.0 442  408  542  134  361  613  252
13 1982 210.9  9.6  8.4  1.2  12 124.3 1397.3 414  391  570  179  343  621  278
14 1983 221.4 10.5  9.6  0.9   8 142.6 1539.9 404  393  517  124  319  523  204
15 1984 228.9  7.5  6.9  0.6   8 106.1 1646.0 407  392  572  180  338  597  259
16 1985 235.5  6.6  5.4  1.2  18  96.3 1742.3 424  388  587  199  343  636  293
17 1986 242.4  6.9  5.7  1.2  17 103.6 1845.9 428  401  554  153  351  597  246
18 1987 247.8  5.4  3.6  1.8  33  83.2 1929.1 467  423  555  132  368  616  248
19 1988 255.0  7.2  4.5  2.7  37 113.7 2042.8 483  428  575  147  364  673  309
20 1989 258.0  3.0  2.7  0.3  10  48.3 2091.2 450  444  500   56  399  500  101

Core Length:  251.1 mm
Core Density: 417 kg/m3
Cross-sectional Density:  422 kg/m3
Early/Latewood Threshold: 500 kg/m3
Attenuation Constant: 3.17

ִִִִִִִִִִִִִִִִִִִִִִִִִִִִִִִִִִִִִִִִִִִִִִִִִִִִִִִִִִִִִִִִִִִִִִִִִִִִִִִ
Core : 34
ֲֲֲִִִִִִִִִִִִִִִִִִִִִִִִִִִִִִִִִִִִִִִִִִִִִִִִִִִִִִִִִִִִִִִִִִִִִִִִִִִִ
       ³Widths (mm)              ³ Areas    ³ Densities (kg/m3)
       ³                         ³ (cm‎)    ³
Ring   ³Outer Ring Erly Late   % ³Incr Total³Ring E/Wd L/Wd Unif  Min  Max  Rng
 # Year³ Rad.      Wood Wood  LW ³          ³mean mean mean
ֱֱֱִִִִִִִִִִִִִִִִִִִִִִִִִִִִִִִִִִִִִִִִִִִִִִִִִִִִִִִִִִִִִִִִִִִִִִִִִִִִ

 1 1970  50.1 50.1 46.8  0.3   0  78.9   78.9 338  337  517  180  279  517  238
 2 1971  66.9 16.8 16.2  0.6   3  61.8  140.6 368  362  522  160  305  540  235
 3 1972  81.9 15.0 13.8  1.2   8  70.1  210.7 365  350  536  186  311  554  243
 4 1973  99.0 17.1 16.2  0.9   5  97.2  307.9 365  357  513  156  295  527  232
 5 1974 131.7 32.7 32.4  0.3   0 237.0  544.9 347  346  513  167  273  513  240
 6 1975 141.3  9.6  9.3  0.3   3  82.3  627.2 352  347  503  156  306  503  197
 7 1976 158.1 16.8 16.2  0.6   3 158.0  785.3 377  371  537  166  299  548  249
 8 1977 165.3  7.2  6.0  1.2  16  73.2  858.4 423  400  539  139  349  614  265
 9 1978 170.7  5.4  5.1  0.3   5  57.0  915.4 413  405  543  138  359  543  184
10 1979 175.5  4.8  4.2  0.6  12  52.2  967.6 425  409  536  127  375  559  184
11 1980 180.3  4.8  4.5  0.3   6  53.7 1021.3 390  382  512  130  318  512  194
12 1981 185.1  4.8  4.5  0.3   6  55.1 1076.4 387  377  536  159  329  536  207
13 1982 189.6  4.5  3.9  0.6  13  53.0 1129.3 386  361  549  188  330  561  231
14 1983 195.3  5.7  5.4  0.3   5  68.9 1198.3 407  400  523  123  335  523  188
15 1984 197.4  2.1  1.8  0.3  14  25.9 1224.2 419  405  508  103  355  508  153

Core Length:  195.9 mm
Core Density: 384 kg/m3
Cross-sectional Density:  375 kg/m3
Early/Latewood Threshold: 500 kg/m3
Attenuation Constant: 3.17

ִִִִִִִִִִִִִִִִִִִִִִִִִִִִִִִִִִִִִִִִִִִִִִִִִִִִִִִִִִִִִִִִִִִִִִִִִִִִִִִ
Core : 37
ֲֲֲִִִִִִִִִִִִִִִִִִִִִִִִִִִִִִִִִִִִִִִִִִִִִִִִִִִִִִִִִִִִִִִִִִִִִִִִִִִִ
       ³Widths (mm)              ³ Areas    ³ Densities (kg/m3)
       ³                         ³ (cm‎)    ³
Ring   ³Outer Ring Erly Late   % ³Incr Total³Ring E/Wd L/Wd Unif  Min  Max  Rng
 # Year³ Rad.      Wood Wood  LW ³          ³mean mean mean
ֱֱֱִִִִִִִִִִִִִִִִִִִִִִִִִִִִִִִִִִִִִִִִִִִִִִִִִִִִִִִִִִִִִִִִִִִִִִִִִִִִ

 1 1970 105.9105.9102.6  0.3   0 352.3  352.3 304  303  511  208  229  511  282
 2 1971 125.7 19.8 19.5  0.3   1 144.1  496.4 315  311  521  210  237  521  284
 3 1972 135.3  9.6  9.3  0.3   3  78.7  575.1 295  288  531  243  233  531  298
 4 1973 142.5  7.2  6.6  0.6   8  62.8  637.9 350  333  538  205  274  554  280
 5 1974 149.7  7.2  6.9  0.3   4  66.1  704.0 351  344  510  166  292  510  218
 6 1975 155.4  5.7  5.1  0.6  10  54.6  758.7 370  351  533  182  278  540  262
 7 1976 159.9  4.5  4.2  0.3   6  44.6  803.2 350  336  547  211  256  547  291
 8 1977 174.9 15.0 14.4  0.6   4 157.8  961.0 358  351  524  173  232  526  294
 9 1978 178.5  3.6  3.3  0.3   8  40.0 1001.0 380  366  533  167  292  533  241
10 1979 181.5  3.0  2.4  0.6  20  33.9 1034.9 402  375  507  132  323  510  187
11 1980 184.5  3.0  2.4  0.6  20  34.5 1069.4 413  385  525  140  310  546  236

Core Length:  184.2 mm
Core Density: 353 kg/m3
Cross-sectional Density:  333 kg/m3
Early/Latewood Threshold: 500 kg/m3
Attenuation Constant: 3.17

ִִִִִִִִִִִִִִִִִִִִִִִִִִִִִִִִִִִִִִִִִִִִִִִִִִִִִִִִִִִִִִִִִִִִִִִִִִִִִִִ
Core : 38
ֲֲֲִִִִִִִִִִִִִִִִִִִִִִִִִִִִִִִִִִִִִִִִִִִִִִִִִִִִִִִִִִִִִִִִִִִִִִִִִִִִ
       ³Widths (mm)              ³ Areas    ³ Densities (kg/m3)
       ³                         ³ (cm‎)    ³
Ring   ³Outer Ring Erly Late   % ³Incr Total³Ring E/Wd L/Wd Unif  Min  Max  Rng
 # Year³ Rad.      Wood Wood  LW ³          ³mean mean mean
ֱֱֱִִִִִִִִִִִִִִִִִִִִִִִִִִִִִִִִִִִִִִִִִִִִִִִִִִִִִִִִִִִִִִִִִִִִִִִִִִִִ

 5 1998  26.2 26.2 19.2  0.0   0  21.6   21.6 344  344    0    0  286  496  210
 6 1999  43.9 17.7 16.8  0.9   5  39.0   60.5 376  368  521  153  296  531  235
 7 2000  66.1 22.2 22.2  0.0   0  76.7  137.3 367  367    0    0  286  489  203
 8 2001  84.1 18.0 18.0  0.0   0  84.9  222.2 350  350    0    0  297  492  195
 9 2002 105.4 21.3 21.0  0.3   1 126.8  349.0 307  305  503  198  237  503  266
10 2003 122.2 16.8 15.9  0.9   5 120.1  469.1 330  319  526  207  240  541  301
11 2004 138.1 15.9 15.3  0.6   3 130.0  599.2 340  333  511  178  279  514  235
12 2005 155.2 17.1 16.5  0.6   3 157.6  756.7 324  317  532  215  249  541  292
13 2006 172.9 17.7 17.1  0.6   3 182.4  939.2 352  346  524  178  270  546  276
14 2007 188.5 15.6 15.6  0.0   0 177.1 1116.3 348  348    0    0  275  497  222
15 2008 203.5 15.0 14.1  0.9   5 184.7 1301.0 374  364  529  165  304  538  234
16 2009 216.7 13.2 12.6  0.6   4 174.3 1475.3 348  340  526  186  281  527  246
17 2010 229.0 12.3 11.7  0.6   4 172.2 1647.5 378  369  554  185  301  573  272
18 2011 242.5 13.5 12.9  0.6   4 200.0 1847.5 350  342  521  179  294  527  233
19 2012 255.1 12.6 11.7  0.9   7 197.0 2044.4 372  359  531  172  305  552  247
20 2013 267.1 12.0 10.5  1.5  12 196.9 2241.3 391  366  567  201  314  591  277
21 2014 281.2 14.1 12.0  2.1  14 242.9 2484.2 407  383  543  160  330  613  283
22 2015 291.4 10.2  7.8  2.4  23 183.5 2667.7 456  428  547  119  374  618  244
23 2016 305.2 13.8  9.0  4.8  34 258.6 2926.3 483  436  570  134  370  668  298

Core Length:  305.1 mm
Core Density: 368 kg/m3
Cross-sectional Density:  376 kg/m3
Early/Latewood Threshold: 500 kg/m3
Attenuation Constant: 3.17

ִִִִִִִִִִִִִִִִִִִִִִִִִִִִִִִִִִִִִִִִִִִִִִִִִִִִִִִִִִִִִִִִִִִִִִִִִִִִִִִ
Core : 44
ֲֲֲִִִִִִִִִִִִִִִִִִִִִִִִִִִִִִִִִִִִִִִִִִִִִִִִִִִִִִִִִִִִִִִִִִִִִִִִִִִִ
       ³Widths (mm)              ³ Areas    ³ Densities (kg/m3)
       ³                         ³ (cm‎)    ³
Ring   ³Outer Ring Erly Late   % ³Incr Total³Ring E/Wd L/Wd Unif  Min  Max  Rng
 # Year³ Rad.      Wood Wood  LW ³          ³mean mean mean
ֱֱֱִִִִִִִִִִִִִִִִִִִִִִִִִִִִִִִִִִִִִִִִִִִִִִִִִִִִִִִִִִִִִִִִִִִִִִִִִִִִ

 3 1996  14.0 14.0 12.0  0.0   0   6.2    6.2 324  324    0    0  244  448  204
 4 1997  32.3 18.3 17.1  1.2   6  26.6   32.8 340  326  540  214  269  551  282
 5 1998  53.3 21.0 18.9  2.1  10  56.5   89.2 361  341  543  202  287  597  310
 6 1999  74.3 21.0 19.5  1.5   7  84.2  173.4 376  364  533  169  310  548  238
 7 2000  94.4 20.1 19.5  0.6   2 106.5  280.0 356  350  563  213  285  566  281
 8 2001 114.8 20.4 19.5  0.9   4 134.1  414.0 376  369  518  149  311  526  215
 9 2002 133.4 18.6 17.4  1.2   6 145.0  559.1 377  365  542  177  301  585  284
10 2003 149.6 16.2 15.6  0.6   3 144.0  703.1 390  384  559  175  314  583  269
11 2004 164.6 15.0 14.1  0.9   6 148.1  851.2 384  375  529  154  310  544  234
12 2005 180.8 16.2 15.3  0.9   5 175.8 1026.9 363  353  527  174  304  544  240
13 2006 194.6 13.8 13.2  0.6   4 162.8 1189.7 384  379  503  124  310  506  196
14 2007 208.4 13.8 13.5  0.3   2 174.7 1364.4 374  371  540  169  321  540  219
15 2008 221.9 13.5 12.6  0.9   6 182.5 1546.9 390  382  508  126  321  510  189
16 2009 233.0 11.1 10.5  0.6   5 158.6 1705.5 365  355  532  177  311  546  235
17 2010 244.4 11.4 10.8  0.6   5 171.0 1876.5 377  367  550  183  308  569  261
18 2011 257.0 12.6 12.3  0.3   2 198.5 2075.0 359  355  502  147  301  502  201
19 2012 269.9 12.9 12.0  0.9   6 213.5 2288.5 387  376  527  151  302  545  243
20 2013 281.6 11.7 10.8  0.9   7 202.7 2491.2 390  377  550  173  316  560  244
21 2014 291.5  9.9  9.6  0.3   3 178.2 2669.5 380  376  507  131  311  507  196
22 2015 299.6  8.1  7.8  0.3   3 150.4 2819.9 400  395  508  113  332  508  176
23 2016 307.1  7.5  6.9  0.6   8 143.0 2962.8 389  377  529  152  315  547  232

Core Length:  309.3 mm
Core Density: 373 kg/m3
Cross-sectional Density:  378 kg/m3
Early/Latewood Threshold: 500 kg/m3
Attenuation Constant: 3.17

ִִִִִִִִִִִִִִִִִִִִִִִִִִִִִִִִִִִִִִִִִִִִִִִִִִִִִִִִִִִִִִִִִִִִִִִִִִִִִִִ
Core : 47
ֲֲֲִִִִִִִִִִִִִִִִִִִִִִִִִִִִִִִִִִִִִִִִִִִִִִִִִִִִִִִִִִִִִִִִִִִִִִִִִִִִ
       ³Widths (mm)              ³ Areas    ³ Densities (kg/m3)
       ³                         ³ (cm‎)    ³
Ring   ³Outer Ring Erly Late   % ³Incr Total³Ring E/Wd L/Wd Unif  Min  Max  Rng
 # Year³ Rad.      Wood Wood  LW ³          ³mean mean mean
ֱֱֱִִִִִִִִִִִִִִִִִִִִִִִִִִִִִִִִִִִִִִִִִִִִִִִִִִִִִִִִִִִִִִִִִִִִִִִִִִִִ

 1 1970  46.5 46.5 46.2  0.3   0  67.9   67.9 328  327  525  198  100  525  425
 2 1971  64.8 18.3 17.1  1.2   6  64.0  131.9 381  369  551  182  331  579  248
 3 1972  82.2 17.4 15.6  1.8  10  80.4  212.3 392  376  534  158  313  564  251
 4 1973 108.6 26.4 19.8  6.6  25 158.2  370.5 452  421  545  124  379  613  234
 5 1974 132.6 24.0 21.9  2.1   8 181.9  552.4 434  425  522   97  381  563  182
 6 1975 154.5 21.9 21.0  0.9   4 197.5  749.9 408  404  504  100  346  507  161
 7 1976 170.4 15.9 15.0  0.9   5 162.3  912.2 396  388  518  130  327  540  213
 8 1977 186.0 15.6 14.1  1.5   9 174.7 1086.9 402  390  521  131  300  537  237
 9 1978 202.5 16.5 15.3  1.2   7 201.4 1288.2 379  366  539  173  307  571  264
10 1979 217.2 14.7 12.9  1.8  12 193.8 1482.1 415  399  533  134  323  585  262
11 1980 244.5 27.3 24.9  2.4   8 396.0 1878.1 408  396  533  137  337  574  237
12 1981 255.3 10.8  9.9  0.9   8 169.6 2047.6 399  387  533  146  337  551  214
13 1982 263.4  8.1  6.9  1.2  14 132.0 2179.6 415  395  534  139  355  558  203
14 1983 270.0  6.6  5.7  0.9  13 110.6 2290.2 417  402  511  109  347  522  175
15 1984 275.4  5.4  4.8  0.6  11  92.5 2382.7 425  413  523  110  345  541  196
16 1985 279.6  4.2  2.4  1.8  42  73.2 2456.0 475  405  568  163  368  633  265
17 1986 282.9  3.3  2.7  0.6  18  58.3 2514.3 466  441  580  139  388  621  233
18 1987 285.9  3.0  1.5  1.5  50  53.6 2567.9 489  435  543  108  399  585  186
19 1988 290.4  4.5  2.7  1.8  40  81.5 2649.4 497  448  571  123  407  616  209

Core Length:  294.3 mm
Core Density: 419 kg/m3
Cross-sectional Density:  414 kg/m3
Early/Latewood Threshold: 500 kg/m3
Attenuation Constant: 3.17

