File : C:\DENSITOM\BLUEMO~2\BLMT25.DAT
Cores :
5
8
101
102
12
15
21
23
24
29
32
42
47

ִִִִִִִִִִִִִִִִִִִִִִִִִִִִִִִִִִִִִִִִִִִִִִִִִִִִִִִִִִִִִִִִִִִִִִִִִִִִִִִ
Core : 5
ֲֲֲִִִִִִִִִִִִִִִִִִִִִִִִִִִִִִִִִִִִִִִִִִִִִִִִִִִִִִִִִִִִִִִִִִִִִִִִִִִִ
       ³Widths (mm)              ³ Areas    ³ Densities (kg/m3)
       ³                         ³ (cm‎)    ³
Ring   ³Outer Ring Erly Late   % ³Incr Total³Ring E/Wd L/Wd Unif  Min  Max  Rng
 # Year³ Rad.      Wood Wood  LW ³          ³mean mean mean
ֱֱֱִִִִִִִִִִִִִִִִִִִִִִִִִִִִִִִִִִִִִִִִִִִִִִִִִִִִִִִִִִִִִִִִִִִִִִִִִִִִ

 4 1996  23.4 23.4 14.4  0.0   0  17.2   17.2 317  317    0    0  267  433  166
 5 1997  40.2 16.8 16.8  0.0   0  33.6   50.8 338  338    0    0  278  496  218
 6 1998  58.5 18.3 17.7  0.6   3  56.7  107.5 351  346  512  166  285  519  234
 7 1999  77.4 18.9 17.7  1.2   6  80.7  188.2 375  365  515  150  306  532  226
 8 2000  96.6 19.2 18.3  0.9   4 105.0  293.2 363  355  517  162  301  542  241
 9 2001 107.7 11.1 11.1  0.0   0  71.2  364.4 352  352    0    0  300  445  145
10 2002 119.1 11.4 11.4  0.0   0  81.2  445.6 346  346    0    0  284  488  204
11 2003 129.9 10.8 10.5  0.3   2  84.5  530.1 360  355  532  177  294  532  238
12 2004 139.8  9.9  9.9  0.0   0  83.9  614.0 376  376    0    0  324  490  166
13 2005 151.5 11.7 11.7  0.0   0 107.1  721.1 323  323    0    0  281  484  203
14 2006 162.0 10.5 10.2  0.3   2 103.4  824.5 347  342  506  164  287  506  219
15 2007 170.7  8.7  8.7  0.0   0  90.9  915.4 338  338    0    0  290  475  185
16 2008 180.9 10.2  9.9  0.3   2 112.7 1028.1 361  356  528  172  279  528  249
17 2009 189.9  9.0  8.4  0.6   6 104.8 1132.9 354  342  523  181  294  534  240
18 2010 197.1  7.2  6.6  0.6   8  87.5 1220.5 373  361  509  148  336  512  176
19 2011 203.7  6.6  6.6  0.0   0  83.1 1303.6 341  341    0    0  276  489  213
20 2012 209.4  5.7  5.7  0.0   0  74.0 1377.5 356  356    0    0  302  487  185
21 2013 214.8  5.4  5.4  0.0   0  72.0 1449.5 351  351    0    0  304  481  177
22 2014 220.5  5.7  5.7  0.0   0  77.9 1527.5 354  354    0    0  308  486  178
23 2015 225.9  5.4  5.1  0.3   5  75.7 1603.2 370  362  502  140  298  502  204
24 2016 231.0  5.1  5.1  0.0   0  73.2 1676.4 340  340    0    0  283  468  185

Core Length:  224.7 mm
Core Density: 351 kg/m3
Cross-sectional Density:  353 kg/m3
Early/Latewood Threshold: 500 kg/m3
Attenuation Constant: 3.17

ִִִִִִִִִִִִִִִִִִִִִִִִִִִִִִִִִִִִִִִִִִִִִִִִִִִִִִִִִִִִִִִִִִִִִִִִִִִִִִִ
Core : 8
ֲֲֲִִִִִִִִִִִִִִִִִִִִִִִִִִִִִִִִִִִִִִִִִִִִִִִִִִִִִִִִִִִִִִִִִִִִִִִִִִִִ
       ³Widths (mm)              ³ Areas    ³ Densities (kg/m3)
       ³                         ³ (cm‎)    ³
Ring   ³Outer Ring Erly Late   % ³Incr Total³Ring E/Wd L/Wd Unif  Min  Max  Rng
 # Year³ Rad.      Wood Wood  LW ³          ³mean mean mean
ֱֱֱִִִִִִִִִִִִִִִִִִִִִִִִִִִִִִִִִִִִִִִִִִִִִִִִִִִִִִִִִִִִִִִִִִִִִִִִִִִִ

 4 1996  25.4 25.4 17.4  0.0   0  20.3   20.3 322  322    0    0  273  423  150
 5 1997  44.6 19.2 19.2  0.0   0  42.2   62.5 347  347    0    0  295  474  179
 6 1998  63.2 18.6 18.3  0.3   1  63.0  125.5 337  334  509  175  285  509  224
 7 1999  80.0 16.8 16.5  0.3   1  75.6  201.1 349  346  517  171  265  517  252
 8 2000  95.9 15.9 15.6  0.3   1  87.9  288.9 332  328  503  175  290  503  213
 9 2001 109.7 13.8 13.8  0.0   0  89.1  378.1 338  338    0    0  271  449  178
10 2002 123.2 13.5 13.5  0.0   0  98.8  476.8 312  312    0    0  264  417  153
11 2003 130.7  7.5  7.5  0.0   0  59.8  536.7 330  330    0    0  271  477  206
12 2004 135.5  4.8  4.8  0.0   0  40.1  576.8 375  375    0    0  322  455  133
13 2005 146.9 11.4 11.4  0.0   0 101.1  677.9 317  317    0    0  262  486  224
14 2006 158.6 11.7 11.7  0.0   0 112.3  790.2 337  337    0    0  270  490  220
15 2007 168.8 10.2 10.2  0.0   0 104.9  895.1 340  340    0    0  292  484  192
16 2008 177.2  8.4  7.8  0.6   7  91.3  986.5 381  371  514  143  308  522  214
17 2009 187.7 10.5  9.9  0.6   5 120.4 1106.8 342  332  520  188  285  527  242
18 2010 195.5  7.8  7.5  0.3   3  93.9 1200.7 346  339  529  190  308  529  221
19 2011 202.1  6.6  6.6  0.0   0  82.4 1283.2 322  322    0    0  269  484  215
20 2012 207.2  5.1  5.1  0.0   0  65.6 1348.7 319  319    0    0  269  479  210
21 2013 213.2  6.0  5.4  0.6  10  79.2 1428.0 348  327  530  203  290  534  244
22 2014 218.6  5.4  5.4  0.0   0  73.3 1501.2 329  329    0    0  298  423  125
23 2015 221.6  3.0  3.0  0.0   0  41.5 1542.7 324  324    0    0  288  399  111
24 2016 224.6  3.0  3.0  0.0   0  42.1 1584.8 321  321    0    0  293  428  135

Core Length:  218.1 mm
Core Density: 336 kg/m3
Cross-sectional Density:  336 kg/m3
Early/Latewood Threshold: 500 kg/m3
Attenuation Constant: 3.17

ִִִִִִִִִִִִִִִִִִִִִִִִִִִִִִִִִִִִִִִִִִִִִִִִִִִִִִִִִִִִִִִִִִִִִִִִִִִִִִִ
Core : 101
ֲֲֲִִִִִִִִִִִִִִִִִִִִִִִִִִִִִִִִִִִִִִִִִִִִִִִִִִִִִִִִִִִִִִִִִִִִִִִִִִִִ
       ³Widths (mm)              ³ Areas    ³ Densities (kg/m3)
       ³                         ³ (cm‎)    ³
Ring   ³Outer Ring Erly Late   % ³Incr Total³Ring E/Wd L/Wd Unif  Min  Max  Rng
 # Year³ Rad.      Wood Wood  LW ³          ³mean mean mean
ֱֱֱִִִִִִִִִִִִִִִִִִִִִִִִִִִִִִִִִִִִִִִִִִִִִִִִִִִִִִִִִִִִִִִִִִִִִִִִִִִִ

 8 2001  12.9 12.9 12.9  0.0   0   5.2    5.2 340  340    0    0  270  465  195
 9 2002  18.3  5.4  5.4  0.0   0   5.3   10.5 334  334    0    0  303  459  156
10 2003  21.9  3.6  3.3  0.3   8   4.5   15.1 345  329  525  196  283  525  242
11 2004  25.5  3.6  3.6  0.0   0   5.4   20.4 377  377    0    0  307  444  137
12 2005  29.4  3.9  3.6  0.3   7   6.7   27.2 328  311  534  223  270  534  264
13 2006  33.3  3.9  3.6  0.3   7   7.7   34.8 384  371  541  170  293  541  248
14 2007  37.8  4.5  4.2  0.3   6  10.1   44.9 393  384  516  132  332  516  184
15 2008  41.1  3.3  2.7  0.6  18   8.2   53.1 389  357  535  178  310  555  245
16 2009  44.1  3.0  3.0  0.0   0   8.0   61.1 359  359    0    0  300  496  196
17 2010  47.7  3.6  3.3  0.3   8  10.4   71.5 386  366  596  230  335  596  261
18 2011  52.2  4.5  3.9  0.6  13  14.1   85.6 383  359  533  174  306  547  241
19 2012  56.7  4.5  4.2  0.3   6  15.4  101.0 385  370  594  224  325  594  269
20 2013  60.9  4.2  3.9  0.3   7  15.5  116.5 386  373  550  177  323  550  227
21 2014  64.8  3.9  3.6  0.3   7  15.4  131.9 378  364  548  184  317  548  231
22 2015  68.1  3.3  2.7  0.6  18  13.8  145.7 404  374  540  166  318  561  243
23 2016  72.3  4.2  3.6  0.6  14  18.5  164.2 400  374  557  183  325  591  266

Core Length:  74.4 mm
Core Density: 373 kg/m3
Cross-sectional Density:  380 kg/m3
Early/Latewood Threshold: 500 kg/m3
Attenuation Constant: 3.17

ִִִִִִִִִִִִִִִִִִִִִִִִִִִִִִִִִִִִִִִִִִִִִִִִִִִִִִִִִִִִִִִִִִִִִִִִִִִִִִִ
Core : 102
ֲֲֲִִִִִִִִִִִִִִִִִִִִִִִִִִִִִִִִִִִִִִִִִִִִִִִִִִִִִִִִִִִִִִִִִִִִִִִִִִִִ
       ³Widths (mm)              ³ Areas    ³ Densities (kg/m3)
       ³                         ³ (cm‎)    ³
Ring   ³Outer Ring Erly Late   % ³Incr Total³Ring E/Wd L/Wd Unif  Min  Max  Rng
 # Year³ Rad.      Wood Wood  LW ³          ³mean mean mean
ֱֱֱִִִִִִִִִִִִִִִִִִִִִִִִִִִִִִִִִִִִִִִִִִִִִִִִִִִִִִִִִִִִִִִִִִִִִִִִִִִִ

 1 1994   4.2  4.2  4.2  0.0   0   0.6    0.6 390  390    0    0  332  457  125
 2 1995  17.7 13.5 12.9  0.6   4   9.3    9.8 409  403  524  121  326  526  200
 3 1996  26.4  8.7  8.7  0.0   0  12.1   21.9 379  379    0    0  333  473  140
 4 1997  43.5 17.1 15.6  1.5   8  37.6   59.4 413  398  567  169  350  616  266
 5 1998  60.3 16.8 15.3  1.5   8  54.8  114.2 446  433  579  146  392  611  219
 6 1999  75.6 15.3 12.6  2.7  17  65.3  179.6 444  421  551  130  362  639  277
 7 2000  91.2 15.6 12.0  3.6  23  81.7  261.3 441  410  543  133  363  601  238
 8 2001 105.0 13.8 10.5  3.3  23  85.1  346.4 450  424  532  108  376  569  193
 9 2002 117.6 12.6 10.5  2.1  16  88.1  434.5 444  422  555  133  384  585  201
10 2003 126.3  8.7  6.6  2.1  24  66.7  501.1 461  431  554  123  387  616  229
11 2004 134.4  8.1  5.4  2.7  33  66.3  567.5 495  472  541   69  419  637  218
12 2005 147.0 12.6  9.6  3.0  23 111.4  678.9 463  431  566  135  400  673  273
13 2006 164.1 17.1 11.1  6.0  35 167.1  846.0 497  462  560   98  409  668  259

Core Length:  166.2 mm
Core Density: 440 kg/m3
Cross-sectional Density:  460 kg/m3
Early/Latewood Threshold: 500 kg/m3
Attenuation Constant: 3.17

ִִִִִִִִִִִִִִִִִִִִִִִִִִִִִִִִִִִִִִִִִִִִִִִִִִִִִִִִִִִִִִִִִִִִִִִִִִִִִִִ
Core : 12
ֲֲֲִִִִִִִִִִִִִִִִִִִִִִִִִִִִִִִִִִִִִִִִִִִִִִִִִִִִִִִִִִִִִִִִִִִִִִִִִִִִ
       ³Widths (mm)              ³ Areas    ³ Densities (kg/m3)
       ³                         ³ (cm‎)    ³
Ring   ³Outer Ring Erly Late   % ³Incr Total³Ring E/Wd L/Wd Unif  Min  Max  Rng
 # Year³ Rad.      Wood Wood  LW ³          ³mean mean mean
ֱֱֱִִִִִִִִִִִִִִִִִִִִִִִִִִִִִִִִִִִִִִִִִִִִִִִִִִִִִִִִִִִִִִִִִִִִִִִִִִִִ

 1 1995   4.5  4.5  4.5  0.0   0   0.6    0.6 349  349    0    0  318  398   80
 2 1996  16.5 12.0 12.0  0.0   0   7.9    8.6 323  323    0    0  278  416  138
 3 1997  30.0 13.5 13.5  0.0   0  19.7   28.3 327  327    0    0  279  460  181
 4 1998  45.3 15.3 15.3  0.0   0  36.2   64.5 320  320    0    0  257  455  198
 5 1999  60.3 15.0 14.7  0.3   2  49.8  114.2 337  333  520  187  258  520  262
 6 2000  73.5 13.2 13.2  0.0   0  55.5  169.7 356  356    0    0  283  497  214
 7 2001  82.5  9.0  8.7  0.3   3  44.1  213.8 376  372  504  132  318  504  186
 8 2002  91.2  8.7  8.4  0.3   3  47.5  261.3 354  347  536  189  290  536  246
 9 2003  97.5  6.3  6.0  0.3   4  37.3  298.6 372  364  525  161  307  525  218
10 2004 102.9  5.4  5.1  0.3   5  34.0  332.6 431  426  517   91  383  517  134
11 2005 110.7  7.8  7.5  0.3   3  52.3  385.0 364  355  585  230  309  585  276
12 2006 118.5  7.8  7.2  0.6   7  56.2  441.2 381  366  556  190  302  587  285
13 2007 125.1  6.6  6.3  0.3   4  50.5  491.7 382  376  508  132  325  508  183
14 2008 130.2  5.1  4.5  0.6  11  40.9  532.6 415  394  573  179  336  597  261
15 2009 136.5  6.3  6.0  0.3   4  52.8  585.3 395  384  611  227  349  611  262
16 2010 141.9  5.4  4.8  0.6  11  47.2  632.6 405  388  537  149  342  573  231
17 2011 147.6  5.7  5.4  0.3   5  51.8  684.4 375  366  538  172  301  538  237
18 2012 153.6  6.0  5.4  0.6  10  56.8  741.2 387  372  515  143  318  531  213
19 2013 157.8  4.2  3.6  0.6  14  41.1  782.3 395  365  574  209  338  612  274
20 2014 160.8  3.0  2.7  0.3  10  30.0  812.3 395  379  543  164  338  543  205
21 2015 163.5  2.7  1.8  0.9  33  27.5  839.8 421  365  534  169  343  577  234
22 2016 166.8  3.3  3.0  0.3   9  34.2  874.1 393  378  542  164  327  542  215

Core Length:  168.0 mm
Core Density: 375 kg/m3
Cross-sectional Density:  378 kg/m3
Early/Latewood Threshold: 500 kg/m3
Attenuation Constant: 3.17

ִִִִִִִִִִִִִִִִִִִִִִִִִִִִִִִִִִִִִִִִִִִִִִִִִִִִִִִִִִִִִִִִִִִִִִִִִִִִִִִ
Core : 15
ֲֲֲִִִִִִִִִִִִִִִִִִִִִִִִִִִִִִִִִִִִִִִִִִִִִִִִִִִִִִִִִִִִִִִִִִִִִִִִִִִִ
       ³Widths (mm)              ³ Areas    ³ Densities (kg/m3)
       ³                         ³ (cm‎)    ³
Ring   ³Outer Ring Erly Late   % ³Incr Total³Ring E/Wd L/Wd Unif  Min  Max  Rng
 # Year³ Rad.      Wood Wood  LW ³          ³mean mean mean
ֱֱֱִִִִִִִִִִִִִִִִִִִִִִִִִִִִִִִִִִִִִִִִִִִִִִִִִִִִִִִִִִִִִִִִִִִִִִִִִִִִ

 2 1995  12.9 12.9  9.9  0.0   0   5.2    5.2 356  356    0    0  308  483  175
 3 1996  27.3 14.4 14.4  0.0   0  18.2   23.4 355  355    0    0  303  433  130
 4 1997  43.5 16.2 15.6  0.6   3  36.0   59.4 357  352  501  149  303  501  198
 5 1998  59.7 16.2 15.6  0.6   3  52.5  112.0 367  360  537  177  314  542  228
 6 1999  74.7 15.0 14.7  0.3   1  63.3  175.3 365  362  520  158  318  520  202
 7 2000  87.9 13.2 12.6  0.6   4  67.4  242.7 358  350  523  173  296  535  239
 8 2001  97.5  9.6  8.4  1.2  12  55.9  298.6 377  353  546  193  314  562  248
 9 2002 105.9  8.4  7.8  0.6   7  53.7  352.3 361  349  524  175  280  547  267
10 2003 111.9  6.0  5.4  0.6  10  41.1  393.4 360  335  582  247  288  623  335
11 2004 116.4  4.5  3.3  1.2  26  32.3  425.7 432  396  533  137  331  562  231
12 2005 124.5  8.1  7.5  0.6   7  61.3  487.0 360  346  538  192  306  577  271
13 2006 134.1  9.6  8.7  0.9   9  78.0  564.9 379  362  536  174  309  574  265
14 2007 142.2  8.1  7.5  0.6   7  70.3  635.3 372  360  522  162  322  539  217
15 2008 148.5  6.3  4.8  1.5  23  57.5  692.8 408  366  543  177  325  578  253
16 2009 154.8  6.3  5.7  0.6   9  60.0  752.8 364  347  527  180  302  542  240
17 2010 161.1  6.3  5.7  0.6   9  62.5  815.3 390  374  536  162  332  562  230
18 2011 166.2  5.1  5.1  0.0   0  52.4  867.8 359  359    0    0  292  477  185
19 2012 170.7  4.5  4.5  0.0   0  47.6  915.4 354  354    0    0  296  479  183
20 2013 175.5  4.8  3.9  0.9  18  52.2  967.6 387  345  569  224  294  618  324
21 2014 179.1  3.6  3.3  0.3   8  40.1 1007.7 387  375  523  148  335  523  188
22 2015 181.8  2.7  2.7  0.0   0  30.6 1038.3 363  363    0    0  315  454  139
23 2016 184.8  3.0  2.7  0.3  10  34.6 1072.9 368  352  512  160  326  512  186

Core Length:  183.6 mm
Core Density: 371 kg/m3
Cross-sectional Density:  372 kg/m3
Early/Latewood Threshold: 500 kg/m3
Attenuation Constant: 3.17

ִִִִִִִִִִִִִִִִִִִִִִִִִִִִִִִִִִִִִִִִִִִִִִִִִִִִִִִִִִִִִִִִִִִִִִִִִִִִִִִ
Core : 21
ֲֲֲִִִִִִִִִִִִִִִִִִִִִִִִִִִִִִִִִִִִִִִִִִִִִִִִִִִִִִִִִִִִִִִִִִִִִִִִִִִִ
       ³Widths (mm)              ³ Areas    ³ Densities (kg/m3)
       ³                         ³ (cm‎)    ³
Ring   ³Outer Ring Erly Late   % ³Incr Total³Ring E/Wd L/Wd Unif  Min  Max  Rng
 # Year³ Rad.      Wood Wood  LW ³          ³mean mean mean
ֱֱֱִִִִִִִִִִִִִִִִִִִִִִִִִִִִִִִִִִִִִִִִִִִִִִִִִִִִִִִִִִִִִִִִִִִִִִִִִִִִ

 1 1995   5.1  5.1  5.1  0.0   0   0.8    0.8 342  342    0    0  287  415  128
 2 1996  13.2  8.1  8.1  0.0   0   4.7    5.5 371  371    0    0  284  474  190
 3 1997  25.8 12.6 12.6  0.0   0  15.4   20.9 366  366    0    0  302  452  150
 4 1998  43.2 17.4 17.4  0.0   0  37.7   58.6 331  331    0    0  264  474  210
 5 1999  63.6 20.4 20.4  0.0   0  68.4  127.1 340  340    0    0  284  480  196
 6 2000  81.6 18.0 17.7  0.3   1  82.1  209.2 332  329  526  197  280  526  246
 7 2001  96.9 15.3 15.3  0.0   0  85.8  295.0 325  325    0    0  265  467  202
 8 2002 106.8  9.9  9.9  0.0   0  63.4  358.3 300  300    0    0  243  452  209
 9 2003 114.3  7.5  7.5  0.0   0  52.1  410.4 307  307    0    0  251  472  221
10 2004 123.6  9.3  9.3  0.0   0  69.5  479.9 348  348    0    0  286  473  187
11 2005 139.8 16.2 15.3  0.9   5 134.1  614.0 312  299  535  236  249  558  309
12 2006 156.6 16.8 16.2  0.6   3 156.4  770.4 328  321  525  204  268  542  274
13 2007 170.1 13.5 13.2  0.3   2 138.6  909.0 326  321  514  193  282  514  232
14 2008 180.6 10.5  9.9  0.6   5 115.7 1024.7 335  323  536  213  272  551  279
15 2009 188.4  7.8  7.2  0.6   7  90.4 1115.1 333  318  509  191  265  514  249
16 2010 195.0  6.6  6.3  0.3   4  79.5 1194.6 351  343  520  177  298  520  222
17 2011 201.6  6.6  6.6  0.0   0  82.2 1276.8 322  322    0    0  273  488  215
18 2012 207.0  5.4  5.4  0.0   0  69.3 1346.1 325  325    0    0  261  498  237
19 2013 210.9  3.9  3.9  0.0   0  51.2 1397.3 329  329    0    0  279  454  175
20 2014 216.0  5.1  4.8  0.3   5  68.4 1465.7 345  334  530  196  281  530  249
21 2015 222.9  6.9  6.6  0.3   4  95.1 1560.9 355  347  528  181  285  528  243
22 2016 230.7  7.8  7.2  0.6   7 111.2 1672.0 355  341  534  193  289  551  262

Core Length:  234.9 mm
Core Density: 335 kg/m3
Cross-sectional Density:  332 kg/m3
Early/Latewood Threshold: 500 kg/m3
Attenuation Constant: 3.17

ִִִִִִִִִִִִִִִִִִִִִִִִִִִִִִִִִִִִִִִִִִִִִִִִִִִִִִִִִִִִִִִִִִִִִִִִִִִִִִִ
Core : 23
ֲֲֲִִִִִִִִִִִִִִִִִִִִִִִִִִִִִִִִִִִִִִִִִִִִִִִִִִִִִִִִִִִִִִִִִִִִִִִִִִִִ
       ³Widths (mm)              ³ Areas    ³ Densities (kg/m3)
       ³                         ³ (cm‎)    ³
Ring   ³Outer Ring Erly Late   % ³Incr Total³Ring E/Wd L/Wd Unif  Min  Max  Rng
 # Year³ Rad.      Wood Wood  LW ³          ³mean mean mean
ֱֱֱִִִִִִִִִִִִִִִִִִִִִִִִִִִִִִִִִִִִִִִִִִִִִִִִִִִִִִִִִִִִִִִִִִִִִִִִִִִִ

 3 1996  18.9 18.9 12.9  0.0   0  11.2   11.2 316  316    0    0  282  442  160
 4 1997  35.1 16.2 16.2  0.0   0  27.5   38.7 332  332    0    0  270  454  184
 5 1998  52.2 17.1 16.2  0.9   5  46.9   85.6 333  323  511  188  257  529  272
 6 1999  69.0 16.8 16.5  0.3   1  64.0  149.6 359  356  542  186  306  542  236
 7 2000  84.3 15.3 15.3  0.0   0  73.7  223.3 322  322    0    0  262  488  226
 8 2001  98.1 13.8 13.5  0.3   2  79.1  302.3 324  319  515  196  275  515  240
 9 2002 107.7  9.6  9.6  0.0   0  62.1  364.4 331  331    0    0  273  459  186
10 2003 113.1  5.4  5.1  0.3   5  37.5  401.9 340  329  514  185  276  514  238
11 2004 118.5  5.4  5.1  0.3   5  39.3  441.2 392  381  564  183  275  564  289
12 2005 126.6  8.1  7.5  0.6   7  62.4  503.5 359  343  561  218  272  617  345
13 2006 135.6  9.0  8.1  0.9  10  74.1  577.7 371  348  574  226  299  644  345
14 2007 143.4  7.8  7.5  0.3   3  68.4  646.0 358  350  565  215  300  565  265
15 2008 151.5  8.1  7.2  0.9  11  75.0  721.1 399  376  587  211  312  619  307
16 2009 158.7  7.2  6.9  0.3   4  70.2  791.2 350  342  543  201  307  543  236
17 2010 164.7  6.0  5.4  0.6  10  61.0  852.2 373  348  599  251  313  625  312
18 2011 169.5  4.8  4.5  0.3   6  50.4  902.6 379  369  531  162  303  531  228
19 2012 175.8  6.3  5.7  0.6   9  68.3  970.9 375  357  546  189  300  553  253
20 2013 179.4  3.6  3.3  0.3   8  40.2 1011.1 400  382  602  220  328  602  274
21 2014 181.2  1.8  1.5  0.3  16  20.4 1031.5 416  399  503  104  372  503  131
22 2015 182.4  1.2  0.9  0.3  25  13.7 1045.2 429  382  573  191  355  573  218
23 2016 184.5  2.1  1.2  0.9  42  24.2 1069.4 480  413  569  156  389  660  271

Core Length:  179.7 mm
Core Density: 368 kg/m3
Cross-sectional Density:  362 kg/m3
Early/Latewood Threshold: 500 kg/m3
Attenuation Constant: 3.17

ִִִִִִִִִִִִִִִִִִִִִִִִִִִִִִִִִִִִִִִִִִִִִִִִִִִִִִִִִִִִִִִִִִִִִִִִִִִִִִִ
Core : 24
ֲֲֲִִִִִִִִִִִִִִִִִִִִִִִִִִִִִִִִִִִִִִִִִִִִִִִִִִִִִִִִִִִִִִִִִִִִִִִִִִִִ
       ³Widths (mm)              ³ Areas    ³ Densities (kg/m3)
       ³                         ³ (cm‎)    ³
Ring   ³Outer Ring Erly Late   % ³Incr Total³Ring E/Wd L/Wd Unif  Min  Max  Rng
 # Year³ Rad.      Wood Wood  LW ³          ³mean mean mean
ֱֱֱִִִִִִִִִִִִִִִִִִִִִִִִִִִִִִִִִִִִִִִִִִִִִִִִִִִִִִִִִִִִִִִִִִִִִִִִִִִִ

 1 1994  10.3 10.3  9.3  0.0   0   3.3    3.3 332  332    0    0  279  420  141
 2 1995  23.2 12.9 12.9  0.0   0  13.6   16.9 316  316    0    0  250  443  193
 3 1996  37.6 14.4 14.4  0.0   0  27.5   44.4 315  315    0    0  255  458  203
 4 1997  55.0 17.4 17.4  0.0   0  50.6   95.0 340  340    0    0  280  465  185
 5 1998  72.1 17.1 16.8  0.3   1  68.3  163.3 331  328  527  199  266  527  261
 6 1999  83.5 11.4 11.4  0.0   0  55.7  219.0 336  336    0    0  279  438  159
 7 2000  94.9 11.4 11.4  0.0   0  63.9  282.9 318  318    0    0  273  438  165
 8 2001 103.0  8.1  8.1  0.0   0  50.4  333.3 339  339    0    0  280  465  185
 9 2002 112.6  9.6  9.6  0.0   0  65.0  398.3 337  337    0    0  272  486  214
10 2003 121.6  9.0  8.4  0.6   6  66.2  464.5 357  346  509  163  288  509  221
11 2004 130.3  8.7  8.1  0.6   6  68.8  533.4 408  400  518  118  360  526  166
12 2005 143.2 12.9 12.3  0.6   4 110.8  644.2 371  361  566  205  307  581  274
13 2006 157.0 13.8 12.0  1.8  13 130.1  774.4 403  385  529  144  320  596  276
14 2007 166.6  9.6  9.3  0.3   3  97.6  872.0 369  364  507  143  310  507  197
15 2008 171.7  5.1  4.5  0.6  11  54.2  926.2 365  346  503  157  299  504  205
16 2009 176.8  5.1  4.8  0.3   5  55.8  982.0 356  343  553  210  302  553  251
17 2010 183.4  6.6  6.3  0.3   4  74.7 1056.7 378  371  529  158  310  529  219
18 2011 188.5  5.1  4.5  0.6  11  59.6 1116.3 376  357  520  163  313  541  228
19 2012 193.0  4.5  4.2  0.3   6  53.9 1170.2 381  372  502  130  332  502  170
20 2013 197.2  4.2  3.9  0.3   7  51.5 1221.7 385  371  572  201  324  572  248
21 2014 200.5  3.3  3.3  0.0   0  41.2 1262.9 379  379    0    0  327  458  131
22 2015 203.8  3.3  2.4  0.9  27  41.9 1304.8 413  369  531  162  331  563  232
23 2016 207.7  3.9  3.6  0.3   7  50.4 1355.3 378  366  524  158  322  524  202

Core Length:  208.5 mm
Core Density: 360 kg/m3
Cross-sectional Density:  365 kg/m3
Early/Latewood Threshold: 500 kg/m3
Attenuation Constant: 3.17

ִִִִִִִִִִִִִִִִִִִִִִִִִִִִִִִִִִִִִִִִִִִִִִִִִִִִִִִִִִִִִִִִִִִִִִִִִִִִִִִ
Core : 29
ֲֲֲִִִִִִִִִִִִִִִִִִִִִִִִִִִִִִִִִִִִִִִִִִִִִִִִִִִִִִִִִִִִִִִִִִִִִִִִִִִִ
       ³Widths (mm)              ³ Areas    ³ Densities (kg/m3)
       ³                         ³ (cm‎)    ³
Ring   ³Outer Ring Erly Late   % ³Incr Total³Ring E/Wd L/Wd Unif  Min  Max  Rng
 # Year³ Rad.      Wood Wood  LW ³          ³mean mean mean
ֱֱֱִִִִִִִִִִִִִִִִִִִִִִִִִִִִִִִִִִִִִִִִִִִִִִִִִִִִִִִִִִִִִִִִִִִִִִִִִִִִ

 3 1995  18.2 18.2 13.2  0.0   0  10.4   10.4 309  309    0    0  271  401  130
 4 1996  33.8 15.6 15.6  0.0   0  25.5   35.9 282  282    0    0  230  415  185
 5 1997  51.2 17.4 17.4  0.0   0  46.5   82.4 285  285    0    0  230  477  247
 6 1998  68.6 17.4 17.4  0.0   0  65.5  147.8 292  292    0    0  240  458  218
 7 1999  83.9 15.3 15.3  0.0   0  73.3  221.1 284  284    0    0  228  437  209
 8 2000  99.2 15.3 15.3  0.0   0  88.0  309.2 294  294    0    0  235  485  250
 9 2001 112.1 12.9 12.9  0.0   0  85.6  394.8 321  321    0    0  255  486  231
10 2002 123.8 11.7 11.7  0.0   0  86.7  481.5 295  295    0    0  239  451  212
11 2003 134.9 11.1 10.8  0.3   2  90.2  571.7 310  304  507  203  230  507  277
12 2004 145.1 10.2  9.6  0.6   5  89.7  661.4 343  332  509  177  290  516  226
13 2005 162.8 17.7 17.4  0.3   1 171.2  832.6 307  303  534  231  243  534  291
14 2006 182.3 19.5 19.2  0.3   1 211.4 1044.1 333  330  530  200  261  530  269
15 2007 200.0 17.7 17.4  0.3   1 212.6 1256.6 331  328  507  179  277  507  230
16 2008 214.4 14.4 14.1  0.3   2 187.5 1444.1 347  343  520  177  277  520  243
17 2009 225.2 10.8 10.8  0.0   0 149.2 1593.3 329  329    0    0  278  492  214
18 2010 235.1  9.9  9.6  0.3   3 143.2 1736.4 353  347  537  190  309  537  228
19 2011 244.7  9.6  9.6  0.0   0 144.7 1881.1 326  326    0    0  264  450  186
20 2012 253.7  9.0  8.4  0.6   6 140.9 2022.0 356  345  506  161  289  511  222
21 2013 262.4  8.7  7.8  0.9  10 141.1 2163.1 377  359  531  172  303  571  268
22 2014 271.1  8.7  8.7  0.0   0 145.8 2308.9 357  357    0    0  297  471  174
23 2015 277.7  6.6  6.6  0.0   0 113.8 2422.7 377  377    0    0  309  482  173
24 2016 284.0  6.3  6.3  0.0   0 111.2 2533.9 367  367    0    0  321  451  130

Core Length:  282.3 mm
Core Density: 326 kg/m3
Cross-sectional Density:  333 kg/m3
Early/Latewood Threshold: 500 kg/m3
Attenuation Constant: 3.17

ִִִִִִִִִִִִִִִִִִִִִִִִִִִִִִִִִִִִִִִִִִִִִִִִִִִִִִִִִִִִִִִִִִִִִִִִִִִִִִִ
Core : 32
ֲֲֲִִִִִִִִִִִִִִִִִִִִִִִִִִִִִִִִִִִִִִִִִִִִִִִִִִִִִִִִִִִִִִִִִִִִִִִִִִִִ
       ³Widths (mm)              ³ Areas    ³ Densities (kg/m3)
       ³                         ³ (cm‎)    ³
Ring   ³Outer Ring Erly Late   % ³Incr Total³Ring E/Wd L/Wd Unif  Min  Max  Rng
 # Year³ Rad.      Wood Wood  LW ³          ³mean mean mean
ֱֱֱִִִִִִִִִִִִִִִִִִִִִִִִִִִִִִִִִִִִִִִִִִִִִִִִִִִִִִִִִִִִִִִִִִִִִִִִִִִִ

 2 1996  13.0 13.0 12.0  0.0   0   5.3    5.3 312  312    0    0  247  413  166
 3 1997  31.0 18.0 18.0  0.0   0  24.9   30.2 317  317    0    0  270  450  180
 4 1998  46.3 15.3 15.0  0.3   1  37.2   67.3 318  313  530  217  247  530  283
 5 1999  61.9 15.6 15.3  0.3   1  53.0  120.4 319  315  505  190  260  505  245
 6 2000  75.4 13.5 13.2  0.3   2  58.2  178.6 317  313  519  206  255  519  264
 7 2001  86.2 10.8 10.5  0.3   2  54.8  233.4 343  338  511  173  271  511  240
 8 2002  94.9  8.7  8.7  0.0   0  49.5  282.9 317  317    0    0  251  463  212
 9 2003 103.9  9.0  9.0  0.0   0  56.2  339.1 311  311    0    0  245  480  235
10 2004 111.1  7.2  7.2  0.0   0  48.6  387.8 350  350    0    0  300  473  173
11 2005 124.0 12.9 12.9  0.0   0  95.3  483.1 296  296    0    0  243  487  244
12 2006 138.4 14.4 14.1  0.3   2 118.7  601.8 316  312  506  194  256  506  250
13 2007 150.4 12.0 12.0  0.0   0 108.9  710.6 310  310    0    0  269  444  175
14 2008 159.4  9.0  9.0  0.0   0  87.6  798.2 324  324    0    0  245  495  250
15 2009 167.5  8.1  8.1  0.0   0  83.2  881.4 303  303    0    0  253  478  225
16 2010 174.4  6.9  6.9  0.0   0  74.1  955.5 325  325    0    0  276  466  190
17 2011 181.9  7.5  7.5  0.0   0  84.0 1039.5 302  302    0    0  232  401  169
18 2012 189.4  7.5  7.5  0.0   0  87.5 1127.0 309  309    0    0  231  485  254
19 2013 193.9  4.5  4.2  0.3   6  54.2 1181.2 325  312  514  202  250  514  264
20 2014 198.7  4.8  4.8  0.0   0  59.2 1240.4 311  311    0    0  252  464  212
21 2015 202.9  4.2  4.2  0.0   0  53.0 1293.3 330  330    0    0  269  451  182
22 2016 206.8  3.9  3.6  0.3   7  50.2 1343.5 331  316  510  194  252  510  258

Core Length:  207.6 mm
Core Density: 318 kg/m3
Cross-sectional Density:  316 kg/m3
Early/Latewood Threshold: 500 kg/m3
Attenuation Constant: 3.17

ִִִִִִִִִִִִִִִִִִִִִִִִִִִִִִִִִִִִִִִִִִִִִִִִִִִִִִִִִִִִִִִִִִִִִִִִִִִִִִִ
Core : 42
ֲֲֲִִִִִִִִִִִִִִִִִִִִִִִִִִִִִִִִִִִִִִִִִִִִִִִִִִִִִִִִִִִִִִִִִִִִִִִִִִִִ
       ³Widths (mm)              ³ Areas    ³ Densities (kg/m3)
       ³                         ³ (cm‎)    ³
Ring   ³Outer Ring Erly Late   % ³Incr Total³Ring E/Wd L/Wd Unif  Min  Max  Rng
 # Year³ Rad.      Wood Wood  LW ³          ³mean mean mean
ֱֱֱִִִִִִִִִִִִִִִִִִִִִִִִִִִִִִִִִִִִִִִִִִִִִִִִִִִִִִִִִִִִִִִִִִִִִִִִִִִִ

 2 1996  11.8 11.8 10.8  0.0   0   4.4    4.4 286  286    0    0  229  415  186
 3 1997  28.6 16.8 16.8  0.0   0  21.3   25.7 335  335    0    0  241  492  251
 4 1998  45.7 17.1 16.8  0.3   1  39.9   65.6 322  319  500  181  236  500  264
 5 1999  64.0 18.3 16.5  1.8   9  63.1  128.7 350  331  520  189  264  553  289
 6 2000  83.8 19.8 18.0  1.8   9  91.9  220.6 345  327  520  193  264  549  285
 7 2001  98.8 15.0 15.0  0.0   0  86.0  306.7 335  335    0    0  263  456  193
 8 2002 112.6 13.8 13.5  0.3   2  91.7  398.3 328  324  503  179  263  503  240
 9 2003 121.6  9.0  9.0  0.0   0  66.2  464.5 327  327    0    0  260  480  220
10 2004 131.2  9.6  9.3  0.3   3  76.2  540.8 339  333  509  176  280  509  229
11 2005 144.4 13.2 12.9  0.3   2 114.3  655.1 330  326  501  175  262  501  239
12 2006 157.3 12.9 12.6  0.3   2 122.3  777.3 364  360  506  146  296  506  210
13 2007 167.5 10.2  9.6  0.6   5 104.1  881.4 400  392  524  132  346  528  182
14 2008 177.7 10.2  9.3  0.9   8 110.6  992.0 408  395  535  140  308  577  269
15 2009 184.0  6.3  6.0  0.3   4  71.6 1063.6 401  394  539  145  336  539  203
16 2010 190.3  6.3  4.5  1.8  28  74.1 1137.7 429  386  536  150  318  584  266
17 2011 199.3  9.0  8.7  0.3   3 110.2 1247.9 379  375  501  126  300  501  201
18 2012 207.1  7.8  6.9  0.9  11  99.6 1347.4 389  370  538  168  318  577  259
19 2013 213.7  6.6  5.4  1.2  18  87.3 1434.7 424  391  574  183  327  610  283
20 2014 222.4  8.7  7.8  0.9  10 119.2 1553.9 408  394  527  133  351  560  209
21 2015 229.0  6.6  6.0  0.6   9  93.6 1647.5 429  418  538  120  348  559  211
22 2016 233.5  4.5  3.3  1.2  26  65.4 1712.9 440  403  544  141  353  579  226

Core Length:  234.6 mm
Core Density: 369 kg/m3
Cross-sectional Density:  377 kg/m3
Early/Latewood Threshold: 500 kg/m3
Attenuation Constant: 3.17

ִִִִִִִִִִִִִִִִִִִִִִִִִִִִִִִִִִִִִִִִִִִִִִִִִִִִִִִִִִִִִִִִִִִִִִִִִִִִִִִ
Core : 47
ֲֲֲִִִִִִִִִִִִִִִִִִִִִִִִִִִִִִִִִִִִִִִִִִִִִִִִִִִִִִִִִִִִִִִִִִִִִִִִִִִִ
       ³Widths (mm)              ³ Areas    ³ Densities (kg/m3)
       ³                         ³ (cm‎)    ³
Ring   ³Outer Ring Erly Late   % ³Incr Total³Ring E/Wd L/Wd Unif  Min  Max  Rng
 # Year³ Rad.      Wood Wood  LW ³          ³mean mean mean
ֱֱֱִִִִִִִִִִִִִִִִִִִִִִִִִִִִִִִִִִִִִִִִִִִִִִִִִִִִִִִִִִִִִִִִִִִִִִִִִִִִ

 2 1995  12.6 12.6  9.6  0.0   0   5.0    5.0 347  347    0    0  318  448  130
 3 1996  23.7 11.1 11.1  0.0   0  12.7   17.6 326  326    0    0  283  460  177
 4 1997  42.6 18.9 18.6  0.3   1  39.4   57.0 351  348  525  177  295  525  230
 5 1998  61.2 18.6 18.0  0.6   3  60.7  117.7 338  331  552  221  274  578  304
 6 1999  80.7 19.5 19.2  0.3   1  86.9  204.6 352  349  535  186  268  535  267
 7 2000  99.3 18.6 17.7  0.9   4 105.2  309.8 368  360  519  159  308  535  227
 8 2001 114.0 14.7 14.7  0.0   0  98.5  408.3 359  359    0    0  290  466  176
 9 2002 128.1 14.1 13.8  0.3   2 107.2  515.5 328  324  511  187  276  511  235
10 2003 138.6 10.5  9.6  0.9   8  88.0  603.5 352  334  539  205  274  549  275
11 2004 146.7  8.1  7.5  0.6   7  72.6  676.1 394  381  556  175  321  574  253
12 2005 159.6 12.9 11.7  1.2   9 124.1  800.2 360  339  566  227  285  616  331
13 2006 173.7 14.1 12.3  1.8  12 147.6  947.9 376  349  558  209  291  598  307
14 2007 186.3 12.6 12.6  0.0   0 142.5 1090.4 377  377    0    0  295  498  203
15 2008 197.4 11.1  9.9  1.2  10 133.8 1224.2 382  363  533  170  303  546  243
16 2009 205.8  8.4  7.5  0.9  10 106.4 1330.6 371  350  549  199  295  589  294
17 2010 213.0  7.2  6.3  0.9  12  94.7 1425.3 404  381  564  183  340  588  248
18 2011 221.1  8.1  7.5  0.6   7 110.5 1535.8 374  362  522  160  300  538  238
19 2012 225.9  4.8  4.2  0.6  12  67.4 1603.2 381  360  533  173  323  553  230
20 2013 228.9  3.0  2.7  0.3  10  42.9 1646.0 395  381  525  144  341  525  184
21 2014 230.7  1.8  1.8  0.0   0  26.0 1672.0 391  391    0    0  356  457  101
22 2015 232.8  2.1  2.1  0.0   0  30.6 1702.6 375  375    0    0  335  444  109
23 2016 234.6  1.8  1.8  0.0   0  26.4 1729.0 371  371    0    0  341  407   66

Core Length:  232.5 mm
Core Density: 366 kg/m3
Cross-sectional Density:  368 kg/m3
Early/Latewood Threshold: 500 kg/m3
Attenuation Constant: 3.17

