File : C:\DENSITOM\BLUEMO~2\BLMT4.DAT
Cores :
2
8
15
17
21
30
32
36
40
59
62

ִִִִִִִִִִִִִִִִִִִִִִִִִִִִִִִִִִִִִִִִִִִִִִִִִִִִִִִִִִִִִִִִִִִִִִִִִִִִִִִ
Core : 2
ֲֲֲִִִִִִִִִִִִִִִִִִִִִִִִִִִִִִִִִִִִִִִִִִִִִִִִִִִִִִִִִִִִִִִִִִִִִִִִִִִִ
       ³Widths (mm)              ³ Areas    ³ Densities (kg/m3)
       ³                         ³ (cm‎)    ³
Ring   ³Outer Ring Erly Late   % ³Incr Total³Ring E/Wd L/Wd Unif  Min  Max  Rng
 # Year³ Rad.      Wood Wood  LW ³          ³mean mean mean
ֱֱֱִִִִִִִִִִִִִִִִִִִִִִִִִִִִִִִִִִִִִִִִִִִִִִִִִִִִִִִִִִִִִִִִִִִִִִִִִִִִ

 3 1995  18.9 18.9 12.9  0.0   0  11.2   11.2 329  329    0    0  293  422  129
 4 1996  29.7 10.8 10.8  0.0   0  16.5   27.7 328  328    0    0  282  437  155
 5 1997  45.9 16.2 16.2  0.0   0  38.5   66.2 306  306    0    0  246  469  223
 6 1998  62.4 16.5 16.2  0.3   1  56.1  122.3 307  303  533  230  247  533  286
 7 1999  77.7 15.3 15.3  0.0   0  67.3  189.7 309  309    0    0  250  434  184
 8 2000  87.6  9.9  9.9  0.0   0  51.4  241.1 331  331    0    0  263  482  219
 9 2001  99.6 12.0 12.0  0.0   0  70.6  311.7 334  334    0    0  285  474  189
10 2002 112.8 13.2 12.9  0.3   2  88.1  399.7 301  297  514  217  250  514  264
11 2003 124.8 12.0 11.7  0.3   2  89.6  489.3 305  300  528  228  226  528  302
12 2004 134.1  9.3  9.3  0.0   0  75.6  564.9 310  310    0    0  269  437  168
13 2005 145.5 11.4 11.1  0.3   2 100.1  665.1 282  276  510  234  237  510  273
14 2006 155.4  9.9  9.6  0.3   3  93.6  758.7 314  307  544  237  251  544  293
15 2007 164.4  9.0  9.0  0.0   0  90.4  849.1 312  312    0    0  262  480  218
16 2008 171.6  7.2  7.2  0.0   0  76.0  925.1 336  336    0    0  282  498  216
17 2009 177.3  5.7  5.4  0.3   5  62.5  987.6 318  307  504  197  274  504  230
18 2010 182.4  5.1  4.8  0.3   5  57.6 1045.2 342  330  533  203  298  533  235
19 2011 187.8  5.4  5.4  0.0   0  62.8 1108.0 324  324    0    0  274  481  207
20 2012 193.8  6.0  5.7  0.3   5  71.9 1179.9 343  333  531  198  278  531  253
21 2013 198.6  4.8  4.2  0.6  12  59.2 1239.1 352  328  521  193  307  541  234
22 2014 202.8  4.2  3.9  0.3   7  53.0 1292.1 354  341  528  187  297  528  231
23 2015 206.1  3.3  3.3  0.0   0  42.4 1334.5 383  383    0    0  323  474  151
24 2016 209.1  3.0  2.7  0.3  10  39.1 1373.6 373  354  545  191  311  545  234

Core Length:  204.6 mm
Core Density: 326 kg/m3
Cross-sectional Density:  322 kg/m3
Early/Latewood Threshold: 500 kg/m3
Attenuation Constant: 3.17

ִִִִִִִִִִִִִִִִִִִִִִִִִִִִִִִִִִִִִִִִִִִִִִִִִִִִִִִִִִִִִִִִִִִִִִִִִִִִִִִ
Core : 8
ֲֲֲִִִִִִִִִִִִִִִִִִִִִִִִִִִִִִִִִִִִִִִִִִִִִִִִִִִִִִִִִִִִִִִִִִִִִִִִִִִִ
       ³Widths (mm)              ³ Areas    ³ Densities (kg/m3)
       ³                         ³ (cm‎)    ³
Ring   ³Outer Ring Erly Late   % ³Incr Total³Ring E/Wd L/Wd Unif  Min  Max  Rng
 # Year³ Rad.      Wood Wood  LW ³          ³mean mean mean
ֱֱֱִִִִִִִִִִִִִִִִִִִִִִִִִִִִִִִִִִִִִִִִִִִִִִִִִִִִִִִִִִִִִִִִִִִִִִִִִִִִ

 4 1996  16.9 16.9  9.9  0.0   0   9.0    9.0 326  326    0    0  251  407  156
 5 1997  27.1 10.2  9.6  0.6   5  14.1   23.1 350  340  513  173  278  514  236
 6 1998  40.9 13.8 13.5  0.3   2  29.5   52.6 356  353  503  150  295  503  208
 7 1999  55.0 14.1 13.2  0.9   6  42.5   95.0 362  350  536  186  298  573  275
 8 2000  72.1 17.1 14.4  2.7  15  68.3  163.3 411  383  558  175  321  631  310
 9 2001  88.3 16.2 15.0  1.2   7  81.6  244.9 415  406  525  119  342  560  218
10 2002 104.8 16.5 15.3  1.2   7 100.1  345.0 377  366  521  155  305  532  227
11 2003 118.0 13.2 12.6  0.6   4  92.4  437.4 384  376  534  158  309  569  260
12 2004 129.1 11.1 10.2  0.9   8  86.2  523.6 390  377  545  168  332  569  237
13 2005 142.6 13.5 12.0  1.5  11 115.2  638.8 388  365  579  214  312  630  318
14 2006 157.0 14.4 12.6  1.8  12 135.5  774.4 415  396  548  152  356  578  222
15 2007 169.9 12.9 12.3  0.6   4 132.5  906.9 412  404  582  178  343  627  284
16 2008 181.0 11.1  9.6  1.5  13 122.4 1029.2 425  405  553  148  341  593  252
17 2009 191.5 10.5  9.9  0.6   5 122.9 1152.1 380  368  583  215  298  595  297
18 2010 200.8  9.3  8.7  0.6   6 114.6 1266.7 392  379  588  209  322  616  294
19 2011 209.8  9.0  8.7  0.3   3 116.1 1382.8 379  373  552  179  293  552  259
20 2012 217.3  7.5  6.9  0.6   8 100.6 1483.4 394  377  585  208  296  598  302
21 2013 223.6  6.3  4.8  1.5  23  87.3 1570.7 418  375  555  180  334  598  264
22 2014 230.8  7.2  6.6  0.6   8 102.8 1673.5 391  377  539  162  322  557  235
23 2015 237.4  6.6  5.7  0.9  13  97.1 1770.6 420  396  566  170  344  594  250
24 2016 244.6  7.2  5.1  2.1  29 109.0 1879.6 451  402  569  167  340  646  306

Core Length:  242.1 mm
Core Density: 392 kg/m3
Cross-sectional Density:  400 kg/m3
Early/Latewood Threshold: 500 kg/m3
Attenuation Constant: 3.17

ִִִִִִִִִִִִִִִִִִִִִִִִִִִִִִִִִִִִִִִִִִִִִִִִִִִִִִִִִִִִִִִִִִִִִִִִִִִִִִִ
Core : 15
ֲֲֲִִִִִִִִִִִִִִִִִִִִִִִִִִִִִִִִִִִִִִִִִִִִִִִִִִִִִִִִִִִִִִִִִִִִִִִִִִִִ
       ³Widths (mm)              ³ Areas    ³ Densities (kg/m3)
       ³                         ³ (cm‎)    ³
Ring   ³Outer Ring Erly Late   % ³Incr Total³Ring E/Wd L/Wd Unif  Min  Max  Rng
 # Year³ Rad.      Wood Wood  LW ³          ³mean mean mean
ֱֱֱִִִִִִִִִִִִִִִִִִִִִִִִִִִִִִִִִִִִִִִִִִִִִִִִִִִִִִִִִִִִִִִִִִִִִִִִִִִִ

 2 1995   9.4  9.4  8.4  0.0   0   2.8    2.8 302  302    0    0  231  380  149
 3 1996  24.7 15.3 15.3  0.0   0  16.4   19.2 293  293    0    0  239  401  162
 4 1997  45.1 20.4 20.4  0.0   0  44.7   63.9 311  311    0    0  257  469  212
 5 1998  66.1 21.0 20.7  0.3   1  73.4  137.3 321  318  533  215  266  533  267
 6 1999  84.7 18.6 18.6  0.0   0  88.1  225.4 318  318    0    0  251  403  152
 7 2000  94.0  9.3  9.3  0.0   0  52.2  277.6 348  348    0    0  273  469  196
 8 2001 108.1 14.1 13.5  0.6   4  89.5  367.1 354  347  516  169  283  519  236
 9 2002 123.4 15.3 15.3  0.0   0 111.3  478.4 321  321    0    0  264  458  194
10 2003 135.4 12.0 12.0  0.0   0  97.6  576.0 330  330    0    0  253  498  245
11 2004 147.1 11.7 11.7  0.0   0 103.8  679.8 331  331    0    0  262  440  178
12 2005 160.6 13.5 12.9  0.6   4 130.5  810.3 312  303  519  216  246  536  290
13 2006 174.1 13.5 13.5  0.0   0 142.0  952.2 344  344    0    0  281  490  209
14 2007 187.3 13.2 13.2  0.0   0 149.9 1102.1 348  348    0    0  299  482  183
15 2008 197.2  9.9  9.6  0.3   3 119.6 1221.7 379  374  529  155  309  529  220
16 2009 206.8  9.6  9.3  0.3   3 121.8 1343.5 346  340  507  167  289  507  218
17 2010 215.2  8.4  7.5  0.9  10 111.4 1454.9 382  365  527  162  312  545  233
18 2011 223.9  8.7  8.7  0.0   0 120.0 1574.9 350  350    0    0  271  480  209
19 2012 232.3  8.4  7.8  0.6   7 120.4 1695.3 372  360  527  167  297  543  246
20 2013 239.5  7.2  6.6  0.6   8 106.7 1802.0 385  371  546  175  309  561  252
21 2014 246.7  7.2  6.9  0.3   4 110.0 1912.0 389  384  501  117  318  501  183
22 2015 251.2  4.5  4.2  0.3   6  70.4 1982.4 399  392  509  117  326  509  183
23 2016 254.8  3.6  3.3  0.3   8  57.2 2039.6 403  391  528  137  335  528  193

Core Length:  257.1 mm
Core Density: 347 kg/m3
Cross-sectional Density:  351 kg/m3
Early/Latewood Threshold: 500 kg/m3
Attenuation Constant: 3.17

ִִִִִִִִִִִִִִִִִִִִִִִִִִִִִִִִִִִִִִִִִִִִִִִִִִִִִִִִִִִִִִִִִִִִִִִִִִִִִִִ
Core : 17
ֲֲֲִִִִִִִִִִִִִִִִִִִִִִִִִִִִִִִִִִִִִִִִִִִִִִִִִִִִִִִִִִִִִִִִִִִִִִִִִִִִ
       ³Widths (mm)              ³ Areas    ³ Densities (kg/m3)
       ³                         ³ (cm‎)    ³
Ring   ³Outer Ring Erly Late   % ³Incr Total³Ring E/Wd L/Wd Unif  Min  Max  Rng
 # Year³ Rad.      Wood Wood  LW ³          ³mean mean mean
ֱֱֱִִִִִִִִִִִִִִִִִִִִִִִִִִִִִִִִִִִִִִִִִִִִִִִִִִִִִִִִִִִִִִִִִִִִִִִִִִִִ

 2 1995   8.8  8.8  7.8  0.0   0   2.4    2.4 328  328    0    0  295  406  111
 3 1996  21.1 12.3 12.3  0.0   0  11.6   14.0 322  322    0    0  272  413  141
 4 1997  39.7 18.6 18.6  0.0   0  35.5   49.5 340  340    0    0  273  481  208
 5 1998  61.3 21.6 21.3  0.3   1  68.5  118.1 358  356  507  151  295  507  212
 6 1999  81.1 19.8 19.5  0.3   1  88.6  206.6 370  367  514  147  285  514  229
 7 2000 105.1 24.0 24.0  0.0   0 140.4  347.0 347  347    0    0  289  490  201
 8 2001 124.3 19.2 19.2  0.0   0 138.4  485.4 361  361    0    0  280  479  199
 9 2002 140.2 15.9 15.9  0.0   0 132.1  617.5 339  339    0    0  289  449  160
10 2003 152.5 12.3 12.3  0.0   0 113.1  730.6 336  336    0    0  262  423  161
11 2004 161.5  9.0  9.0  0.0   0  88.8  819.4 364  364    0    0  283  478  195
12 2005 175.3 13.8 13.8  0.0   0 146.0  965.4 346  346    0    0  297  479  182
13 2006 187.3 12.0 12.0  0.0   0 136.7 1102.1 369  369    0    0  310  476  166
14 2007 197.8 10.5 10.5  0.0   0 127.0 1229.1 367  367    0    0  308  456  148
15 2008 206.2  8.4  8.1  0.3   3 106.6 1335.8 383  378  512  134  305  512  207
16 2009 214.6  8.4  8.1  0.3   3 111.0 1446.8 363  357  518  161  304  518  214
17 2010 221.2  6.6  6.3  0.3   4  90.4 1537.2 372  365  528  163  319  528  209
18 2011 228.1  6.9  6.9  0.0   0  97.4 1634.6 348  348    0    0  248  469  221
19 2012 233.8  5.7  5.4  0.3   5  82.7 1717.3 347  338  510  172  277  510  233
20 2013 239.5  5.7  5.1  0.6  10  84.8 1802.0 371  355  509  154  286  517  231
21 2014 245.2  5.7  5.4  0.3   5  86.8 1888.8 365  356  530  174  281  530  249
22 2015 249.7  4.5  4.5  0.0   0  70.0 1958.8 379  379    0    0  308  485  177
23 2016 254.2  4.5  4.2  0.3   6  71.2 2030.0 376  366  515  149  283  515  232

Core Length:  255.6 mm
Core Density: 356 kg/m3
Cross-sectional Density:  359 kg/m3
Early/Latewood Threshold: 500 kg/m3
Attenuation Constant: 3.17

ִִִִִִִִִִִִִִִִִִִִִִִִִִִִִִִִִִִִִִִִִִִִִִִִִִִִִִִִִִִִִִִִִִִִִִִִִִִִִִִ
Core : 21
ֲֲֲִִִִִִִִִִִִִִִִִִִִִִִִִִִִִִִִִִִִִִִִִִִִִִִִִִִִִִִִִִִִִִִִִִִִִִִִִִִִ
       ³Widths (mm)              ³ Areas    ³ Densities (kg/m3)
       ³                         ³ (cm‎)    ³
Ring   ³Outer Ring Erly Late   % ³Incr Total³Ring E/Wd L/Wd Unif  Min  Max  Rng
 # Year³ Rad.      Wood Wood  LW ³          ³mean mean mean
ֱֱֱִִִִִִִִִִִִִִִִִִִִִִִִִִִִִִִִִִִִִִִִִִִִִִִִִִִִִִִִִִִִִִִִִִִִִִִִִִִִ

 3 1995  11.3 11.3  9.3  0.0   0   4.0    4.0 357  357    0    0  310  455  145
 4 1996  26.3 15.0 15.0  0.0   0  17.7   21.7 352  352    0    0  291  462  171
 5 1997  44.6 18.3 17.1  1.2   6  40.8   62.5 374  364  518  154  303  545  242
 6 1998  60.8 16.2 15.0  1.2   7  53.6  116.1 378  366  534  168  314  552  238
 7 1999  72.8 12.0 12.0  0.0   0  50.4  166.5 348  348    0    0  298  442  144
 8 2000  79.7  6.9  6.0  0.9  13  33.1  199.6 394  372  544  172  304  559  255
 9 2001  89.3  9.6  7.5  2.1  21  51.0  250.5 403  367  530  163  329  563  234
10 2002 101.0 11.7 11.1  0.6   5  69.9  320.5 361  353  513  160  303  525  222
11 2003 110.6  9.6  8.7  0.9   9  63.8  384.3 372  355  540  185  295  555  260
12 2004 119.6  9.0  8.4  0.6   6  65.1  449.4 400  389  543  154  303  551  248
13 2005 130.1 10.5  9.9  0.6   5  82.4  531.7 351  339  548  209  286  559  273
14 2006 140.9 10.8  9.6  1.2  11  91.9  623.7 397  381  524  143  317  542  225
15 2007 149.3  8.4  8.4  0.0   0  76.6  700.3 379  379    0    0  327  491  164
16 2008 155.3  6.0  5.1  0.9  15  57.4  757.7 393  369  532  163  332  542  210
17 2009 162.2  6.9  6.6  0.3   4  68.8  826.5 378  371  540  169  307  540  233
18 2010 168.2  6.0  5.4  0.6  10  62.3  888.8 396  379  556  177  343  569  226
19 2011 174.2  6.0  5.4  0.6  10  64.5  953.3 382  365  537  172  298  554  256
20 2012 178.7  4.5  4.2  0.3   6  49.9 1003.2 379  370  507  137  311  507  196
21 2013 182.9  4.2  3.9  0.3   7  47.7 1050.9 391  381  517  136  330  517  187
22 2014 186.2  3.3  2.7  0.6  18  38.3 1089.2 418  394  526  132  329  526  197
23 2015 189.2  3.0  2.4  0.6  20  35.4 1124.6 428  399  542  143  358  548  190
24 2016 192.5  3.3  3.0  0.3   9  39.6 1164.2 396  383  527  144  331  527  196

Core Length:  192.3 mm
Core Density: 383 kg/m3
Cross-sectional Density:  383 kg/m3
Early/Latewood Threshold: 500 kg/m3
Attenuation Constant: 3.17

ִִִִִִִִִִִִִִִִִִִִִִִִִִִִִִִִִִִִִִִִִִִִִִִִִִִִִִִִִִִִִִִִִִִִִִִִִִִִִִִ
Core : 30
ֲֲֲִִִִִִִִִִִִִִִִִִִִִִִִִִִִִִִִִִִִִִִִִִִִִִִִִִִִִִִִִִִִִִִִִִִִִִִִִִִִ
       ³Widths (mm)              ³ Areas    ³ Densities (kg/m3)
       ³                         ³ (cm‎)    ³
Ring   ³Outer Ring Erly Late   % ³Incr Total³Ring E/Wd L/Wd Unif  Min  Max  Rng
 # Year³ Rad.      Wood Wood  LW ³          ³mean mean mean
ֱֱֱִִִִִִִִִִִִִִִִִִִִִִִִִִִִִִִִִִִִִִִִִִִִִִִִִִִִִִִִִִִִִִִִִִִִִִִִִִִִ

 1 1994   8.0  8.0  6.0  0.0   0   2.0    2.0 309  309    0    0  239  372  133
 2 1995  16.4  8.4  8.4  0.0   0   6.4    8.4 314  314    0    0  256  473  217
 3 1996  29.9 13.5 13.5  0.0   0  19.6   28.1 315  315    0    0  260  422  162
 4 1997  46.7 16.8 16.8  0.0   0  40.4   68.5 346  346    0    0  289  480  191
 5 1998  64.4 17.7 16.5  1.2   6  61.8  130.3 368  357  517  160  301  544  243
 6 1999  78.5 14.1 14.1  0.0   0  63.3  193.6 309  309    0    0  242  426  184
 7 2000  92.3 13.8 13.8  0.0   0  74.0  267.6 319  319    0    0  261  486  225
 8 2001 101.9  9.6  9.6  0.0   0  58.6  326.2 356  356    0    0  274  481  207
 9 2002 114.2 12.3 12.3  0.0   0  83.5  409.7 322  322    0    0  269  446  177
10 2003 122.0  7.8  7.8  0.0   0  57.9  467.6 330  330    0    0  249  471  222
11 2004 128.0  6.0  6.0  0.0   0  47.1  514.7 346  346    0    0  290  454  164
12 2005 138.2 10.2 10.2  0.0   0  85.3  600.0 315  315    0    0  254  473  219
13 2006 146.6  8.4  8.4  0.0   0  75.2  675.2 361  361    0    0  281  497  216
14 2007 152.9  6.3  6.3  0.0   0  59.3  734.5 334  334    0    0  303  415  112
15 2008 160.4  7.5  7.5  0.0   0  73.8  808.3 348  348    0    0  292  463  171
16 2009 169.1  8.7  8.7  0.0   0  90.1  898.3 334  334    0    0  276  492  216
17 2010 175.1  6.0  6.0  0.0   0  64.9  963.2 354  354    0    0  308  444  136
18 2011 181.7  6.6  6.6  0.0   0  74.0 1037.2 316  316    0    0  247  418  171
19 2012 188.3  6.6  6.6  0.0   0  76.7 1113.9 341  341    0    0  262  456  194
20 2013 195.5  7.2  7.2  0.0   0  86.8 1200.7 347  347    0    0  292  474  182
21 2014 200.9  5.4  5.4  0.0   0  67.2 1268.0 334  334    0    0  274  425  151
22 2015 206.0  5.1  5.1  0.0   0  65.2 1333.2 347  347    0    0  291  412  121
23 2016 212.0  6.0  6.0  0.0   0  78.8 1412.0 358  358    0    0  285  469  184

Core Length:  212.4 mm
Core Density: 335 kg/m3
Cross-sectional Density:  338 kg/m3
Early/Latewood Threshold: 500 kg/m3
Attenuation Constant: 3.17

ִִִִִִִִִִִִִִִִִִִִִִִִִִִִִִִִִִִִִִִִִִִִִִִִִִִִִִִִִִִִִִִִִִִִִִִִִִִִִִִ
Core : 32
ֲֲֲִִִִִִִִִִִִִִִִִִִִִִִִִִִִִִִִִִִִִִִִִִִִִִִִִִִִִִִִִִִִִִִִִִִִִִִִִִִִ
       ³Widths (mm)              ³ Areas    ³ Densities (kg/m3)
       ³                         ³ (cm‎)    ³
Ring   ³Outer Ring Erly Late   % ³Incr Total³Ring E/Wd L/Wd Unif  Min  Max  Rng
 # Year³ Rad.      Wood Wood  LW ³          ³mean mean mean
ֱֱֱִִִִִִִִִִִִִִִִִִִִִִִִִִִִִִִִִִִִִִִִִִִִִִִִִִִִִִִִִִִִִִִִִִִִִִִִִִִִ

 1 1994   3.9  3.9  3.9  0.0   0   0.5    0.5 340  340    0    0  270  382  112
 2 1995  12.0  8.1  8.1  0.0   0   4.0    4.5 324  324    0    0  281  435  154
 3 1996  25.8 13.8 13.8  0.0   0  16.4   20.9 325  325    0    0  264  458  194
 4 1997  40.5 14.7 14.7  0.0   0  30.6   51.5 329  329    0    0  258  439  181
 5 1998  54.0 13.5 13.2  0.3   2  40.1   91.6 367  364  501  137  308  501  193
 6 1999  65.7 11.7 10.8  0.9   7  44.0  135.6 380  369  517  148  283  527  244
 7 2000  81.0 15.3 15.0  0.3   1  70.5  206.1 381  379  502  123  284  502  218
 8 2001  96.0 15.0 14.1  0.9   6  83.4  289.5 415  409  511  102  329  521  192
 9 2002 112.2 16.2 15.9  0.3   1 106.0  395.5 364  360  532  172  295  532  237
10 2003 123.0 10.8 10.8  0.0   0  79.8  475.3 379  379    0    0  312  475  163
11 2004 134.4 11.4 11.4  0.0   0  92.2  567.5 372  372    0    0  289  477  188
12 2005 148.2 13.8 13.5  0.3   2 122.5  690.0 334  330  512  182  273  512  239
13 2006 159.6 11.4 11.1  0.3   2 110.2  800.2 355  350  541  191  277  541  264
14 2007 168.9  9.3  9.3  0.0   0  96.0  896.2 342  342    0    0  288  472  184
15 2008 177.9  9.0  8.7  0.3   3  98.1  994.3 372  366  545  179  299  545  246
16 2009 185.7  7.8  7.5  0.3   3  89.1 1083.4 342  335  511  176  274  511  237
17 2010 193.2  7.5  6.9  0.6   8  89.3 1172.6 354  339  525  186  284  536  252
18 2011 200.7  7.5  7.2  0.3   4  92.8 1265.4 341  333  526  193  258  526  268
19 2012 208.2  7.5  6.9  0.6   8  96.3 1361.8 364  348  548  200  280  568  288
20 2013 214.2  6.0  5.4  0.6  10  79.6 1441.4 366  343  572  229  281  581  300
21 2014 220.8  6.6  6.3  0.3   4  90.2 1531.6 375  367  537  170  297  537  240
22 2015 225.9  5.1  4.5  0.6  11  71.6 1603.2 397  379  531  152  330  562  232
23 2016 230.7  4.8  4.2  0.6  12  68.9 1672.0 376  357  516  159  299  527  228

Core Length:  234.0 mm
Core Density: 360 kg/m3
Cross-sectional Density:  363 kg/m3
Early/Latewood Threshold: 500 kg/m3
Attenuation Constant: 3.17

ִִִִִִִִִִִִִִִִִִִִִִִִִִִִִִִִִִִִִִִִִִִִִִִִִִִִִִִִִִִִִִִִִִִִִִִִִִִִִִִ
Core : 36
ֲֲֲִִִִִִִִִִִִִִִִִִִִִִִִִִִִִִִִִִִִִִִִִִִִִִִִִִִִִִִִִִִִִִִִִִִִִִִִִִִִ
       ³Widths (mm)              ³ Areas    ³ Densities (kg/m3)
       ³                         ³ (cm‎)    ³
Ring   ³Outer Ring Erly Late   % ³Incr Total³Ring E/Wd L/Wd Unif  Min  Max  Rng
 # Year³ Rad.      Wood Wood  LW ³          ³mean mean mean
ֱֱֱִִִִִִִִִִִִִִִִִִִִִִִִִִִִִִִִִִִִִִִִִִִִִִִִִִִִִִִִִִִִִִִִִִִִִִִִִִִִ

 3 1995  15.0 15.0  9.0  0.0   0   7.1    7.1 311  311    0    0  264  425  161
 4 1996  33.3 18.3 18.3  0.0   0  27.8   34.8 306  306    0    0  240  433  193
 5 1997  52.5 19.2 19.2  0.0   0  51.8   86.6 328  328    0    0  260  493  233
 6 1998  74.1 21.6 20.7  0.9   4  85.9  172.5 348  340  535  195  292  559  267
 7 1999  90.0 15.9 15.9  0.0   0  82.0  254.5 350  350    0    0  258  460  202
 8 2000 104.7 14.7 14.4  0.3   2  89.9  344.4 348  345  526  181  293  526  233
 9 2001 119.1 14.4 14.4  0.0   0 101.2  445.6 355  355    0    0  288  497  209
10 2002 131.7 12.6 12.3  0.3   2  99.3  544.9 331  326  532  206  264  532  268
11 2003 139.2  7.5  6.9  0.6   8  63.8  608.7 358  342  539  197  275  542  267
12 2004 146.4  7.2  6.9  0.3   4  64.6  673.3 360  354  503  149  287  503  216
13 2005 155.1  8.7  8.7  0.0   0  82.4  755.7 318  318    0    0  275  478  203
14 2006 162.3  7.2  6.9  0.3   4  71.8  827.5 359  352  526  174  308  526  218
15 2007 170.1  7.8  7.5  0.3   3  81.5  909.0 363  357  531  174  318  531  213
16 2008 176.7  6.6  6.3  0.3   4  71.9  980.9 379  372  532  160  314  532  218
17 2009 182.1  5.4  5.4  0.0   0  60.9 1041.8 349  349    0    0  289  470  181
18 2010 188.4  6.3  5.7  0.6   9  73.3 1115.1 383  367  530  163  324  535  211
19 2011 194.1  5.7  5.1  0.6  10  68.5 1183.6 373  357  513  156  274  514  240
20 2012 199.2  5.1  5.1  0.0   0  63.0 1246.6 376  376    0    0  300  470  170
21 2013 204.6  5.4  4.5  0.9  16  68.5 1315.1 384  356  523  167  304  550  246
22 2014 210.0  5.4  5.1  0.3   5  70.3 1385.4 391  382  535  153  303  535  232
23 2015 214.2  4.2  4.2  0.0   0  56.0 1441.4 378  378    0    0  317  480  163
24 2016 219.0  4.8  4.2  0.6  12  65.3 1506.7 380  360  522  162  313  536  223

Core Length:  215.4 mm
Core Density: 355 kg/m3
Cross-sectional Density:  358 kg/m3
Early/Latewood Threshold: 500 kg/m3
Attenuation Constant: 3.17

ִִִִִִִִִִִִִִִִִִִִִִִִִִִִִִִִִִִִִִִִִִִִִִִִִִִִִִִִִִִִִִִִִִִִִִִִִִִִִִִ
Core : 40
ֲֲֲִִִִִִִִִִִִִִִִִִִִִִִִִִִִִִִִִִִִִִִִִִִִִִִִִִִִִִִִִִִִִִִִִִִִִִִִִִִִ
       ³Widths (mm)              ³ Areas    ³ Densities (kg/m3)
       ³                         ³ (cm‎)    ³
Ring   ³Outer Ring Erly Late   % ³Incr Total³Ring E/Wd L/Wd Unif  Min  Max  Rng
 # Year³ Rad.      Wood Wood  LW ³          ³mean mean mean
ֱֱֱִִִִִִִִִִִִִִִִִִִִִִִִִִִִִִִִִִִִִִִִִִִִִִִִִִִִִִִִִִִִִִִִִִִִִִִִִִִִ

 3 1996  16.6 16.6 12.6  0.0   0   8.7    8.7 326  326    0    0  284  431  147
 4 1997  35.2 18.6 18.6  0.0   0  30.3   38.9 338  338    0    0  283  464  181
 5 1998  54.4 19.2 18.6  0.6   3  54.0   93.0 350  345  516  171  279  524  245
 6 1999  71.8 17.4 17.1  0.3   1  69.0  162.0 386  384  504  120  305  504  199
 7 2000  86.2 14.4 14.4  0.0   0  71.5  233.4 368  368    0    0  321  475  154
 8 2001 100.0 13.8 13.2  0.6   4  80.7  314.2 381  376  510  134  334  519  185
 9 2002 111.1 11.1  9.9  1.2  10  73.6  387.8 387  371  516  145  310  532  222
10 2003 125.8 14.7 14.7  0.0   0 109.4  497.2 359  359    0    0  305  487  182
11 2004 134.2  8.4  8.1  0.3   3  68.6  565.8 380  373  547  174  279  547  268
12 2005 143.5  9.3  9.0  0.3   3  81.1  646.9 395  391  529  138  326  529  203
13 2006 153.4  9.9  9.6  0.3   3  92.3  739.3 354  349  527  178  283  527  244
14 2007 161.8  8.4  7.2  1.2  14  83.2  822.4 408  386  535  149  340  546  206
15 2008 169.3  7.5  7.5  0.0   0  78.0  900.5 389  389    0    0  325  489  164
16 2009 175.6  6.3  6.3  0.0   0  68.3  968.7 400  400    0    0  352  490  138
17 2010 180.4  4.8  4.8  0.0   0  53.7 1022.4 393  393    0    0  346  482  136
18 2011 184.9  4.5  4.2  0.3   6  51.6 1074.0 419  410  547  137  370  547  177
19 2012 187.9  3.0  3.0  0.0   0  35.1 1109.2 374  374    0    0  319  464  145
20 2013 190.0  2.1  2.1  0.0   0  24.9 1134.1 405  405    0    0  371  441   70
21 2014 192.1  2.1  2.1  0.0   0  25.2 1159.3 393  393    0    0  374  428   54
22 2015 195.1  3.0  3.0  0.0   0  36.5 1195.8 418  418    0    0  372  472  100
23 2016 197.8  2.7  2.4  0.3  11  33.3 1229.1 440  432  502   70  375  502  127

Core Length:  195.3 mm
Core Density: 383 kg/m3
Cross-sectional Density:  383 kg/m3
Early/Latewood Threshold: 500 kg/m3
Attenuation Constant: 3.17

ִִִִִִִִִִִִִִִִִִִִִִִִִִִִִִִִִִִִִִִִִִִִִִִִִִִִִִִִִִִִִִִִִִִִִִִִִִִִִִִ
Core : 59
ֲֲֲִִִִִִִִִִִִִִִִִִִִִִִִִִִִִִִִִִִִִִִִִִִִִִִִִִִִִִִִִִִִִִִִִִִִִִִִִִִִ
       ³Widths (mm)              ³ Areas    ³ Densities (kg/m3)
       ³                         ³ (cm‎)    ³
Ring   ³Outer Ring Erly Late   % ³Incr Total³Ring E/Wd L/Wd Unif  Min  Max  Rng
 # Year³ Rad.      Wood Wood  LW ³          ³mean mean mean
ֱֱֱִִִִִִִִִִִִִִִִִִִִִִִִִִִִִִִִִִִִִִִִִִִִִִִִִִִִִִִִִִִִִִִִִִִִִִִִִִִִ

 1 1994   8.1  8.1  8.1  0.0   0   2.1    2.1 329  329    0    0  283  404  121
 2 1995  20.7 12.6 12.6  0.0   0  11.4   13.5 311  311    0    0  263  436  173
 3 1996  35.1 14.4 14.4  0.0   0  25.2   38.7 312  312    0    0  257  420  163
 4 1997  54.9 19.8 19.8  0.0   0  56.0   94.7 336  336    0    0  284  467  183
 5 1998  74.4 19.5 18.3  1.2   6  79.2  173.9 359  349  517  168  304  532  228
 6 1999  90.9 16.5 16.2  0.3   1  85.7  259.6 369  366  516  150  312  516  204
 7 2000 108.0 17.1 15.3  1.8  10 106.9  366.4 362  336  579  243  273  643  370
 8 2001 124.2 16.2 14.1  2.1  12 118.2  484.6 398  380  518  138  305  549  244
 9 2002 140.7 16.5 15.9  0.6   3 137.3  621.9 365  359  512  153  314  519  205
10 2003 154.8 14.1 13.2  0.9   6 130.9  752.8 377  366  538  172  286  574  288
11 2004 166.5 11.7 10.8  0.9   7 118.1  870.9 404  393  537  144  315  552  237
12 2005 180.9 14.4 12.9  1.5  10 157.2 1028.1 365  341  566  225  294  624  330
13 2006 194.7 13.8 13.2  0.6   4 162.8 1190.9 392  386  515  129  315  524  209
14 2007 208.2 13.5 12.0  1.5  11 170.9 1361.8 408  390  553  163  354  605  251
15 2008 219.6 11.4  8.1  3.3  28 153.2 1515.0 445  407  539  132  357  611  254
16 2009 230.7 11.1  9.9  1.2  10 157.0 1672.0 413  398  543  145  346  595  249
17 2010 240.0  9.3  7.2  2.1  22 137.5 1809.6 448  414  566  152  377  628  251
18 2011 249.9  9.9  9.0  0.9   9 152.4 1961.9 415  400  559  159  327  574  247
19 2012 260.4 10.5  8.1  2.4  22 168.3 2130.3 443  405  571  166  353  628  275
20 2013 269.4  9.0  5.7  3.3  36 149.8 2280.1 456  396  561  165  367  635  268
21 2014 279.0  9.6  7.5  2.1  21 165.4 2445.4 439  408  549  141  365  618  253
22 2015 287.4  8.4  5.1  3.3  39 149.5 2594.9 462  402  556  154  365  625  260
23 2016 297.3  9.9  6.3  3.6  36 181.9 2776.8 479  416  589  173  363  669  306

Core Length:  302.7 mm
Core Density: 395 kg/m3
Cross-sectional Density:  412 kg/m3
Early/Latewood Threshold: 500 kg/m3
Attenuation Constant: 3.17

ִִִִִִִִִִִִִִִִִִִִִִִִִִִִִִִִִִִִִִִִִִִִִִִִִִִִִִִִִִִִִִִִִִִִִִִִִִִִִִִ
Core : 62
ֲֲֲִִִִִִִִִִִִִִִִִִִִִִִִִִִִִִִִִִִִִִִִִִִִִִִִִִִִִִִִִִִִִִִִִִִִִִִִִִִִ
       ³Widths (mm)              ³ Areas    ³ Densities (kg/m3)
       ³                         ³ (cm‎)    ³
Ring   ³Outer Ring Erly Late   % ³Incr Total³Ring E/Wd L/Wd Unif  Min  Max  Rng
 # Year³ Rad.      Wood Wood  LW ³          ³mean mean mean
ֱֱֱִִִִִִִִִִִִִִִִִִִִִִִִִִִִִִִִִִִִִִִִִִִִִִִִִִִִִִִִִִִִִִִִִִִִִִִִִִִִ

 3 1995  21.3 21.3 15.3  0.0   0  14.3   14.3 327  327    0    0  287  417  130
 4 1996  39.0 17.7 17.7  0.0   0  33.5   47.8 294  294    0    0  243  364  121
 5 1997  57.3 18.3 18.3  0.0   0  55.4  103.1 333  333    0    0  256  468  212
 6 1998  75.0 17.7 17.4  0.3   1  73.6  176.7 361  358  511  153  300  511  211
 7 1999  92.7 17.7 17.7  0.0   0  93.3  270.0 332  332    0    0  264  492  228
 8 2000 108.9 16.2 15.6  0.6   3 102.6  372.6 350  343  541  198  262  557  295
 9 2001 128.1 19.2 17.7  1.5   7 143.0  515.5 391  379  535  156  297  549  252
10 2002 149.4 21.3 20.7  0.6   2 185.7  701.2 373  368  531  163  308  542  234
11 2003 166.8 17.4 16.2  1.2   6 172.8  874.1 385  375  520  145  298  551  253
12 2004 182.7 15.9 15.6  0.3   1 174.6 1048.6 383  381  507  126  315  507  192
13 2005 200.1 17.4 16.5  0.9   5 209.3 1257.9 361  351  549  198  303  567  264
14 2006 216.9 16.8 15.9  0.9   5 220.1 1478.0 388  380  533  153  322  576  254
15 2007 230.4 13.5 12.9  0.6   4 189.7 1667.7 392  384  558  174  342  573  231
16 2008 240.6 10.2  9.6  0.6   5 150.9 1818.6 395  387  520  133  339  532  193
17 2009 247.5  6.9  6.6  0.3   4 105.8 1924.4 366  360  505  145  317  505  188
18 2010 252.6  5.1  5.1  0.0   0  80.1 2004.5 365  365    0    0  319  499  180
19 2011 257.4  4.8  4.8  0.0   0  76.9 2081.5 348  348    0    0  294  462  168
20 2012 263.1  5.7  5.4  0.3   5  93.2 2174.7 368  360  519  159  303  519  216
21 2013 269.1  6.0  5.7  0.3   5 100.3 2275.0 388  382  506  124  326  506  180
22 2014 273.9  4.8  4.8  0.0   0  81.9 2356.9 370  370    0    0  312  458  146
23 2015 277.5  3.6  3.3  0.3   8  62.4 2419.2 406  394  532  138  331  532  201
24 2016 282.0  4.5  3.9  0.6  13  79.1 2498.3 430  411  554  143  337  575  238

Core Length:  278.1 mm
Core Density: 368 kg/m3
Cross-sectional Density:  375 kg/m3
Early/Latewood Threshold: 500 kg/m3
Attenuation Constant: 3.17

