File : A:\GL46.DAT
Cores :
3
11
16
20
22
25
30
37
38
40
42
48

ִִִִִִִִִִִִִִִִִִִִִִִִִִִִִִִִִִִִִִִִִִִִִִִִִִִִִִִִִִִִִִִִִִִִִִִִִִִִִִִ
Core : 3
ֲֲֲִִִִִִִִִִִִִִִִִִִִִִִִִִִִִִִִִִִִִִִִִִִִִִִִִִִִִִִִִִִִִִִִִִִִִִִִִִִִ
       ³Widths (mm)              ³ Areas    ³ Densities (kg/m3)
       ³                         ³ (cm‎)    ³
Ring   ³Outer Ring Erly Late   % ³Incr Total³Ring E/Wd L/Wd Unif  Min  Max  Rng
 # Year³ Rad.      Wood Wood  LW ³          ³mean mean mean
ֱֱֱִִִִִִִִִִִִִִִִִִִִִִִִִִִִִִִִִִִִִִִִִִִִִִִִִִִִִִִִִִִִִִִִִִִִִִִִִִִִ

 5 1992  29.8 29.8 19.8  0.0   0  27.9   27.9 319  319    0    0  260  437  177
 6 1993  56.2 26.4 26.4  0.0   0  71.3   99.2 318  318    0    0  266  418  152
 7 1994  83.8 27.6 25.8  1.8   6 121.4  220.6 346  329  583  254  264  671  407
 8 1995  94.9 11.1  9.6  1.5  13  62.3  282.9 407  384  555  171  304  586  282
 9 1996 111.7 16.8 15.9  0.9   5 109.0  392.0 368  358  536  178  285  553  268
10 1997 127.9 16.2 13.8  2.4  14 121.9  513.9 388  364  523  159  285  578  293
11 1998 134.8  6.9  6.3  0.6   8  56.9  570.9 368  351  552  201  276  567  291
12 1999 148.0 13.2 12.9  0.3   2 117.3  688.1 370  366  545  179  309  545  236
13 2000 155.8  7.8  6.0  1.8  23  74.4  762.6 394  352  538  186  279  623  344
14 2001 166.3 10.5  9.3  1.2  11 106.3  868.8 389  364  580  216  288  647  359
15 2002 173.5  7.2  6.3  0.9  12  76.9  945.7 400  371  597  226  294  660  366
16 2003 183.4  9.9  9.0  0.9   9 111.0 1056.7 378  362  534  172  294  573  279
17 2004 192.1  8.7  7.2  1.5  17 102.6 1159.3 397  366  546  180  297  580  283
18 2005 200.5  8.4  6.9  1.5  17 103.6 1262.9 420  387  572  185  282  607  325
19 2006 208.6  8.1  5.4  2.7  33 104.1 1367.0 429  379  530  151  299  568  269
20 2007 214.6  6.0  5.1  0.9  15  79.8 1446.8 417  381  617  236  303  661  358
21 2008 220.3  5.7  3.6  2.1  36  77.9 1524.7 448  380  565  185  322  606  284
22 2009 224.8  4.5  2.4  2.1  46  62.9 1587.6 466  368  578  210  325  681  356
23 2010 230.8  6.0  3.9  2.1  35  85.9 1673.5 459  392  583  191  335  633  298
24 2011 236.2  5.4  3.3  2.1  38  79.2 1752.7 452  384  559  175  330  587  257
25 2012 241.6  5.4  3.9  1.5  27  81.1 1833.8 432  387  550  163  316  616  300
26 2013 246.4  4.8  3.0  1.8  37  73.6 1907.4 449  368  585  217  320  672  352
27 2014 251.5  5.1  2.4  2.7  52  79.8 1987.1 477  376  567  191  340  615  275
28 2015 256.3  4.8  2.4  2.4  49  76.6 2063.7 517  410  624  214  346  668  322

Core Length:  246.3 mm
Core Density: 408 kg/m3
Cross-sectional Density:  407 kg/m3
Early/Latewood Threshold: 500 kg/m3
Attenuation Constant: 3.05

ִִִִִִִִִִִִִִִִִִִִִִִִִִִִִִִִִִִִִִִִִִִִִִִִִִִִִִִִִִִִִִִִִִִִִִִִִִִִִִִ
Core : 11
ֲֲֲִִִִִִִִִִִִִִִִִִִִִִִִִִִִִִִִִִִִִִִִִִִִִִִִִִִִִִִִִִִִִִִִִִִִִִִִִִִִ
       ³Widths (mm)              ³ Areas    ³ Densities (kg/m3)
       ³                         ³ (cm‎)    ³
Ring   ³Outer Ring Erly Late   % ³Incr Total³Ring E/Wd L/Wd Unif  Min  Max  Rng
 # Year³ Rad.      Wood Wood  LW ³          ³mean mean mean
ֱֱֱִִִִִִִִִִִִִִִִִִִִִִִִִִִִִִִִִִִִִִִִִִִִִִִִִִִִִִִִִִִִִִִִִִִִִִִִִִִִ

 1 1988   1.8  1.8  1.8  0.0   0   0.1    0.1 436  436    0    0  412  461   49
 2 1989  14.7 12.9  8.7  4.2  32   6.7    6.8 421  367  533  166  313  589  276
 3 1990  33.0 18.3 16.8  1.5   8  27.4   34.2 367  352  539  187  290  600  310
 4 1991  56.7 23.7 22.8  0.9   3  66.8  101.0 358  352  505  153  292  514  222
 5 1992  75.3 18.6 17.7  0.9   4  77.1  178.1 356  345  573  228  266  651  385
 6 1993  91.2 15.9 13.8  2.1  13  83.2  261.3 415  387  596  209  337  660  323
 7 1994 110.1 18.9 14.4  4.5  23 119.5  380.8 433  394  559  165  333  666  333
 8 1995 129.9 19.8 17.7  2.1  10 149.3  530.1 408  390  559  169  326  591  265
 9 1996 145.5 15.6 13.8  1.8  11 135.0  665.1 380  359  540  181  288  591  303
10 1997 161.7 16.2 12.9  3.3  20 156.3  821.4 411  370  570  200  296  635  339
11 1998 171.3  9.6  8.1  1.5  15 100.4  921.9 383  341  606  265  280  675  395
12 1999 177.6  6.3  6.0  0.3   4  69.1  990.9 376  370  501  131  294  501  207
13 2000 181.5  3.9  3.3  0.6  15  44.0 1034.9 386  358  539  181  297  547  250
14 2001 184.5  3.0  3.0  0.0   0  34.5 1069.4 364  364    0    0  314  496  182
15 2002 186.6  2.1  1.8  0.3  14  24.5 1093.9 372  348  520  172  305  520  215
16 2003 188.4  1.8  1.8  0.0   0  21.2 1115.1 344  344    0    0  314  448  134
17 2004 189.6  1.2  1.2  0.0   0  14.3 1129.3 357  357    0    0  315  439  124
18 2005 190.2  0.6  0.6  0.0   0   7.2 1136.5 364  364    0    0  356  372   16
19 2006 190.8  0.6  0.6  0.0   0   7.2 1143.7 414  414    0    0  349  479  130
20 2007 191.4  0.6  0.6  0.0   0   7.2 1150.9 400  400    0    0  365  435   70
21 2008 192.0  0.6  0.6  0.0   0   7.2 1158.1 442  442    0    0  408  476   68
22 2009 192.6  0.6  0.6  0.0   0   7.2 1165.4 381  381    0    0  358  404   46

Core Length:  194.1 mm
Core Density: 389 kg/m3
Cross-sectional Density:  392 kg/m3
Early/Latewood Threshold: 500 kg/m3
Attenuation Constant: 3.05

ִִִִִִִִִִִִִִִִִִִִִִִִִִִִִִִִִִִִִִִִִִִִִִִִִִִִִִִִִִִִִִִִִִִִִִִִִִִִִִִ
Core : 16
ֲֲֲִִִִִִִִִִִִִִִִִִִִִִִִִִִִִִִִִִִִִִִִִִִִִִִִִִִִִִִִִִִִִִִִִִִִִִִִִִִִ
       ³Widths (mm)              ³ Areas    ³ Densities (kg/m3)
       ³                         ³ (cm‎)    ³
Ring   ³Outer Ring Erly Late   % ³Incr Total³Ring E/Wd L/Wd Unif  Min  Max  Rng
 # Year³ Rad.      Wood Wood  LW ³          ³mean mean mean
ֱֱֱִִִִִִִִִִִִִִִִִִִִִִִִִִִִִִִִִִִִִִִִִִִִִִִִִִִִִִִִִִִִִִִִִִִִִִִִִִִִ

 4 1991  57.7 57.7 32.7  0.0   0 104.6  104.6 350  350    0    0  262  467  205
 5 1992  97.3 39.6 37.5  2.1   5 192.8  297.4 387  378  541  163  311  587  276
 6 1993 128.2 30.9 26.7  4.2  13 218.9  516.3 375  351  532  181  279  570  291
 7 1994 154.3 26.1 18.6  7.5  28 231.6  748.0 454  417  546  129  325  611  286
 8 1995 176.8 22.5 19.8  2.7  12 234.0  982.0 407  391  524  133  302  555  253
 9 1996 196.9 20.1 17.7  2.4  11 236.0 1218.0 379  356  548  192  287  582  295
10 1997 218.2 21.3 19.8  1.5   7 277.8 1495.8 400  390  536  146  315  561  246
11 1998 231.4 13.2 10.2  3.0  22 186.4 1682.2 389  341  550  209  272  627  355
12 1999 248.5 17.1 15.3  1.8  10 257.8 1940.0 389  372  533  161  303  569  266
13 2000 257.8  9.3  7.5  1.8  19 147.9 2087.9 371  338  512  174  295  518  223
14 2001 269.2 11.4  8.4  3.0  26 188.7 2276.7 415  362  564  202  293  648  355
15 2002 279.7 10.5  8.7  1.8  17 181.1 2457.7 398  358  590  232  306  663  357
16 2003 289.0  9.3  8.7  0.6   6 166.2 2623.9 385  374  547  173  298  567  269
17 2004 299.8 10.8  9.0  1.8  16 199.8 2823.7 390  358  547  189  287  583  296
18 2005 310.0 10.2  9.0  1.2  11 195.4 3019.1 387  368  529  161  293  590  297
19 2006 316.9  6.9  5.4  1.5  21 135.9 3155.0 399  353  564  211  302  611  309
20 2007 323.8  6.9  5.7  1.2  17 138.9 3293.8 416  387  557  170  324  611  287
21 2008 332.2  8.4  5.7  2.7  32 173.1 3467.0 443  399  536  137  345  570  225
22 2009 337.9  5.7  4.8  0.9  15 120.0 3587.0 394  369  527  158  330  541  211
23 2010 343.9  6.0  4.8  1.2  20 128.5 3715.5 397  349  587  238  303  610  307
24 2011 351.1  7.2  5.1  2.1  29 157.2 3872.7 417  362  550  188  310  590  280
25 2012 357.4  6.3  5.4  0.9  14 140.2 4012.9 388  367  514  147  307  526  219
26 2013 363.4  6.0  3.9  2.1  35 135.9 4148.8 418  349  546  197  306  590  284
27 2014 369.4  6.0  3.6  2.4  40 138.1 4286.9 453  373  573  200  316  599  283
28 2015 374.8  5.4  3.9  1.5  27 126.3 4413.2 446  391  588  197  340  638  298

Core Length:  349.8 mm
Core Density: 401 kg/m3
Cross-sectional Density:  401 kg/m3
Early/Latewood Threshold: 500 kg/m3
Attenuation Constant: 3.05

ִִִִִִִִִִִִִִִִִִִִִִִִִִִִִִִִִִִִִִִִִִִִִִִִִִִִִִִִִִִִִִִִִִִִִִִִִִִִִִִ
Core : 20
ֲֲֲִִִִִִִִִִִִִִִִִִִִִִִִִִִִִִִִִִִִִִִִִִִִִִִִִִִִִִִִִִִִִִִִִִִִִִִִִִִִ
       ³Widths (mm)              ³ Areas    ³ Densities (kg/m3)
       ³                         ³ (cm‎)    ³
Ring   ³Outer Ring Erly Late   % ³Incr Total³Ring E/Wd L/Wd Unif  Min  Max  Rng
 # Year³ Rad.      Wood Wood  LW ³          ³mean mean mean
ֱֱֱִִִִִִִִִִִִִִִִִִִִִִִִִִִִִִִִִִִִִִִִִִִִִִִִִִִִִִִִִִִִִִִִִִִִִִִִִִִִ

 1 1989   8.8  8.8  6.6  1.2  13   2.4    2.4 409  387  532  145  339  562  223
 2 1990  31.3 22.5 19.8  2.7  12  28.3   30.8 406  387  544  157  352  597  245
 3 1991  58.9 27.6 26.7  0.9   3  78.2  109.0 378  374  507  133  312  514  202
 4 1992  85.3 26.4 25.2  1.2   4 119.6  228.6 376  368  539  171  319  564  245
 5 1993 107.8 22.5 20.7  1.8   8 136.5  365.1 377  364  529  165  288  541  253
 6 1994 128.5 20.7 17.4  3.3  15 153.7  518.7 389  362  534  172  305  574  269
 7 1995 148.6 20.1 18.9  1.2   5 175.0  693.7 382  372  545  173  291  571  280
 8 1996 168.1 19.5 18.0  1.5   7 194.0  887.7 380  367  542  175  300  586  286
 9 1997 181.6 13.5 10.8  2.7  20 148.3 1036.1 407  372  550  178  318  592  274
10 1998 189.7  8.1  7.2  0.9  11  94.5 1130.5 377  354  569  215  292  607  315
11 1999 200.8 11.1 10.2  0.9   8 136.2 1266.7 398  387  524  137  301  545  244
12 2000 208.6  7.8  5.7  2.1  26 100.3 1367.0 411  356  561  205  292  620  328
13 2001 216.4  7.8  6.3  1.5  19 104.1 1471.2 407  370  564  194  320  593  273
14 2002 221.5  5.1  3.9  1.2  23  70.2 1541.3 410  358  580  222  304  646  342
15 2003 227.2  5.7  5.1  0.6  10  80.3 1621.7 417  401  556  155  333  569  236
16 2004 230.8  3.6  2.4  1.2  33  51.8 1673.5 432  370  557  187  335  619  284
17 2005 234.1  3.3  2.7  0.6  18  48.2 1721.7 428  401  553  152  338  596  258
18 2006 236.2  2.1  1.5  0.6  28  31.0 1752.7 447  389  591  202  344  621  277
19 2007 238.3  2.1  1.5  0.6  28  31.3 1784.0 454  408  567  159  362  632  270
20 2008 240.7  2.4  1.8  0.6  24  36.1 1820.1 475  426  621  195  365  640  275
21 2009 243.4  2.7  1.2  1.5  55  41.1 1861.2 524  434  597  163  389  668  279
22 2010 247.0  3.6  1.5  2.1  58  55.5 1916.7 559  463  627  164  433  707  274
23 2011 250.9  3.9  2.7  1.2  30  61.0 1977.7 461  427  540  113  387  613  226
24 2012 253.0  2.1  1.8  0.3  14  33.2 2010.9 423  403  545  142  360  545  185
25 2013 254.8  1.8  1.5  0.3  16  28.7 2039.6 449  414  627  213  382  627  245
26 2014 256.6  1.8  1.2  0.6  33  28.9 2068.5 463  416  557  141  388  561  173
27 2015 258.4  1.8  1.2  0.6  33  29.1 2097.7 512  449  637  188  399  648  249

Core Length:  257.4 mm
Core Density: 427 kg/m3
Cross-sectional Density:  409 kg/m3
Early/Latewood Threshold: 500 kg/m3
Attenuation Constant: 3.05

ִִִִִִִִִִִִִִִִִִִִִִִִִִִִִִִִִִִִִִִִִִִִִִִִִִִִִִִִִִִִִִִִִִִִִִִִִִִִִִִ
Core : 22
ֲֲֲִִִִִִִִִִִִִִִִִִִִִִִִִִִִִִִִִִִִִִִִִִִִִִִִִִִִִִִִִִִִִִִִִִִִִִִִִִִִ
       ³Widths (mm)              ³ Areas    ³ Densities (kg/m3)
       ³                         ³ (cm‎)    ³
Ring   ³Outer Ring Erly Late   % ³Incr Total³Ring E/Wd L/Wd Unif  Min  Max  Rng
 # Year³ Rad.      Wood Wood  LW ³          ³mean mean mean
ֱֱֱִִִִִִִִִִִִִִִִִִִִִִִִִִִִִִִִִִִִִִִִִִִִִִִִִִִִִִִִִִִִִִִִִִִִִִִִִִִִ

 2 1990  14.1 14.1 13.8  0.3   2   6.2    6.2 343  339  503  164  286  503  217
 3 1991  37.8 23.7 23.7  0.0   0  38.6   44.9 317  317    0    0  257  442  185
 4 1992  59.1 21.3 20.4  0.9   4  64.8  109.7 337  328  555  227  257  577  320
 5 1993  79.8 20.7 18.6  2.1  10  90.3  200.1 366  347  540  193  279  590  311
 6 1994  93.0 13.2 10.8  2.4  18  71.7  271.7 401  365  559  194  319  620  301
 7 1995 108.3 15.3 12.9  2.4  15  96.8  368.5 385  359  526  167  299  551  252
 8 1996 119.4 11.1 10.2  0.9   8  79.4  447.9 358  343  528  185  259  552  293
 9 1997 130.2 10.8 10.2  0.6   5  84.7  532.6 359  349  529  180  275  536  261
10 1998 137.1  6.9  6.3  0.6   8  57.9  590.5 351  332  557  225  260  585  325
11 1999 143.7  6.6  6.0  0.6   9  58.2  648.7 388  374  532  158  276  556  280
12 2000 149.7  6.0  5.4  0.6  10  55.3  704.0 398  378  580  202  301  611  310
13 2001 155.1  5.4  4.8  0.6  11  51.7  755.7 397  373  590  217  315  620  305
14 2002 158.7  3.6  3.0  0.6  16  35.5  791.2 400  370  548  178  296  580  284
15 2003 162.6  3.9  3.3  0.6  15  39.4  830.6 403  373  564  191  327  584  257
16 2004 166.2  3.6  2.7  0.9  24  37.2  867.8 398  346  556  210  296  587  291
17 2005 170.1  3.9  3.3  0.6  15  41.2  909.0 401  368  583  215  305  605  300
18 2006 172.5  2.4  1.8  0.6  25  25.8  934.8 422  357  616  259  308  619  311
19 2007 174.9  2.4  1.8  0.6  24  26.2  961.0 439  389  588  199  322  647  325
20 2008 177.6  2.7  2.4  0.3  11  29.9  990.9 416  396  572  176  327  572  245
21 2009 179.7  2.1  1.5  0.6  28  23.6 1014.5 449  394  586  192  356  605  249
22 2010 181.8  2.1  1.2  0.9  42  23.8 1038.3 463  400  548  148  349  563  214
23 2011 184.8  3.0  1.8  1.2  40  34.6 1072.9 465  395  571  176  341  606  265
24 2012 187.2  2.4  2.1  0.3  12  28.0 1100.9 399  372  590  218  309  590  281
25 2013 188.7  1.5  1.2  0.3  20  17.7 1118.6 403  371  533  162  351  533  182
26 2014 189.9  1.2  0.6  0.6  50  14.3 1132.9 457  380  535  155  365  569  204
27 2015 191.4  1.5  1.2  0.3  20  18.0 1150.9 439  400  595  195  357  595  238

Core Length:  191.4 mm
Core Density: 398 kg/m3
Cross-sectional Density:  387 kg/m3
Early/Latewood Threshold: 500 kg/m3
Attenuation Constant: 3.05

ִִִִִִִִִִִִִִִִִִִִִִִִִִִִִִִִִִִִִִִִִִִִִִִִִִִִִִִִִִִִִִִִִִִִִִִִִִִִִִִ
Core : 25
ֲֲֲִִִִִִִִִִִִִִִִִִִִִִִִִִִִִִִִִִִִִִִִִִִִִִִִִִִִִִִִִִִִִִִִִִִִִִִִִִִִ
       ³Widths (mm)              ³ Areas    ³ Densities (kg/m3)
       ³                         ³ (cm‎)    ³
Ring   ³Outer Ring Erly Late   % ³Incr Total³Ring E/Wd L/Wd Unif  Min  Max  Rng
 # Year³ Rad.      Wood Wood  LW ³          ³mean mean mean
ֱֱֱִִִִִִִִִִִִִִִִִִִִִִִִִִִִִִִִִִִִִִִִִִִִִִִִִִִִִִִִִִִִִִִִִִִִִִִִִִִִ

 1 1989   5.0  5.0  3.0  0.0   0   0.8    0.8 394  394    0    0  220  497  277
 2 1990  19.1 14.1 12.9  1.2   8  10.7   11.5 378  364  527  163  295  567  272
 3 1991  40.7 21.6 21.0  0.6   2  40.6   52.0 355  351  506  155  286  512  226
 4 1992  67.1 26.4 24.6  1.8   6  89.4  141.4 389  377  546  169  303  583  280
 5 1993  94.4 27.3 21.3  6.0  21 138.5  280.0 420  384  547  163  292  577  285
 6 1994 118.1 23.7 19.8  3.9  16 158.2  438.2 436  413  548  135  357  613  256
 7 1995 142.4 24.3 20.4  3.9  16 198.9  637.0 435  413  555  142  338  644  306
 8 1996 162.5 20.1 17.1  3.0  14 192.5  829.6 453  436  551  115  394  669  275
 9 1997 181.4 18.9 14.7  4.2  22 204.2 1033.8 476  450  565  115  403  646  243
10 1998 193.7 12.3  9.3  3.0  24 144.9 1178.7 448  404  586  182  352  667  315
11 1999 206.3 12.6 10.2  2.4  19 158.3 1337.1 443  418  549  131  344  626  282
12 2000 217.4 11.1  7.2  3.9  35 147.8 1484.8 469  402  593  191  338  650  312
13 2001 230.3 12.9  9.9  3.0  23 181.4 1666.2 447  396  614  218  350  695  345
14 2002 240.8 10.5  7.5  3.0  28 155.4 1821.6 439  384  577  193  310  693  383
15 2003 251.3 10.5  8.7  1.8  17 162.3 1984.0 447  420  577  157  382  677  295
16 2004 259.4  8.1  5.7  2.4  29 130.0 2113.9 468  404  618  214  353  667  314
17 2005 269.0  9.6  6.9  2.7  28 159.4 2273.3 453  403  578  175  340  700  360
18 2006 276.2  7.2  5.4  1.8  24 123.3 2396.6 453  404  599  195  340  645  305
19 2007 281.9  5.7  5.1  0.6  10  99.9 2496.5 443  424  604  180  341  644  303
20 2008 287.6  5.7  3.6  2.1  36 102.0 2598.5 499  424  627  203  378  705  327
21 2009 292.7  5.1  2.7  2.4  47  93.0 2691.5 497  406  599  193  365  692  327
22 2010 296.9  4.2  2.7  1.5  35  77.8 2769.3 489  415  623  208  368  704  336
23 2011 302.0  5.1  3.0  2.1  41  96.0 2865.3 480  396  601  205  353  661  308
24 2012 306.2  4.2  3.0  1.2  28  80.3 2945.5 478  425  613  188  351  680  329
25 2013 310.7  4.5  2.4  2.1  46  87.2 3032.7 507  403  625  222  366  729  363
26 2014 314.9  4.2  1.8  2.4  57  82.5 3115.3 515  400  602  202  364  705  341
27 2015 318.8  3.9  2.7  1.2  30  77.6 3192.9 491  425  640  215  374  707  333

Core Length:  316.8 mm
Core Density: 451 kg/m3
Cross-sectional Density:  455 kg/m3
Early/Latewood Threshold: 500 kg/m3
Attenuation Constant: 3.05

ִִִִִִִִִִִִִִִִִִִִִִִִִִִִִִִִִִִִִִִִִִִִִִִִִִִִִִִִִִִִִִִִִִִִִִִִִִִִִִִ
Core : 30
ֲֲֲִִִִִִִִִִִִִִִִִִִִִִִִִִִִִִִִִִִִִִִִִִִִִִִִִִִִִִִִִִִִִִִִִִִִִִִִִִִִ
       ³Widths (mm)              ³ Areas    ³ Densities (kg/m3)
       ³                         ³ (cm‎)    ³
Ring   ³Outer Ring Erly Late   % ³Incr Total³Ring E/Wd L/Wd Unif  Min  Max  Rng
 # Year³ Rad.      Wood Wood  LW ³          ³mean mean mean
ֱֱֱִִִִִִִִִִִִִִִִִִִִִִִִִִִִִִִִִִִִִִִִִִִִִִִִִִִִִִִִִִִִִִִִִִִִִִִִִִִִ

 2 1990  19.4 19.4 17.1  0.3   1  11.8   11.8 321  318  501  183  244  501  257
 3 1991  41.6 22.2 22.2  0.0   0  42.5   54.4 349  349    0    0  274  488  214
 4 1992  61.7 20.1 19.8  0.3   1  65.2  119.6 350  348  500  152  295  500  205
 5 1993  81.2 19.5 17.4  2.1  10  87.5  207.1 379  363  512  149  312  526  214
 6 1994 101.6 20.4 16.5  3.9  19 117.2  324.3 413  383  541  158  329  593  264
 7 1995 121.1 19.5 18.0  1.5   7 136.4  460.7 401  387  559  172  313  599  286
 8 1996 139.7 18.6 16.2  2.4  12 152.4  613.1 392  369  546  177  302  586  284
 9 1997 157.1 17.4 15.6  1.8  10 162.2  775.4 397  383  521  138  314  534  220
10 1998 166.4  9.3  8.1  1.2  12  94.5  869.9 390  355  626  271  299  654  355
11 1999 177.2 10.8  9.6  1.2  11 116.6  986.5 398  377  574  197  311  607  296
12 2000 183.5  6.3  5.4  0.9  14  71.4 1057.8 393  365  564  199  318  617  299
13 2001 188.0  4.5  3.6  0.9  20  52.5 1110.4 410  360  608  248  315  639  324
14 2002 191.3  3.3  2.4  0.9  27  39.3 1149.7 401  345  550  205  304  595  291
15 2003 195.5  4.2  3.3  0.9  21  51.0 1200.7 418  390  523  133  300  531  231
16 2004 200.9  5.4  3.9  1.5  27  67.2 1268.0 425  369  573  204  297  630  333
17 2005 205.7  4.8  4.2  0.6  12  61.3 1329.3 397  372  571  199  298  580  282
18 2006 207.5  1.8  1.5  0.3  16  23.4 1352.7 428  395  594  199  323  594  271
19 2007 209.9  2.4  1.8  0.6  25  31.5 1384.1 450  405  586  181  352  610  258
20 2008 212.9  3.0  2.1  0.9  30  39.8 1424.0 440  382  576  194  332  597  265
21 2009 214.7  1.8  1.2  0.6  33  24.2 1448.2 448  392  561  169  372  621  249
22 2010 216.5  1.8  1.2  0.6  33  24.4 1472.5 468  395  615  220  352  645  293
23 2011 218.6  2.1  1.2  0.9  42  28.7 1501.2 476  393  587  194  366  679  313
24 2012 222.2  3.6  2.4  1.2  33  49.9 1551.1 446  401  535  134  362  582  220
25 2013 225.8  3.6  2.4  1.2  33  50.7 1601.8 464  395  602  207  333  705  372
26 2014 228.5  2.7  1.2  1.5  55  38.5 1640.3 510  413  589  176  369  624  255
27 2015 231.2  2.7  1.8  0.9  33  39.0 1679.3 442  373  578  205  356  677  321

Core Length:  229.2 mm
Core Density: 415 kg/m3
Cross-sectional Density:  407 kg/m3
Early/Latewood Threshold: 500 kg/m3
Attenuation Constant: 3.05

ִִִִִִִִִִִִִִִִִִִִִִִִִִִִִִִִִִִִִִִִִִִִִִִִִִִִִִִִִִִִִִִִִִִִִִִִִִִִִִִ
Core : 37
ֲֲֲִִִִִִִִִִִִִִִִִִִִִִִִִִִִִִִִִִִִִִִִִִִִִִִִִִִִִִִִִִִִִִִִִִִִִִִִִִִִ
       ³Widths (mm)              ³ Areas    ³ Densities (kg/m3)
       ³                         ³ (cm‎)    ³
Ring   ³Outer Ring Erly Late   % ³Incr Total³Ring E/Wd L/Wd Unif  Min  Max  Rng
 # Year³ Rad.      Wood Wood  LW ³          ³mean mean mean
ֱֱֱִִִִִִִִִִִִִִִִִִִִִִִִִִִִִִִִִִִִִִִִִִִִִִִִִִִִִִִִִִִִִִִִִִִִִִִִִִִִ

 3 1991  19.8 19.8 14.7  2.1  10  12.3   12.3 401  383  525  142  322  553  231
 4 1992  44.7 24.9 23.4  1.5   6  50.5   62.8 371  360  530  170  300  573  273
 5 1993  63.0 18.3 12.3  6.0  32  61.9  124.7 431  374  548  174  322  608  286
 6 1994  81.9 18.9 15.3  3.6  19  86.0  210.7 398  363  548  185  314  631  317
 7 1995  98.7 16.8 14.1  2.7  16  95.3  306.0 396  368  545  177  294  624  330
 8 1996 114.3 15.6 13.5  2.1  13 104.4  410.4 391  366  552  186  279  578  299
 9 1997 132.0 17.7 14.7  3.0  16 137.0  547.4 395  368  527  159  293  584  291
10 1998 141.6  9.6  8.7  0.9   9  82.5  629.9 378  358  566  208  302  588  286
11 1999 153.3 11.7 10.8  0.9   7 108.4  738.3 398  388  517  129  316  524  208
12 2000 163.2  9.9  7.5  2.4  24  98.4  836.7 403  354  555  201  295  622  327
13 2001 173.4 10.2  7.8  2.4  23 107.9  944.6 424  377  577  200  287  624  337
14 2002 179.7  6.3  4.8  1.5  23  69.9 1014.5 419  369  579  210  301  619  318
15 2003 188.7  9.0  7.2  1.8  20 104.2 1118.6 409  375  542  167  320  619  299
16 2004 194.7  6.0  4.8  1.2  20  72.3 1190.9 402  359  578  219  308  627  319
17 2005 200.7  6.0  4.8  1.2  20  74.5 1265.4 436  406  557  151  351  590  239
18 2006 205.2  4.5  3.0  1.5  33  57.4 1322.8 451  379  596  217  342  632  290
19 2007 210.3  5.1  3.9  1.2  23  66.6 1389.4 470  422  625  203  366  717  351
20 2008 214.5  4.2  3.0  1.2  28  56.1 1445.5 472  404  643  239  385  687  302
21 2009 217.5  3.0  2.1  0.9  30  40.7 1486.2 471  403  631  228  361  673  312
22 2010 220.5  3.0  2.1  0.9  30  41.3 1527.5 451  391  593  202  354  685  331
23 2011 223.5  3.0  2.4  0.6  20  41.8 1569.3 428  378  628  250  354  656  302
24 2012 227.4  3.9  2.7  1.2  30  55.2 1624.5 444  384  580  196  325  616  291
25 2013 231.9  4.5  3.3  1.2  26  64.9 1689.5 449  383  631  248  331  702  371
26 2014 235.2  3.3  2.1  1.2  36  48.4 1737.9 443  377  557  180  325  605  280
27 2015 238.2  3.0  2.4  0.6  20  44.6 1782.5 416  367  615  248  228  641  413

Core Length:  235.2 mm
Core Density: 421 kg/m3
Cross-sectional Density:  417 kg/m3
Early/Latewood Threshold: 500 kg/m3
Attenuation Constant: 3.05

ִִִִִִִִִִִִִִִִִִִִִִִִִִִִִִִִִִִִִִִִִִִִִִִִִִִִִִִִִִִִִִִִִִִִִִִִִִִִִִִ
Core : 38
ֲֲֲִִִִִִִִִִִִִִִִִִִִִִִִִִִִִִִִִִִִִִִִִִִִִִִִִִִִִִִִִִִִִִִִִִִִִִִִִִִִ
       ³Widths (mm)              ³ Areas    ³ Densities (kg/m3)
       ³                         ³ (cm‎)    ³
Ring   ³Outer Ring Erly Late   % ³Incr Total³Ring E/Wd L/Wd Unif  Min  Max  Rng
 # Year³ Rad.      Wood Wood  LW ³          ³mean mean mean
ֱֱֱִִִִִִִִִִִִִִִִִִִִִִִִִִִִִִִִִִִִִִִִִִִִִִִִִִִִִִִִִִִִִִִִִִִִִִִִִִִִ

 1 1989   4.2  4.2  4.2  0.0   0   0.6    0.6 328  328    0    0  260  390  130
 2 1990  14.7 10.5  9.9  0.6   5   6.2    6.8 344  334  506  172  272  506  234
 3 1991  33.9 19.2 19.2  0.0   0  29.3   36.1 325  325    0    0  265  468  203
 4 1992  53.7 19.8 19.8  0.0   0  54.5   90.6 318  318    0    0  262  473  211
 5 1993  62.7  9.0  6.9  2.1  23  32.9  123.5 421  367  598  231  318  679  361
 6 1994  77.7 15.0 12.6  2.4  15  66.2  189.7 381  344  579  235  294  677  383
 7 1995  94.5 16.8 14.7  2.1  12  90.9  280.6 370  346  542  196  266  639  373
 8 1996 114.9 20.4 18.6  1.8   8 134.2  414.8 355  336  554  218  241  595  354
 9 1997 136.8 21.9 18.9  3.0  13 173.2  587.9 386  358  562  204  294  621  327
10 1998 148.2 11.4  9.9  1.5  13 102.1  690.0 367  334  584  250  284  659  375
11 1999 162.6 14.4 13.8  0.6   4 140.6  830.6 383  374  572  198  301  631  330
12 2000 171.6  9.0  7.5  1.5  16  94.5  925.1 395  354  600  246  296  663  367
13 2001 180.9  9.3  7.8  1.5  16 103.0 1028.1 402  357  636  279  309  703  394
14 2002 188.7  7.8  6.6  1.2  15  90.6 1118.6 400  367  583  216  293  692  399
15 2003 197.4  8.7  6.6  2.1  24 105.5 1224.2 416  368  566  198  320  631  311
16 2004 204.3  6.9  5.1  1.8  26  87.1 1311.3 422  353  618  265  323  672  349
17 2005 210.6  6.3  4.8  1.5  23  82.1 1393.4 442  391  604  213  340  697  357
18 2006 214.8  4.2  3.0  1.2  28  56.1 1449.5 436  366  610  244  325  683  358
19 2007 219.6  4.8  3.9  0.9  18  65.5 1515.0 449  400  659  259  329  744  415
20 2008 223.2  3.6  2.7  0.9  24  50.1 1565.1 460  401  637  236  344  687  343
21 2009 226.2  3.0  1.8  1.2  40  42.4 1607.4 509  421  641  220  362  703  341
22 2010 229.2  3.0  2.4  0.6  20  42.9 1650.4 444  407  594  187  344  605  261
23 2011 231.9  2.7  1.8  0.9  33  39.1 1689.5 428  354  574  220  325  656  331
24 2012 234.0  2.1  1.5  0.6  28  30.7 1720.2 444  386  591  205  346  659  313
25 2013 236.7  2.7  2.1  0.6  22  39.9 1760.1 431  379  613  234  350  622  272
26 2014 238.2  1.5  0.9  0.6  40  22.4 1782.5 490  429  580  151  381  622  241
27 2015 240.9  2.7  1.8  0.9  33  40.6 1823.2 441  373  577  204  292  670  378

Core Length:  240.9 mm
Core Density: 406 kg/m3
Cross-sectional Density:  402 kg/m3
Early/Latewood Threshold: 500 kg/m3
Attenuation Constant: 3.05

ִִִִִִִִִִִִִִִִִִִִִִִִִִִִִִִִִִִִִִִִִִִִִִִִִִִִִִִִִִִִִִִִִִִִִִִִִִִִִִִ
Core : 40
ֲֲֲִִִִִִִִִִִִִִִִִִִִִִִִִִִִִִִִִִִִִִִִִִִִִִִִִִִִִִִִִִִִִִִִִִִִִִִִִִִִ
       ³Widths (mm)              ³ Areas    ³ Densities (kg/m3)
       ³                         ³ (cm‎)    ³
Ring   ³Outer Ring Erly Late   % ³Incr Total³Ring E/Wd L/Wd Unif  Min  Max  Rng
 # Year³ Rad.      Wood Wood  LW ³          ³mean mean mean
ֱֱֱִִִִִִִִִִִִִִִִִִִִִִִִִִִִִִִִִִִִִִִִִִִִִִִִִִִִִִִִִִִִִִִִִִִִִִִִִִִִ

 1 1988   1.8  1.8  1.8  0.0   0   0.1    0.1 318  318    0    0  262  336   74
 2 1989   6.9  5.1  5.1  0.0   0   1.4    1.5 358  358    0    0  292  478  186
 3 1990  30.3 23.4 23.1  0.3   1  27.3   28.8 322  319  500  181  250  500  250
 4 1991  57.3 27.0 27.0  0.0   0  74.3  103.1 320  320    0    0  257  492  235
 5 1992  77.7 20.4 20.1  0.3   1  86.5  189.7 353  350  545  195  291  545  254
 6 1993 105.9 28.2 26.1  2.1   7 162.7  352.3 374  363  510  147  267  520  253
 7 1994 128.4 22.5 19.8  2.7  11 165.6  517.9 395  372  563  191  297  598  301
 8 1995 149.7 21.3 19.8  1.5   7 186.1  704.0 384  372  544  172  294  588  294
 9 1996 172.2 22.5 21.0  1.5   6 227.5  931.6 362  350  536  186  279  575  296
10 1997 189.6 17.4 15.3  2.1  12 197.8 1129.3 393  367  581  214  309  623  314
11 1998 200.1 10.5  9.9  0.6   5 128.5 1257.9 365  355  531  176  299  561  262
12 1999 211.8 11.7 10.8  0.9   7 151.4 1409.3 380  368  526  158  315  536  221
13 2000 218.7  6.9  5.4  1.5  21  93.3 1502.6 412  365  578  213  312  633  321
14 2001 226.5  7.8  6.9  0.9  11 109.1 1611.7 400  377  577  200  307  619  312
15 2002 231.6  5.1  4.5  0.6  11  73.4 1685.1 420  399  576  177  341  606  265
16 2003 236.4  4.8  3.9  0.9  18  70.6 1755.7 416  389  534  145  326  583  257
17 2004 240.3  3.9  3.3  0.6  15  58.4 1814.1 418  388  582  194  297  607  310
18 2005 243.9  3.6  3.0  0.6  16  54.8 1868.8 407  379  545  166  348  586  238
19 2006 245.7  1.8  1.5  0.3  16  27.7 1896.5 436  413  548  135  346  548  202
20 2007 247.5  1.8  1.5  0.3  16  27.9 1924.4 420  401  515  114  365  515  150
21 2008 248.7  1.2  0.9  0.3  25  18.7 1943.1 456  431  531  100  395  531  136
22 2009 249.9  1.2  0.9  0.3  25  18.8 1961.9 420  386  524  138  345  524  179
23 2010 250.5  0.6  0.6  0.0   0   9.4 1971.4 425  425    0    0  385  465   80
24 2011 251.1  0.6  0.3  0.3  50   9.5 1980.8 453  400  507  107  400  507  107
25 2012 251.7  0.6  0.6  0.0   0   9.5 1990.3 431  431    0    0  417  445   28
26 2013 252.3  0.6  0.3  0.3  50   9.5 1999.8 543  484  603  119  484  603  119
27 2014 253.5  1.2  0.9  0.3  24  19.1 2018.9 481  452  571  119  403  571  168
28 2015 254.1  0.6  0.6  0.0   0   9.6 2028.4 444  444    0    0  424  465   41

Core Length:  254.1 mm
Core Density: 403 kg/m3
Cross-sectional Density:  387 kg/m3
Early/Latewood Threshold: 500 kg/m3
Attenuation Constant: 3.05

ִִִִִִִִִִִִִִִִִִִִִִִִִִִִִִִִִִִִִִִִִִִִִִִִִִִִִִִִִִִִִִִִִִִִִִִִִִִִִִִ
Core : 42
ֲֲֲִִִִִִִִִִִִִִִִִִִִִִִִִִִִִִִִִִִִִִִִִִִִִִִִִִִִִִִִִִִִִִִִִִִִִִִִִִִִ
       ³Widths (mm)              ³ Areas    ³ Densities (kg/m3)
       ³                         ³ (cm‎)    ³
Ring   ³Outer Ring Erly Late   % ³Incr Total³Ring E/Wd L/Wd Unif  Min  Max  Rng
 # Year³ Rad.      Wood Wood  LW ³          ³mean mean mean
ֱֱֱִִִִִִִִִִִִִִִִִִִִִִִִִִִִִִִִִִִִִִִִִִִִִִִִִִִִִִִִִִִִִִִִִִִִִִִִִִִִ

 1 1988   8.1  8.1  7.5  0.6   7   2.1    2.1 411  399  562  163  272  564  292
 2 1989  15.9  7.8  7.8  0.0   0   5.9    7.9 345  345    0    0  299  444  145
 3 1990  33.6 17.7 15.6  2.1  11  27.5   35.5 389  370  532  162  315  558  243
 4 1991  61.8 28.2 27.0  1.2   4  84.5  120.0 386  380  526  146  312  554  242
 5 1992  86.4 24.6 22.2  2.4   9 114.5  234.5 403  386  563  177  332  608  276
 6 1993 107.1 20.7 15.9  4.8  23 125.8  360.4 436  398  559  161  341  608  267
 7 1994 127.2 20.1 17.4  2.7  13 148.0  508.3 412  391  548  157  340  581  241
 8 1995 147.3 20.1 17.7  2.4  11 173.3  681.6 425  408  552  144  330  589  259
 9 1996 164.7 17.4 16.5  0.9   5 170.6  852.2 396  390  517  127  309  532  223
10 1997 180.6 15.9 15.0  0.9   5 172.5 1024.7 398  392  504  112  306  511  205
11 1998 189.6  9.0  7.5  1.5  16 104.7 1129.3 388  352  568  216  295  591  296
12 1999 203.7 14.1 12.6  1.5  10 174.2 1303.6 392  377  522  145  312  555  243
13 2000 212.1  8.4  6.6  1.8  21 109.7 1413.3 406  370  537  167  318  563  245
14 2001 221.4  9.3  7.5  1.8  19 126.7 1539.9 418  385  553  168  332  582  250
15 2002 228.6  7.2  5.4  1.8  25 101.8 1641.7 431  384  575  191  308  663  355
16 2003 235.8  7.2  5.4  1.8  25 105.0 1746.8 432  394  545  151  348  589  241
17 2004 241.8  6.0  4.2  1.8  30  90.0 1836.8 441  381  579  198  339  616  277
18 2005 248.7  6.9  5.4  1.5  21 106.3 1943.1 449  412  583  171  321  601  280
19 2006 254.1  5.4  2.7  2.7  50  85.3 2028.4 495  395  595  200  337  641  304
20 2007 259.8  5.7  3.0  2.7  47  92.0 2120.5 485  411  567  156  358  679  321
21 2008 263.1  3.3  2.4  0.9  27  54.2 2174.7 471  421  606  185  361  635  274
22 2009 265.2  2.1  1.2  0.9  42  34.9 2209.5 482  410  578  168  359  661  302
23 2010 267.9  2.7  1.8  0.9  33  45.2 2254.7 491  427  618  191  399  640  241
24 2011 270.6  2.7  1.8  0.9  33  45.7 2300.4 488  432  602  170  384  691  307
25 2012 273.3  2.7  1.2  1.5  55  46.1 2346.5 527  433  603  170  403  676  273
26 2013 276.3  3.0  1.8  1.2  40  51.8 2398.3 518  431  649  218  388  715  327
27 2014 278.7  2.4  1.2  1.2  50  41.8 2440.2 511  430  593  163  389  668  279
28 2015 281.4  2.7  1.5  1.2  44  47.5 2487.7 516  432  621  189  388  706  318

Core Length:  281.4 mm
Core Density: 440 kg/m3
Cross-sectional Density:  430 kg/m3
Early/Latewood Threshold: 500 kg/m3
Attenuation Constant: 3.05

ִִִִִִִִִִִִִִִִִִִִִִִִִִִִִִִִִִִִִִִִִִִִִִִִִִִִִִִִִִִִִִִִִִִִִִִִִִִִִִִ
Core : 48
ֲֲֲִִִִִִִִִִִִִִִִִִִִִִִִִִִִִִִִִִִִִִִִִִִִִִִִִִִִִִִִִִִִִִִִִִִִִִִִִִִִ
       ³Widths (mm)              ³ Areas    ³ Densities (kg/m3)
       ³                         ³ (cm‎)    ³
Ring   ³Outer Ring Erly Late   % ³Incr Total³Ring E/Wd L/Wd Unif  Min  Max  Rng
 # Year³ Rad.      Wood Wood  LW ³          ³mean mean mean
ֱֱֱִִִִִִִִִִִִִִִִִִִִִִִִִִִִִִִִִִִִִִִִִִִִִִִִִִִִִִִִִִִִִִִִִִִִִִִִִִִִ

 3 1990  32.0 32.0 26.4  0.6   1  32.2   32.2 302  297  516  219  242  521  279
 4 1991  61.1 29.1 29.1  0.0   0  85.1  117.3 312  312    0    0  246  495  249
 5 1992  85.7 24.6 24.0  0.6   2 113.5  230.7 315  310  506  196  245  511  266
 6 1993 107.0 21.3 18.6  2.7  12 128.9  359.7 361  334  543  209  263  588  325
 7 1994 126.2 19.2 16.2  3.0  15 140.7  500.3 372  344  525  181  282  558  276
 8 1995 143.6 17.4 17.1  0.3   1 147.5  647.8 342  339  554  215  270  554  284
 9 1996 160.1 16.5 15.6  0.9   5 157.4  805.3 348  337  546  209  268  576  308
10 1997 179.0 18.9 17.4  1.5   7 201.3 1006.6 361  346  527  181  275  560  285
11 1998 188.0  9.0  7.5  1.5  16 103.8 1110.4 372  339  535  196  276  560  284
12 1999 200.6 12.6 11.7  0.9   7 153.8 1264.2 381  368  543  175  308  588  280
13 2000 210.5  9.9  8.1  1.8  18 127.9 1392.0 389  357  532  175  306  544  238
14 2001 219.2  8.7  7.5  1.2  13 117.4 1509.5 371  341  557  216  288  600  312
15 2002 229.7 10.5  9.3  1.2  11 148.1 1657.6 393  370  567  197  299  620  321
16 2003 240.2 10.5  9.3  1.2  11 155.0 1812.6 388  372  515  143  301  543  242
17 2004 251.3 11.1 10.5  0.6   5 171.4 1984.0 388  379  556  177  298  576  278
18 2005 259.1  7.8  7.2  0.6   7 125.1 2109.0 384  369  567  198  303  588  285
19 2006 265.1  6.0  5.1  0.9  15  98.8 2207.8 405  384  526  142  305  546  241
20 2007 271.4  6.3  5.4  0.9  14 106.2 2314.0 406  372  614  242  312  674  362
21 2008 275.6  4.2  2.7  1.5  35  72.2 2386.2 416  341  550  209  311  585  274
22 2009 279.5  3.9  2.7  1.2  30  68.0 2454.2 431  367  576  209  320  650  330
23 2010 282.2  2.7  2.1  0.6  22  47.6 2501.9 435  381  624  243  328  626  298
24 2011 285.2  3.0  2.4  0.6  20  53.5 2555.3 400  361  557  196  318  591  273
25 2012 288.2  3.0  2.7  0.3  10  54.0 2609.4 405  393  515  122  303  515  212
26 2013 291.5  3.3  2.4  0.9  27  60.1 2669.5 417  352  589  237  302  615  313
27 2014 295.7  4.2  2.1  2.1  49  77.5 2747.0 459  387  532  145  304  560  256
28 2015 300.2  4.5  3.3  1.2  26  84.2 2831.2 412  362  549  187  289  576  287

Core Length:  295.2 mm
Core Density: 383 kg/m3
Cross-sectional Density:  379 kg/m3
Early/Latewood Threshold: 500 kg/m3
Attenuation Constant: 3.05

