File : C:\DENSITOM\GLENGA~1\GLEN17.DAT
Cores :
3
5
6
19
20
24
27
26
32
36
40
43
49

ִִִִִִִִִִִִִִִִִִִִִִִִִִִִִִִִִִִִִִִִִִִִִִִִִִִִִִִִִִִִִִִִִִִִִִִִִִִִִִִ
Core : 3
ֲֲֲִִִִִִִִִִִִִִִִִִִִִִִִִִִִִִִִִִִִִִִִִִִִִִִִִִִִִִִִִִִִִִִִִִִִִִִִִִִִ
       ³Widths (mm)              ³ Areas    ³ Densities (kg/m3)
       ³                         ³ (cm‎)    ³
Ring   ³Outer Ring Erly Late   % ³Incr Total³Ring E/Wd L/Wd Unif  Min  Max  Rng
 # Year³ Rad.      Wood Wood  LW ³          ³mean mean mean
ֱֱֱִִִִִִִִִִִִִִִִִִִִִִִִִִִִִִִִִִִִִִִִִִִִִִִִִִִִִִִִִִִִִִִִִִִִִִִִִִִִ

 3 1991  25.1 25.1 18.9  1.2   4  19.8   19.8 375  363  567  204  320  613  293
 4 1992  49.4 24.3 24.0  0.3   1  56.9   76.7 355  353  501  148  289  501  212
 5 1993  72.2 22.8 21.9  0.9   3  87.1  163.8 343  333  567  234  281  622  341
 6 1994  80.6  8.4  7.5  0.9  10  40.3  204.1 407  391  542  151  342  580  238
 7 1995  89.0  8.4  7.8  0.6   7  44.8  248.8 399  387  550  163  335  584  249
 8 1996 100.1 11.1 10.8  0.3   2  65.9  314.8 354  350  511  161  262  511  249
 9 1997 109.1  9.0  9.0  0.0   0  59.1  373.9 365  365    0    0  271  497  226
10 1998 115.1  6.0  5.7  0.3   5  42.3  416.2 339  330  502  172  264  502  238
11 1999 124.7  9.6  9.6  0.0   0  72.3  488.5 367  367    0    0  261  487  226
12 2000 130.1  5.4  5.4  0.0   0  43.2  531.7 372  372    0    0  273  489  216
13 2001 137.0  6.9  5.7  1.2  17  57.9  589.6 368  326  570  244  269  626  357
14 2002 143.0  6.0  5.4  0.6  10  52.8  642.4 373  348  601  253  265  609  344
15 2003 149.3  6.3  5.7  0.6   9  57.9  700.3 364  347  532  185  292  547  255
16 2004 154.7  5.4  5.1  0.3   5  51.6  751.8 368  354  616  262  288  616  328
17 2005 160.7  6.0  5.4  0.6  10  59.5  811.3 400  385  535  150  311  547  236
18 2006 166.1  5.4  3.9  1.5  27  55.4  866.7 414  352  577  225  292  634  342
19 2007 171.8  5.7  4.8  0.9  15  60.5  927.2 407  372  593  221  311  636  325
20 2008 178.1  6.3  4.8  1.5  23  69.3  996.5 405  362  542  180  304  588  284
21 2009 184.4  6.3  4.8  1.5  23  71.7 1068.2 414  369  559  190  289  626  337
22 2010 191.9  7.5  6.0  1.5  20  88.7 1156.9 411  366  587  221  301  628  327
23 2011 198.8  6.9  4.5  2.4  34  84.7 1241.6 428  365  545  180  311  588  277
24 2012 205.1  6.3  5.4  0.9  14  79.9 1321.5 399  376  536  160  306  561  255
25 2013 209.6  4.5  3.0  1.5  33  58.6 1380.2 435  349  607  258  306  676  370
26 2014 214.4  4.8  3.3  1.5  31  63.9 1444.1 444  388  568  180  295  601  306
27 2015 221.6  7.2  5.4  1.8  25  98.6 1542.7 422  373  570  197  307  650  343

Core Length:  216.6 mm
Core Density: 389 kg/m3
Cross-sectional Density:  391 kg/m3
Early/Latewood Threshold: 500 kg/m3
Attenuation Constant: 3.05

ִִִִִִִִִִִִִִִִִִִִִִִִִִִִִִִִִִִִִִִִִִִִִִִִִִִִִִִִִִִִִִִִִִִִִִִִִִִִִִִ
Core : 5
ֲֲֲִִִִִִִִִִִִִִִִִִִִִִִִִִִִִִִִִִִִִִִִִִִִִִִִִִִִִִִִִִִִִִִִִִִִִִִִִִִִ
       ³Widths (mm)              ³ Areas    ³ Densities (kg/m3)
       ³                         ³ (cm‎)    ³
Ring   ³Outer Ring Erly Late   % ³Incr Total³Ring E/Wd L/Wd Unif  Min  Max  Rng
 # Year³ Rad.      Wood Wood  LW ³          ³mean mean mean
ֱֱֱִִִִִִִִִִִִִִִִִִִִִִִִִִִִִִִִִִִִִִִִִִִִִִִִִִִִִִִִִִִִִִִִִִִִִִִִִִִִ

 1 1988   2.7  2.7  2.7  0.0   0   0.2    0.2 412  412    0    0  341  478  137
 2 1989   6.3  3.6  3.3  0.3   8   1.0    1.2 429  422  504   82  345  504  159
 3 1990  26.7 20.4 19.8  0.6   2  21.1   22.4 367  362  547  185  295  549  254
 4 1991  55.5 28.8 28.8  0.0   0  74.4   96.8 355  355    0    0  274  474  200
 5 1992  75.9 20.4 18.9  1.5   7  84.2  181.0 375  363  535  172  314  581  267
 6 1993  91.8 15.9 12.9  3.0  18  83.8  264.7 413  381  550  169  338  612  274
 7 1994 106.5 14.7 13.2  1.5  10  91.6  356.3 383  362  561  199  313  597  284
 8 1995 117.9 11.4 10.5  0.9   7  80.4  436.7 354  339  528  189  292  559  267
 9 1996 129.0 11.1 10.2  0.9   8  86.1  522.8 377  360  566  206  261  611  350
10 1997 138.0  9.0  8.4  0.6   6  75.5  598.3 381  368  564  196  307  609  302
11 1998 142.2  4.2  4.2  0.0   0  37.0  635.3 373  373    0    0  284  472  188
12 1999 146.1  3.9  3.6  0.3   7  35.3  670.6 446  438  547  109  345  547  202
13 2000 149.4  3.3  1.5  1.8  54  30.6  701.2 483  410  544  134  385  646  261
14 2001 151.5  2.1  1.8  0.3  14  19.9  721.1 455  431  599  168  369  599  230
15 2002 153.9  2.4  0.9  1.5  62  23.0  744.1 520  462  554   92  426  627  201
16 2003 155.1  1.2  1.2  0.0   0  11.6  755.7 432  432    0    0  400  476   76
17 2004 156.0  0.9  0.6  0.3  33   8.8  764.5 468  402  601  199  391  601  210
18 2005 157.2  1.2  0.9  0.3  24  11.8  776.3 483  466  534   68  435  534   99
19 2006 158.1  0.9  0.3  0.6  66   8.9  785.3 460  364  508  144  364  509  145
20 2007 158.7  0.6  0.0  0.6  99   6.0  791.2 517    0  517  517  500  535   35
21 2008 159.3  0.6  0.3  0.3  50   6.0  797.2 482  416  548  132  416  548  132
22 2009 159.9  0.6  0.0  0.6  99   6.0  803.2 562    0  562  562  551  573   22
23 2010 160.2  0.3  0.3  0.0   0   3.0  806.3 440  440    0    0  440  440    0
24 2011 160.5  0.3  0.0  0.3 100   3.0  809.3 548    0  548  548  548  548    0
25 2012 160.8  0.3  0.3  0.0   0   3.0  812.3 401  401    0    0  401  401    0
26 2013 161.1  0.3  0.3  0.0   0   3.0  815.3 452  452    0    0  452  452    0
27 2014 161.4  0.3  0.3  0.0   0   3.0  818.4 385  385    0    0  385  385    0
28 2015 161.7  0.3  0.3  0.0   0   3.0  821.4 390  390    0    0  390  390    0

Core Length:  161.7 mm
Core Density: 433 kg/m3
Cross-sectional Density:  398 kg/m3
Early/Latewood Threshold: 500 kg/m3
Attenuation Constant: 3.05

ִִִִִִִִִִִִִִִִִִִִִִִִִִִִִִִִִִִִִִִִִִִִִִִִִִִִִִִִִִִִִִִִִִִִִִִִִִִִִִִ
Core : 6
ֲֲֲִִִִִִִִִִִִִִִִִִִִִִִִִִִִִִִִִִִִִִִִִִִִִִִִִִִִִִִִִִִִִִִִִִִִִִִִִִִִ
       ³Widths (mm)              ³ Areas    ³ Densities (kg/m3)
       ³                         ³ (cm‎)    ³
Ring   ³Outer Ring Erly Late   % ³Incr Total³Ring E/Wd L/Wd Unif  Min  Max  Rng
 # Year³ Rad.      Wood Wood  LW ³          ³mean mean mean
ֱֱֱִִִִִִִִִִִִִִִִִִִִִִִִִִִִִִִִִִִִִִִִִִִִִִִִִִִִִִִִִִִִִִִִִִִִִִִִִִִִ

 3 1990  26.1 26.1 20.1  0.0   0  21.4   21.4 309  309    0    0  244  494  250
 4 1991  50.7 24.6 24.6  0.0   0  59.4   80.8 293  293    0    0  217  448  231
 5 1992  76.8 26.1 26.1  0.0   0 104.5  185.3 281  281    0    0  227  444  217
 6 1993  96.6 19.8 18.0  1.8   9 107.9  293.2 332  313  520  207  258  536  278
 7 1994 117.3 20.7 18.6  2.1  10 139.1  432.3 336  313  538  225  240  559  319
 8 1995 140.4 23.1 22.5  0.6   2 187.0  619.3 339  334  520  186  280  534  254
 9 1996 154.2 13.8 13.5  0.3   2 127.7  747.0 306  301  517  216  226  517  291
10 1997 171.9 17.7 17.7  0.0   0 181.3  928.3 326  326    0    0  230  487  257
11 1998 181.8  9.9  9.9  0.0   0 110.0 1038.3 301  301    0    0  232  485  253
12 1999 191.4  9.6  9.3  0.3   3 112.6 1150.9 327  321  517  196  231  517  286
13 2000 198.0  6.6  6.6  0.0   0  80.7 1231.6 298  298    0    0  237  486  249
14 2001 203.4  5.4  4.8  0.6  11  68.1 1299.7 330  303  544  241  257  566  309
15 2002 208.8  5.4  5.1  0.3   5  69.9 1369.7 306  291  549  258  243  549  306
16 2003 215.1  6.3  6.3  0.0   0  83.9 1453.6 305  305    0    0  272  380  108
17 2004 218.7  3.6  3.6  0.0   0  49.1 1502.6 298  298    0    0  226  465  239
18 2005 221.7  3.0  3.0  0.0   0  41.5 1544.1 338  338    0    0  269  439  170
19 2006 224.1  2.4  2.4  0.0   0  33.6 1577.7 288  288    0    0  263  378  115
20 2007 225.3  1.2  1.2  0.0   0  16.9 1594.7 320  320    0    0  287  374   87
21 2008 226.8  1.5  1.5  0.0   0  21.3 1616.0 299  299    0    0  265  343   78
22 2009 228.9  2.1  2.1  0.0   0  30.1 1646.0 345  345    0    0  273  449  176
23 2010 233.1  4.2  3.9  0.3   7  61.0 1707.0 362  345  575  230  278  575  297
24 2011 238.2  5.1  4.8  0.3   5  75.5 1782.5 316  303  517  214  274  517  243
25 2012 241.8  3.6  3.0  0.6  16  54.3 1836.8 370  338  528  190  254  529  275
26 2013 246.6  4.8  4.2  0.6  12  73.6 1910.5 343  310  571  261  260  572  312
27 2014 251.7  5.1  3.6  1.5  29  79.8 1990.3 405  341  559  218  257  588  331
28 2015 255.6  3.9  3.6  0.3   7  62.2 2052.4 347  335  501  166  280  501  221

Core Length:  249.6 mm
Core Density: 323 kg/m3
Cross-sectional Density:  324 kg/m3
Early/Latewood Threshold: 500 kg/m3
Attenuation Constant: 3.05

ִִִִִִִִִִִִִִִִִִִִִִִִִִִִִִִִִִִִִִִִִִִִִִִִִִִִִִִִִִִִִִִִִִִִִִִִִִִִִִִ
Core : 19
ֲֲֲִִִִִִִִִִִִִִִִִִִִִִִִִִִִִִִִִִִִִִִִִִִִִִִִִִִִִִִִִִִִִִִִִִִִִִִִִִִִ
       ³Widths (mm)              ³ Areas    ³ Densities (kg/m3)
       ³                         ³ (cm‎)    ³
Ring   ³Outer Ring Erly Late   % ³Incr Total³Ring E/Wd L/Wd Unif  Min  Max  Rng
 # Year³ Rad.      Wood Wood  LW ³          ³mean mean mean
ֱֱֱִִִִִִִִִִִִִִִִִִִִִִִִִִִִִִִִִִִִִִִִִִִִִִִִִִִִִִִִִִִִִִִִִִִִִִִִִִִִ

 3 1990  35.4 35.4 25.5  0.9   2  39.4   39.4 335  329  508  179  258  511  253
 4 1991  62.7 27.3 27.3  0.0   0  84.1  123.5 342  342    0    0  268  487  219
 5 1992  84.6 21.9 21.3  0.6   2 101.3  224.8 329  323  530  207  260  538  278
 6 1993 104.4 19.8 16.8  3.0  15 117.6  342.4 387  359  541  182  290  594  304
 7 1994 119.7 15.3 13.8  1.5   9 107.7  450.1 380  362  547  185  304  585  281
 8 1995 134.4 14.7 14.4  0.3   2 117.3  567.5 375  373  518  145  296  518  222
 9 1996 150.3 15.9 15.9  0.0   0 142.2  709.7 357  357    0    0  268  487  219
10 1997 162.6 12.3 12.0  0.3   2 120.9  830.6 369  366  513  147  262  513  251
11 1998 169.8  7.2  6.9  0.3   4  75.2  905.8 344  336  521  185  271  521  250
12 1999 177.6  7.8  7.8  0.0   0  85.1  990.9 362  362    0    0  285  472  187
13 2000 184.5  6.9  6.3  0.6   8  78.5 1069.4 383  368  537  169  282  556  274
14 2001 191.7  7.2  6.0  1.2  16  85.1 1154.5 391  357  563  206  285  588  303
15 2002 198.6  6.9  5.7  1.2  17  84.6 1239.1 410  374  581  207  296  684  388
16 2003 205.2  6.6  6.0  0.6   9  83.7 1322.8 409  392  577  185  327  591  264
17 2004 212.1  6.9  5.7  1.2  17  90.5 1413.3 395  359  566  207  295  582  287
18 2005 219.0  6.9  6.9  0.0   0  93.4 1506.7 379  379    0    0  292  486  194
19 2006 223.5  4.5  3.9  0.6  13  62.6 1569.3 376  346  570  224  285  581  296
20 2007 228.6  5.1  4.2  0.9  17  72.4 1641.7 415  374  609  235  305  643  338
21 2008 235.2  6.6  3.9  2.7  40  96.2 1737.9 441  356  564  208  323  611  288
22 2009 242.1  6.9  5.1  1.8  26 103.5 1841.4 428  381  562  181  305  620  315
23 2010 248.4  6.3  5.1  1.2  19  97.1 1938.4 413  372  586  214  329  655  326
24 2011 254.1  5.7  3.6  2.1  36  90.0 2028.4 457  388  576  188  323  621  298
25 2012 259.8  5.7  3.9  1.8  31  92.0 2120.5 463  409  579  170  346  619  273
26 2013 266.1  6.3  3.6  2.7  42 104.1 2224.5 482  393  600  207  353  673  320
27 2014 271.8  5.7  3.0  2.7  47  96.3 2320.9 475  391  568  177  328  618  290
28 2015 277.8  6.0  3.6  2.4  40 103.6 2424.5 477  394  601  207  361  649  288

Core Length:  268.8 mm
Core Density: 399 kg/m3
Cross-sectional Density:  400 kg/m3
Early/Latewood Threshold: 500 kg/m3
Attenuation Constant: 3.05

ִִִִִִִִִִִִִִִִִִִִִִִִִִִִִִִִִִִִִִִִִִִִִִִִִִִִִִִִִִִִִִִִִִִִִִִִִִִִִִִ
Core : 20
ֲֲֲִִִִִִִִִִִִִִִִִִִִִִִִִִִִִִִִִִִִִִִִִִִִִִִִִִִִִִִִִִִִִִִִִִִִִִִִִִִִ
       ³Widths (mm)              ³ Areas    ³ Densities (kg/m3)
       ³                         ³ (cm‎)    ³
Ring   ³Outer Ring Erly Late   % ³Incr Total³Ring E/Wd L/Wd Unif  Min  Max  Rng
 # Year³ Rad.      Wood Wood  LW ³          ³mean mean mean
ֱֱֱִִִִִִִִִִִִִִִִִִִִִִִִִִִִִִִִִִִִִִִִִִִִִִִִִִִִִִִִִִִִִִִִִִִִִִִִִִִִ

 1 1989  10.8 10.8 10.5  0.3   2   3.7    3.7 350  346  500  154  293  500  207
 2 1990  30.3 19.5 18.9  0.6   3  25.2   28.8 332  326  521  195  279  539  260
 3 1991  54.6 24.3 24.3  0.0   0  64.8   93.7 340  340    0    0  258  460  202
 4 1992  75.9 21.3 20.4  0.9   4  87.3  181.0 333  324  537  213  265  565  300
 5 1993  96.0 20.1 19.2  0.9   4 108.5  289.5 370  363  521  158  300  542  242
 6 1994 113.4 17.4 15.9  1.5   8 114.5  404.0 385  371  536  165  294  576  282
 7 1995 125.1 11.7 11.4  0.3   2  87.7  491.7 368  364  521  157  310  521  211
 8 1996 132.0  6.9  6.9  0.0   0  55.7  547.4 314  314    0    0  240  465  225
 9 1997 141.6  9.6  9.0  0.6   6  82.5  629.9 357  347  504  157  264  507  243
10 1998 151.2  9.6  8.7  0.9   9  88.3  718.2 362  345  523  178  281  554  273
11 1999 155.4  4.2  3.9  0.3   7  40.5  758.7 386  371  577  206  301  577  276
12 2000 159.9  4.5  3.9  0.6  13  44.6  803.2 375  347  558  211  289  616  327
13 2001 162.9  3.0  2.1  0.9  30  30.4  833.7 421  378  521  143  301  530  229
14 2002 167.1  4.2  3.0  1.2  28  43.5  877.2 423  375  545  170  346  572  226
15 2003 171.6  4.5  3.9  0.6  13  47.9  925.1 387  360  567  207  315  622  307
16 2004 174.9  3.3  2.7  0.6  18  35.9  961.0 415  391  524  133  328  544  216
17 2005 177.6  2.7  2.4  0.3  11  29.9  990.9 401  382  559  177  333  559  226
18 2006 180.0  2.4  2.4  0.0   0  27.0 1017.9 418  418    0    0  342  499  157
19 2007 182.4  2.4  1.5  0.9  37  27.3 1045.2 467  392  594  202  358  657  299
20 2008 184.2  1.8  1.5  0.3  16  20.7 1065.9 454  415  648  233  380  648  268
21 2009 186.6  2.4  1.8  0.6  25  28.0 1093.9 439  402  551  149  362  567  205
22 2010 188.1  1.5  1.5  0.0   0  17.7 1111.5 380  380    0    0  366  398   32
23 2011 189.3  1.2  1.2  0.0   0  14.2 1125.8 383  383    0    0  345  450  105
24 2012 190.2  0.9  0.6  0.3  33  10.7 1136.5 492  442  594  152  402  594  192
25 2013 192.0  1.8  1.2  0.6  33  21.6 1158.1 463  408  575  167  393  620  227
26 2014 193.2  1.2  0.9  0.3  24  14.5 1172.6 460  410  609  199  356  609  253
27 2015 194.4  1.2  0.6  0.6  50  14.6 1187.3 472  405  539  134  389  558  169

Core Length:  194.4 mm
Core Density: 398 kg/m3
Cross-sectional Density:  380 kg/m3
Early/Latewood Threshold: 500 kg/m3
Attenuation Constant: 3.05

ִִִִִִִִִִִִִִִִִִִִִִִִִִִִִִִִִִִִִִִִִִִִִִִִִִִִִִִִִִִִִִִִִִִִִִִִִִִִִִִ
Core : 24
ֲֲֲִִִִִִִִִִִִִִִִִִִִִִִִִִִִִִִִִִִִִִִִִִִִִִִִִִִִִִִִִִִִִִִִִִִִִִִִִִִִ
       ³Widths (mm)              ³ Areas    ³ Densities (kg/m3)
       ³                         ³ (cm‎)    ³
Ring   ³Outer Ring Erly Late   % ³Incr Total³Ring E/Wd L/Wd Unif  Min  Max  Rng
 # Year³ Rad.      Wood Wood  LW ³          ³mean mean mean
ֱֱֱִִִִִִִִִִִִִִִִִִִִִִִִִִִִִִִִִִִִִִִִִִִִִִִִִִִִִִִִִִִִִִִִִִִִִִִִִִִִ

 1 1989   4.2  4.2  4.2  0.0   0   0.6    0.6 338  338    0    0  278  411  133
 2 1990  24.0 19.8 19.5  0.3   1  17.5   18.1 323  320  513  193  267  513  246
 3 1991  53.1 29.1 29.1  0.0   0  70.5   88.6 324  324    0    0  259  496  237
 4 1992  79.5 26.4 25.8  0.6   2 110.0  198.6 315  309  565  256  259  567  308
 5 1993  99.0 19.5 18.6  0.9   4 109.4  307.9 352  342  551  209  279  599  320
 6 1994 117.9 18.9 16.2  2.7  14 128.8  436.7 382  353  554  201  297  632  335
 7 1995 132.9 15.0 14.1  0.9   5 118.2  554.9 375  365  526  161  290  534  244
 8 1996 144.0 11.1 11.1  0.0   0  96.6  651.4 331  331    0    0  275  495  220
 9 1997 156.0 12.0 11.7  0.3   2 113.1  764.5 372  368  562  194  300  562  262
10 1998 162.3  6.3  6.0  0.3   4  63.0  827.5 338  329  523  194  301  523  222
11 1999 168.9  6.6  6.6  0.0   0  68.7  896.2 304  304    0    0  265  416  151
12 2000 171.9  3.0  3.0  0.0   0  32.1  928.3 316  316    0    0  262  490  228
13 2001 174.0  2.1  2.1  0.0   0  22.8  951.1 315  315    0    0  270  453  183
14 2002 175.8  1.8  1.8  0.0   0  19.8  970.9 324  324    0    0  263  438  175
15 2003 177.9  2.1  1.8  0.3  14  23.3  994.3 386  362  526  164  313  526  213
16 2004 181.2  3.3  2.7  0.6  18  37.2 1031.5 389  347  576  229  299  582  283
17 2005 184.5  3.3  2.7  0.6  18  37.9 1069.4 401  374  521  147  297  537  240
18 2006 187.2  2.7  2.4  0.3  11  31.5 1100.9 378  352  583  231  274  583  309
19 2007 189.3  2.1  1.8  0.3  14  24.8 1125.8 374  353  500  147  280  500  220
20 2008 190.8  1.5  1.2  0.3  20  17.9 1143.7 397  370  505  135  337  505  168
21 2009 192.0  1.2  0.9  0.3  25  14.4 1158.1 440  400  560  160  365  560  195
22 2010 193.5  1.5  1.5  0.0   0  18.2 1176.3 419  419    0    0  355  475  120
23 2011 196.2  2.7  1.8  0.9  33  33.1 1209.3 436  373  562  189  347  609  262
24 2012 198.6  2.4  1.8  0.6  25  29.8 1239.1 434  390  564  174  316  594  278
25 2013 200.7  2.1  1.5  0.6  28  26.3 1265.4 433  384  557  173  342  609  267
26 2014 202.5  1.8  1.2  0.6  33  22.8 1288.2 428  382  519  137  306  530  224
27 2015 204.6  2.1  1.8  0.3  14  26.9 1315.1 397  378  511  133  283  511  228

Core Length:  204.6 mm
Core Density: 371 kg/m3
Cross-sectional Density:  361 kg/m3
Early/Latewood Threshold: 500 kg/m3
Attenuation Constant: 3.05

ִִִִִִִִִִִִִִִִִִִִִִִִִִִִִִִִִִִִִִִִִִִִִִִִִִִִִִִִִִִִִִִִִִִִִִִִִִִִִִִ
Core : 27
ֲֲֲִִִִִִִִִִִִִִִִִִִִִִִִִִִִִִִִִִִִִִִִִִִִִִִִִִִִִִִִִִִִִִִִִִִִִִִִִִִִ
       ³Widths (mm)              ³ Areas    ³ Densities (kg/m3)
       ³                         ³ (cm‎)    ³
Ring   ³Outer Ring Erly Late   % ³Incr Total³Ring E/Wd L/Wd Unif  Min  Max  Rng
 # Year³ Rad.      Wood Wood  LW ³          ³mean mean mean
ֱֱֱִִִִִִִִִִִִִִִִִִִִִִִִִִִִִִִִִִִִִִִִִִִִִִִִִִִִִִִִִִִִִִִִִִִִִִִִִִִִ

 1 1989  11.4 11.4 11.1  0.3   2   4.1    4.1 358  354  504  150  280  504  224
 2 1990  33.9 22.5 21.9  0.6   2  32.0   36.1 333  328  507  179  271  511  240
 3 1991  60.3 26.4 26.1  0.3   1  78.1  114.2 343  341  510  169  276  510  234
 4 1992  83.7 23.4 22.8  0.6   2 105.9  220.1 354  350  529  179  281  542  261
 5 1993  98.7 15.0 12.9  2.1  14  86.0  306.0 401  377  549  172  313  601  288
 6 1994 111.9 13.2 11.4  1.8  13  87.3  393.4 398  374  554  180  335  608  273
 7 1995 124.5 12.6 12.0  0.6   4  93.6  487.0 379  372  512  140  311  514  203
 8 1996 136.2 11.7 10.8  0.9   7  95.8  582.8 378  367  515  148  294  533  239
 9 1997 147.3 11.1 10.8  0.3   2  98.9  681.6 392  388  528  140  296  528  232
10 1998 152.7  5.4  5.4  0.0   0  50.9  732.5 355  355    0    0  297  482  185
11 1999 158.7  6.0  6.0  0.0   0  58.7  791.2 373  373    0    0  275  499  224
12 2000 163.2  4.5  3.3  1.2  26  45.5  836.7 405  356  541  185  286  586  300
13 2001 169.5  6.3  4.8  1.5  23  65.8  902.6 428  385  564  179  333  644  311
14 2002 175.2  5.7  4.2  1.5  26  61.7  964.3 438  385  588  203  308  666  358
15 2003 182.4  7.2  5.7  1.5  20  80.9 1045.2 421  391  537  146  343  571  228
16 2004 189.6  7.2  5.1  2.1  29  84.1 1129.3 466  405  616  211  350  663  313
17 2005 196.8  7.2  5.1  2.1  29  87.4 1216.7 457  427  528  101  344  591  247
18 2006 203.4  6.6  4.5  2.1  31  83.0 1299.7 459  406  572  166  344  618  274
19 2007 208.8  5.4  3.9  1.5  27  69.9 1369.7 479  438  586  148  386  651  265
20 2008 213.6  4.8  3.0  1.8  37  63.7 1433.4 471  410  573  163  390  631  241
21 2009 218.7  5.1  3.0  2.1  41  69.3 1502.6 502  440  591  151  392  649  257
22 2010 223.5  4.8  4.2  0.6  12  66.7 1569.3 470  444  655  211  417  693  276
23 2011 226.5  3.0  2.4  0.6  20  42.4 1611.7 464  428  606  178  390  612  222
24 2012 230.1  3.6  2.4  1.2  33  51.6 1663.3 492  449  577  128  395  647  252
25 2013 234.0  3.9  2.4  1.5  38  56.9 1720.2 527  452  648  196  403  696  293
26 2014 238.8  4.8  3.0  1.8  37  71.3 1791.5 484  434  568  134  378  635  257
27 2015 243.9  5.1  2.7  2.4  47  77.3 1868.8 498  421  584  163  381  646  265

Core Length:  243.9 mm
Core Density: 426 kg/m3
Cross-sectional Density:  427 kg/m3
Early/Latewood Threshold: 500 kg/m3
Attenuation Constant: 3.05

ִִִִִִִִִִִִִִִִִִִִִִִִִִִִִִִִִִִִִִִִִִִִִִִִִִִִִִִִִִִִִִִִִִִִִִִִִִִִִִִ
Core : 26
ֲֲֲִִִִִִִִִִִִִִִִִִִִִִִִִִִִִִִִִִִִִִִִִִִִִִִִִִִִִִִִִִִִִִִִִִִִִִִִִִִִ
       ³Widths (mm)              ³ Areas    ³ Densities (kg/m3)
       ³                         ³ (cm‎)    ³
Ring   ³Outer Ring Erly Late   % ³Incr Total³Ring E/Wd L/Wd Unif  Min  Max  Rng
 # Year³ Rad.      Wood Wood  LW ³          ³mean mean mean
ֱֱֱִִִִִִִִִִִִִִִִִִִִִִִִִִִִִִִִִִִִִִִִִִִִִִִִִִִִִִִִִִִִִִִִִִִִִִִִִִִִ

 1 1989   9.0  9.0  7.8  1.2  13   2.5    2.5 377  353  530  177  289  581  292
 2 1990  26.4 17.4 16.5  0.9   5  19.4   21.9 392  384  531  147  321  555  234
 3 1991  48.0 21.6 21.6  0.0   0  50.5   72.4 367  367    0    0  293  499  206
 4 1992  72.0 24.0 21.0  3.0  12  90.5  162.9 397  370  587  217  301  650  349
 5 1993  83.4 11.4  9.6  1.8  15  55.7  218.5 410  377  583  206  315  660  345
 6 1994  90.3  6.9  6.6  0.3   4  37.7  256.2 355  347  519  172  306  519  213
 7 1995  94.8  4.5  4.5  0.0   0  26.2  282.3 343  343    0    0  260  443  183
 8 1996 101.1  6.3  5.4  0.9  14  38.8  321.1 412  391  539  148  286  598  312
 9 1997 105.3  4.2  3.9  0.3   7  27.2  348.3 371  361  501  140  296  501  205
10 1998 109.2  3.9  2.7  1.2  30  26.3  374.6 447  402  549  147  313  568  255
11 1999 111.6  2.4  1.8  0.6  24  16.6  391.3 415  370  548  178  313  584  271
12 2000 114.0  2.4  1.8  0.6  24  17.0  408.3 451  402  600  198  337  673  336
13 2001 116.1  2.1  1.5  0.6  28  15.2  423.5 484  412  663  251  349  675  326
14 2002 118.8  2.7  1.8  0.9  33  19.9  443.4 487  420  621  201  384  629  245
15 2003 121.5  2.7  1.5  1.2  44  20.4  463.8 469  401  555  154  359  613  254
16 2004 124.5  3.0  1.5  1.5  50  23.2  487.0 484  382  587  205  339  680  341
17 2005 127.5  3.0  2.1  0.9  30  23.8  510.7 486  432  610  178  348  668  320
18 2006 130.8  3.3  2.1  1.2  36  26.8  537.5 480  430  567  137  396  655  259
19 2007 133.2  2.4  1.5  0.9  37  19.9  557.4 470  403  581  178  365  656  291
20 2008 135.3  2.1  1.2  0.9  42  17.7  575.1 492  427  578  151  379  616  237
21 2009 137.4  2.1  1.2  0.9  42  18.0  593.1 494  422  591  169  394  638  244
22 2010 138.9  1.5  1.2  0.3  20  13.0  606.1 465  445  543   98  418  543  125
23 2011 139.8  0.9  0.3  0.6  66   7.9  614.0 506  394  562  168  394  586  192
24 2012 140.7  0.9  0.3  0.6  66   7.9  621.9 483  347  551  204  347  592  245
25 2013 142.2  1.5  0.6  0.9  60  13.3  635.3 543  447  607  160  416  663  247
26 2014 143.1  0.9  0.6  0.3  33   8.1  643.3 449  394  561  167  367  561  194
27 2015 143.4  0.3  0.3  0.0   0   2.7  646.0 451  451    0    0  451  451    0

Core Length:  143.4 mm
Core Density: 443 kg/m3
Cross-sectional Density:  426 kg/m3
Early/Latewood Threshold: 500 kg/m3
Attenuation Constant: 3.05

ִִִִִִִִִִִִִִִִִִִִִִִִִִִִִִִִִִִִִִִִִִִִִִִִִִִִִִִִִִִִִִִִִִִִִִִִִִִִִִִ
Core : 32
ֲֲֲִִִִִִִִִִִִִִִִִִִִִִִִִִִִִִִִִִִִִִִִִִִִִִִִִִִִִִִִִִִִִִִִִִִִִִִִִִִִ
       ³Widths (mm)              ³ Areas    ³ Densities (kg/m3)
       ³                         ³ (cm‎)    ³
Ring   ³Outer Ring Erly Late   % ³Incr Total³Ring E/Wd L/Wd Unif  Min  Max  Rng
 # Year³ Rad.      Wood Wood  LW ³          ³mean mean mean
ֱֱֱִִִִִִִִִִִִִִִִִִִִִִִִִִִִִִִִִִִִִִִִִִִִִִִִִִִִִִִִִִִִִִִִִִִִִִִִִִִִ

 1 1988   1.8  1.8  1.5  0.3  16   0.1    0.1 392  368  512  144  336  512  176
 2 1989   6.9  5.1  4.8  0.3   5   1.4    1.5 372  364  511  147  291  511  220
 3 1990  28.5 21.6 20.4  1.2   5  24.0   25.5 341  331  516  185  252  532  280
 4 1991  51.9 23.4 23.4  0.0   0  59.1   84.6 297  297    0    0  217  489  272
 5 1992  69.0 17.1 17.1  0.0   0  64.9  149.6 300  300    0    0  253  496  243
 6 1993  79.2 10.2  9.0  1.2  11  47.5  197.1 346  319  542  223  261  587  326
 7 1994  88.8  9.6  8.4  1.2  12  50.7  247.7 338  310  532  222  256  557  301
 8 1995  98.4  9.6  9.0  0.6   6  56.5  304.2 331  316  555  239  252  588  336
 9 1996 108.3  9.9  9.6  0.3   3  64.3  368.5 316  308  571  263  242  571  329
10 1997 114.9  6.6  6.0  0.6   9  46.3  414.8 351  329  569  240  257  587  330
11 1998 119.7  4.8  4.5  0.3   6  35.4  450.1 305  288  562  274  250  562  312
12 1999 125.7  6.0  6.0  0.0   0  46.3  496.4 318  318    0    0  245  416  171
13 2000 128.1  2.4  2.4  0.0   0  19.1  515.5 334  334    0    0  268  434  166
14 2001 129.9  1.8  1.8  0.0   0  14.6  530.1 374  374    0    0  349  461  112
15 2002 131.1  1.2  0.9  0.3  25   9.8  540.0 434  397  544  147  353  544  191
16 2003 132.9  1.8  1.5  0.3  16  14.9  554.9 410  384  539  155  350  539  189
17 2004 135.0  2.1  1.5  0.6  28  17.7  572.6 411  358  543  185  318  570  252
18 2005 136.8  1.8  1.5  0.3  16  15.4  587.9 420  401  516  115  333  516  183

Core Length:  141.3 mm
Core Density: 355 kg/m3
Cross-sectional Density:  333 kg/m3
Early/Latewood Threshold: 500 kg/m3
Attenuation Constant: 3.05

ִִִִִִִִִִִִִִִִִִִִִִִִִִִִִִִִִִִִִִִִִִִִִִִִִִִִִִִִִִִִִִִִִִִִִִִִִִִִִִִ
Core : 36
ֲֲֲִִִִִִִִִִִִִִִִִִִִִִִִִִִִִִִִִִִִִִִִִִִִִִִִִִִִִִִִִִִִִִִִִִִִִִִִִִִִ
       ³Widths (mm)              ³ Areas    ³ Densities (kg/m3)
       ³                         ³ (cm‎)    ³
Ring   ³Outer Ring Erly Late   % ³Incr Total³Ring E/Wd L/Wd Unif  Min  Max  Rng
 # Year³ Rad.      Wood Wood  LW ³          ³mean mean mean
ֱֱֱִִִִִִִִִִִִִִִִִִִִִִִִִִִִִִִִִִִִִִִִִִִִִִִִִִִִִִִִִִִִִִִִִִִִִִִִִִִִ

 2 1989  20.3 20.3 11.7  0.6   2  12.9   12.9 348  339  520  181  287  523  236
 3 1990  44.3 24.0 21.3  2.7  11  48.7   61.7 349  327  527  200  240  565  325
 4 1991  73.1 28.8 28.2  0.6   2 106.2  167.9 358  354  519  165  291  523  232
 5 1992  94.7 21.6 21.3  0.3   1 113.9  281.7 329  326  527  201  281  527  246
 6 1993 107.3 12.6 10.5  2.1  16  80.0  361.7 385  354  540  186  293  590  297
 7 1994 121.4 14.1 11.7  2.4  17 101.3  463.0 407  371  582  211  301  658  357
 8 1995 133.7 12.3 10.8  1.5  12  98.6  561.6 379  356  550  194  300  606  306
 9 1996 148.7 15.0 14.1  0.9   6 133.1  694.7 356  344  545  201  273  565  292
10 1997 160.4 11.7  9.9  1.8  15 113.6  808.3 395  362  577  215  292  630  338
11 1998 168.5  8.1  7.2  0.9  11  83.7  892.0 369  344  568  224  293  624  331
12 1999 177.5  9.0  7.2  1.8  20  97.8  989.8 421  384  572  188  318  618  300
13 2000 185.6  8.1  6.0  2.1  25  92.4 1082.2 410  355  567  212  312  632  320
14 2001 193.4  7.8  6.0  1.8  23  92.9 1175.1 434  386  594  208  326  639  313
15 2002 200.0  6.6  5.4  1.2  18  81.6 1256.6 415  380  573  193  315  637  322
16 2003 204.8  4.8  4.8  0.0   0  61.0 1317.7 395  395    0    0  356  481  125
17 2004 208.1  3.3  2.4  0.9  27  42.8 1360.5 435  378  587  209  339  654  315
18 2005 211.1  3.0  1.8  1.2  40  39.5 1400.0 473  416  560  144  346  615  269
19 2006 216.2  5.1  3.3  1.8  35  68.5 1468.5 439  374  557  183  337  614  277
20 2007 222.2  6.0  4.8  1.2  20  82.6 1551.1 432  392  596  204  306  660  354
21 2008 230.9  8.7  5.1  3.6  41 123.8 1674.9 466  393  570  177  330  611  281
22 2009 240.2  9.3  5.4  3.9  41 137.6 1812.6 455  379  561  182  328  637  309
23 2010 249.2  9.0  6.6  2.4  26 138.4 1950.9 442  389  587  198  338  644  306
24 2011 256.7  7.5  5.4  2.1  28 119.2 2070.1 450  393  596  203  346  640  294
25 2012 262.4  5.7  3.6  2.1  36  93.0 2163.1 491  417  617  200  358  670  312
26 2013 267.2  4.8  2.7  2.1  43  79.9 2243.0 516  433  623  190  400  701  301
27 2014 272.3  5.1  1.8  3.3  64  86.4 2329.4 537  419  601  182  349  661  312
28 2015 276.8  4.5  2.1  2.4  53  77.6 2407.0 524  442  596  154  429  697  268

Core Length:  268.8 mm
Core Density: 422 kg/m3
Cross-sectional Density:  423 kg/m3
Early/Latewood Threshold: 500 kg/m3
Attenuation Constant: 3.05

ִִִִִִִִִִִִִִִִִִִִִִִִִִִִִִִִִִִִִִִִִִִִִִִִִִִִִִִִִִִִִִִִִִִִִִִִִִִִִִִ
Core : 40
ֲֲֲִִִִִִִִִִִִִִִִִִִִִִִִִִִִִִִִִִִִִִִִִִִִִִִִִִִִִִִִִִִִִִִִִִִִִִִִִִִִ
       ³Widths (mm)              ³ Areas    ³ Densities (kg/m3)
       ³                         ³ (cm‎)    ³
Ring   ³Outer Ring Erly Late   % ³Incr Total³Ring E/Wd L/Wd Unif  Min  Max  Rng
 # Year³ Rad.      Wood Wood  LW ³          ³mean mean mean
ֱֱֱִִִִִִִִִִִִִִִִִִִִִִִִִִִִִִִִִִִִִִִִִִִִִִִִִִִִִִִִִִִִִִִִִִִִִִִִִִִִ

 3 1990  20.9 20.9 15.9  0.0   0  13.7   13.7 365  365    0    0  317  499  182
 4 1991  46.4 25.5 25.5  0.0   0  53.9   67.6 343  343    0    0  265  468  203
 5 1992  71.0 24.6 24.0  0.6   2  90.7  158.4 319  314  530  216  247  551  304
 6 1993  89.3 18.3 16.5  1.8   9  92.2  250.5 365  345  545  200  285  576  291
 7 1994 105.5 16.2 14.4  1.8  11  99.1  349.7 370  348  549  201  281  622  341
 8 1995 122.3 16.8 15.9  0.9   5 120.2  469.9 368  358  539  181  278  563  285
 9 1996 138.8 16.5 15.6  0.9   5 135.3  605.2 349  338  533  195  254  575  321
10 1997 151.7 12.9 12.6  0.3   2 117.7  723.0 355  351  547  196  281  547  266
11 1998 158.6  6.9  6.9  0.0   0  67.3  790.2 342  342    0    0  284  498  214
12 1999 168.5  9.9  9.9  0.0   0 101.7  892.0 331  331    0    0  250  474  224
13 2000 174.8  6.3  5.4  0.9  14  67.9  959.9 350  321  525  204  253  547  294
14 2001 181.1  6.3  6.3  0.0   0  70.4 1030.4 330  330    0    0  279  498  219
15 2002 185.9  4.8  4.5  0.3   6  55.3 1085.7 368  358  517  159  287  517  230
16 2003 192.5  6.6  6.6  0.0   0  78.5 1164.2 334  334    0    0  299  435  136
17 2004 197.6  5.1  4.8  0.3   5  62.5 1226.7 347  338  501  163  263  501  238
18 2005 203.0  5.4  5.4  0.0   0  68.0 1294.6 338  338    0    0  279  415  136
19 2006 206.0  3.0  2.4  0.6  20  38.5 1333.2 396  367  515  148  277  526  249
20 2007 209.3  3.3  3.0  0.3   9  43.1 1376.2 374  355  568  213  291  568  277
21 2008 211.4  2.1  1.5  0.6  28  27.8 1404.0 427  380  543  163  328  547  219
22 2009 213.8  2.4  2.1  0.3  12  32.1 1436.0 382  364  512  148  303  512  209
23 2010 216.8  3.0  3.0  0.0   0  40.6 1476.6 367  367    0    0  291  499  208
24 2011 219.2  2.4  2.4  0.0   0  32.9 1509.5 389  389    0    0  318  484  166
25 2012 221.3  2.1  1.8  0.3  14  29.1 1538.6 390  370  514  144  283  514  231
26 2013 222.8  1.5  1.5  0.0   0  20.9 1559.5 373  373    0    0  318  467  149
27 2014 224.3  1.5  1.2  0.3  20  21.1 1580.6 412  387  511  124  308  511  203
28 2015 226.4  2.1  1.5  0.6  28  29.7 1610.3 424  373  552  179  319  568  249

Core Length:  221.4 mm
Core Density: 365 kg/m3
Cross-sectional Density:  356 kg/m3
Early/Latewood Threshold: 500 kg/m3
Attenuation Constant: 3.05

ִִִִִִִִִִִִִִִִִִִִִִִִִִִִִִִִִִִִִִִִִִִִִִִִִִִִִִִִִִִִִִִִִִִִִִִִִִִִִִִ
Core : 43
ֲֲֲִִִִִִִִִִִִִִִִִִִִִִִִִִִִִִִִִִִִִִִִִִִִִִִִִִִִִִִִִִִִִִִִִִִִִִִִִִִִ
       ³Widths (mm)              ³ Areas    ³ Densities (kg/m3)
       ³                         ³ (cm‎)    ³
Ring   ³Outer Ring Erly Late   % ³Incr Total³Ring E/Wd L/Wd Unif  Min  Max  Rng
 # Year³ Rad.      Wood Wood  LW ³          ³mean mean mean
ֱֱֱִִִִִִִִִִִִִִִִִִִִִִִִִִִִִִִִִִִִִִִִִִִִִִִִִִִִִִִִִִִִִִִִִִִִִִִִִִִִ

 1 1989   3.0  3.0  3.0  0.0   0   0.3    0.3 321  321    0    0  249  403  154
 2 1990  19.2 16.2 15.9  0.3   1  11.3   11.6 304  299  532  233  254  532  278
 3 1991  41.1 21.9 21.9  0.0   0  41.5   53.1 306  306    0    0  221  489  268
 4 1992  60.9 19.8 19.8  0.0   0  63.4  116.5 326  326    0    0  258  462  204
 5 1993  74.1 13.2 11.4  1.8  13  56.0  172.5 404  378  569  191  329  615  286
 6 1994  83.4  9.3  8.4  0.9   9  46.0  218.5 377  358  558  200  316  581  265
 7 1995  94.8 11.4 10.8  0.6   5  63.8  282.3 338  329  516  187  264  529  265
 8 1996 105.0 10.2  9.9  0.3   2  64.0  346.4 336  330  537  207  270  537  267
 9 1997 114.6  9.6  8.7  0.9   9  66.2  412.6 353  335  527  192  265  568  303
10 1998 120.6  6.0  6.0  0.0   0  44.3  456.9 305  305    0    0  246  495  249
11 1999 126.0  5.4  5.4  0.0   0  41.8  498.8 329  329    0    0  252  482  230
12 2000 129.0  3.0  2.7  0.3  10  24.0  522.8 342  321  535  214  252  535  283
13 2001 131.1  2.1  2.1  0.0   0  17.2  540.0 336  336    0    0  284  466  182
14 2002 133.8  2.7  2.7  0.0   0  22.5  562.4 345  345    0    0  260  496  236
15 2003 137.4  3.6  3.6  0.0   0  30.7  593.1 356  356    0    0  294  493  199
16 2004 140.4  3.0  2.7  0.3  10  26.2  619.3 364  344  539  195  271  539  268
17 2005 144.3  3.9  3.3  0.6  15  34.9  654.2 396  369  546  177  298  568  270
18 2006 147.6  3.3  2.7  0.6  18  30.3  684.4 368  331  536  205  265  562  297
19 2007 150.6  3.0  2.7  0.3  10  28.1  712.5 383  365  551  186  290  551  261
20 2008 154.2  3.6  2.7  0.9  24  34.5  747.0 395  350  532  182  313  549  236
21 2009 157.5  3.3  2.4  0.9  27  32.3  779.3 413  364  544  180  288  614  326
22 2010 161.1  3.6  3.3  0.3   8  36.0  815.3 359  340  564  224  282  564  282
23 2011 163.8  2.7  2.4  0.3  11  27.6  842.9 369  342  580  238  300  580  280
24 2012 166.2  2.4  2.1  0.3  12  24.9  867.8 374  356  505  149  277  505  228
25 2013 169.2  3.0  2.4  0.6  20  31.6  899.4 395  348  583  235  289  587  298
26 2014 171.6  2.4  2.1  0.3  12  25.7  925.1 375  353  530  177  279  530  251
27 2015 173.1  1.5  1.5  0.0   0  16.2  941.3 381  381    0    0  303  491  188

Core Length:  173.1 mm
Core Density: 357 kg/m3
Cross-sectional Density:  357 kg/m3
Early/Latewood Threshold: 500 kg/m3
Attenuation Constant: 3.05

ִִִִִִִִִִִִִִִִִִִִִִִִִִִִִִִִִִִִִִִִִִִִִִִִִִִִִִִִִִִִִִִִִִִִִִִִִִִִִִִ
Core : 49
ֲֲֲִִִִִִִִִִִִִִִִִִִִִִִִִִִִִִִִִִִִִִִִִִִִִִִִִִִִִִִִִִִִִִִִִִִִִִִִִִִִ
       ³Widths (mm)              ³ Areas    ³ Densities (kg/m3)
       ³                         ³ (cm‎)    ³
Ring   ³Outer Ring Erly Late   % ³Incr Total³Ring E/Wd L/Wd Unif  Min  Max  Rng
 # Year³ Rad.      Wood Wood  LW ³          ³mean mean mean
ֱֱֱִִִִִִִִִִִִִִִִִִִִִִִִִִִִִִִִִִִִִִִִִִִִִִִִִִִִִִִִִִִִִִִִִִִִִִִִִִִִ

 3 1990  29.2 29.2 24.6  0.6   2  26.8   26.8 336  331  527  196  264  534  270
 4 1991  54.4 25.2 25.2  0.0   0  66.2   93.0 351  351    0    0  260  495  235
 5 1992  74.5 20.1 19.5  0.6   2  81.4  174.4 331  324  550  226  253  573  320
 6 1993  94.9 20.4 19.8  0.6   2 108.6  282.9 351  346  510  164  266  521  255
 7 1994 112.0 17.1 15.3  1.8  10 111.1  394.1 376  355  553  198  273  614  341
 8 1995 126.4 14.4 13.8  0.6   4 107.8  501.9 359  351  534  183  274  549  275
 9 1996 139.0 12.6 12.3  0.3   2 105.1  607.0 333  328  547  219  251  547  296
10 1997 147.4  8.4  7.8  0.6   7  75.6  682.6 341  325  550  225  261  550  289
11 1998 152.5  5.1  5.1  0.0   0  48.1  730.6 316  316    0    0  265  453  188
12 1999 157.0  4.5  3.9  0.6  13  43.8  774.4 378  354  540  186  274  559  285
13 2000 163.6  6.6  5.1  1.5  22  66.5  840.8 410  358  585  227  288  640  352
14 2001 171.7  8.1  6.3  1.8  22  85.3  926.2 435  380  629  249  324  684  360
15 2002 179.2  7.5  6.9  0.6   8  82.7 1008.8 383  369  550  181  302  600  298
16 2003 185.2  6.0  5.4  0.6  10  68.7 1077.5 383  367  518  151  300  520  220
17 2004 189.7  4.5  3.9  0.6  13  53.0 1130.5 377  348  563  215  284  584  300
18 2005 193.6  3.9  3.6  0.3   7  47.0 1177.5 395  384  533  149  293  533  240
19 2006 196.6  3.0  2.7  0.3  10  36.8 1214.3 389  368  576  208  300  576  276
20 2007 198.4  1.8  1.5  0.3  16  22.3 1236.6 413  389  532  143  311  532  221
21 2008 200.2  1.8  1.5  0.3  16  22.5 1259.2 414  375  610  235  347  610  263
22 2009 202.0  1.8  1.8  0.0   0  22.7 1281.9 386  386    0    0  347  482  135
23 2010 202.9  0.9  0.9  0.0   0  11.4 1293.3 404  404    0    0  326  470  144
24 2011 204.1  1.2  1.2  0.0   0  15.3 1308.7 385  385    0    0  331  493  162
25 2012 205.3  1.2  0.9  0.3  25  15.4 1324.1 451  409  579  170  357  579  222
26 2013 207.1  1.8  1.2  0.6  33  23.3 1347.4 472  403  610  207  351  661  310
27 2014 209.5  2.4  1.2  1.2  49  31.4 1378.9 449  357  541  184  320  599  279
28 2015 211.6  2.1  1.8  0.3  14  27.8 1406.6 424  409  515  106  298  515  217

Core Length:  207.6 mm
Core Density: 386 kg/m3
Cross-sectional Density:  374 kg/m3
Early/Latewood Threshold: 500 kg/m3
Attenuation Constant: 3.05

