File : C:\DENSITOM\GLENGA~1\GLEN13.DAT
Cores :
6
9
11
13
18
25
29
35
36
37
43
45

ִִִִִִִִִִִִִִִִִִִִִִִִִִִִִִִִִִִִִִִִִִִִִִִִִִִִִִִִִִִִִִִִִִִִִִִִִִִִִִִ
Core : 6
ֲֲֲִִִִִִִִִִִִִִִִִִִִִִִִִִִִִִִִִִִִִִִִִִִִִִִִִִִִִִִִִִִִִִִִִִִִִִִִִִִִ
       ³Widths (mm)              ³ Areas    ³ Densities (kg/m3)
       ³                         ³ (cm‎)    ³
Ring   ³Outer Ring Erly Late   % ³Incr Total³Ring E/Wd L/Wd Unif  Min  Max  Rng
 # Year³ Rad.      Wood Wood  LW ³          ³mean mean mean
ֱֱֱִִִִִִִִִִִִִִִִִִִִִִִִִִִִִִִִִִִִִִִִִִִִִִִִִִִִִִִִִִִִִִִִִִִִִִִִִִִִ

 2 1989  25.2 25.2 14.4  1.8   7  20.0   20.0 366  344  541  197  268  556  288
 3 1990  53.7 28.5 25.2  3.3  11  70.6   90.6 348  324  533  209  275  575  300
 4 1991  84.6 30.9 30.9  0.0   0 134.3  224.8 357  357    0    0  274  496  222
 5 1992 114.6 30.0 27.6  2.4   8 187.7  412.6 364  347  551  204  261  577  316
 6 1993 140.7 26.1 21.9  4.2  16 209.3  621.9 365  331  545  214  270  588  318
 7 1994 160.8 20.1 16.2  3.9  19 190.4  812.3 421  381  586  205  315  647  332
 8 1995 178.5 17.7 14.4  3.3  18 188.7 1001.0 415  388  533  145  301  591  290
 9 1996 190.8 12.3 10.5  1.8  14 142.7 1143.7 387  358  557  199  279  614  335
10 1997 201.9 11.1  9.9  1.2  10 136.9 1280.6 390  370  562  192  310  590  280
11 1998 207.6  5.7  5.4  0.3   5  73.3 1354.0 355  347  500  153  309  500  191
12 1999 213.9  6.3  5.7  0.6   9  83.4 1437.4 399  387  519  132  322  531  209
13 2000 218.7  4.8  3.9  0.9  18  65.2 1502.6 423  386  585  199  328  605  277
14 2001 224.1  5.4  3.9  1.5  27  75.1 1577.7 441  376  610  234  343  685  342
15 2002 227.4  3.3  2.1  1.2  36  46.8 1624.5 482  410  607  197  381  678  297
16 2003 232.8  5.4  3.9  1.5  27  78.1 1702.6 432  377  575  198  357  630  273
17 2004 237.9  5.1  3.6  1.5  29  75.4 1778.0 443  383  588  205  347  655  308
18 2005 242.4  4.5  3.9  0.6  13  67.9 1845.9 429  398  635  237  334  668  334
19 2006 246.0  3.6  2.1  1.5  41  55.2 1901.2 480  391  604  213  335  646  311
20 2007 249.9  3.9  3.3  0.6  15  60.8 1961.9 452  428  588  160  335  600  265
21 2008 254.4  4.5  2.4  2.1  46  71.3 2033.2 502  404  613  209  363  663  300
22 2009 258.6  4.2  2.7  1.5  35  67.7 2100.9 466  394  597  203  335  663  328
23 2010 262.8  4.2  2.7  1.5  35  68.8 2169.7 455  387  577  190  352  666  314
24 2011 266.1  3.3  2.7  0.6  18  54.8 2224.5 412  381  551  170  319  596  277
25 2012 269.7  3.6  2.1  1.5  41  60.6 2285.1 491  409  606  197  343  691  348
26 2013 274.5  4.8  3.0  1.8  37  82.1 2367.2 500  415  643  228  387  705  318
27 2014 279.0  4.5  2.1  2.4  53  78.2 2445.4 550  453  635  182  399  693  294
28 2015 283.2  4.2  3.0  1.2  28  74.2 2519.6 475  419  618  199  295  679  384

Core Length:  274.2 mm
Core Density: 429 kg/m3
Cross-sectional Density:  418 kg/m3
Early/Latewood Threshold: 500 kg/m3
Attenuation Constant: 3.05

ִִִִִִִִִִִִִִִִִִִִִִִִִִִִִִִִִִִִִִִִִִִִִִִִִִִִִִִִִִִִִִִִִִִִִִִִִִִִִִִ
Core : 9
ֲֲֲִִִִִִִִִִִִִִִִִִִִִִִִִִִִִִִִִִִִִִִִִִִִִִִִִִִִִִִִִִִִִִִִִִִִִִִִִִִִ
       ³Widths (mm)              ³ Areas    ³ Densities (kg/m3)
       ³                         ³ (cm‎)    ³
Ring   ³Outer Ring Erly Late   % ³Incr Total³Ring E/Wd L/Wd Unif  Min  Max  Rng
 # Year³ Rad.      Wood Wood  LW ³          ³mean mean mean
ֱֱֱִִִִִִִִִִִִִִִִִִִִִִִִִִִִִִִִִִִִִִִִִִִִִִִִִִִִִִִִִִִִִִִִִִִִִִִִִִִִ

 3 1990  33.9 33.9 21.3  0.6   1  36.1   36.1 330  325  501  176  233  502  269
 4 1991  62.1 28.2 28.2  0.0   0  85.0  121.2 316  316    0    0  237  433  196
 5 1992  86.4 24.3 24.0  0.3   1 113.4  234.5 319  317  516  199  259  516  257
 6 1993 101.1 14.7 13.2  1.5  10  86.6  321.1 372  350  569  219  271  613  342
 7 1994 120.0 18.9 15.6  3.3  17 131.3  452.4 391  355  564  209  285  659  374
 8 1995 138.3 18.3 16.5  1.8   9 148.5  600.9 369  354  510  156  276  525  249
 9 1996 155.4 17.1 16.5  0.6   3 157.8  758.7 347  341  519  178  245  521  276
10 1997 172.5 17.1 15.3  1.8  10 176.2  934.8 377  360  524  164  270  552  282
11 1998 181.2  8.7  7.8  0.9  10  96.7 1031.5 349  329  528  199  274  539  265
12 1999 192.6 11.4 10.8  0.6   5 133.9 1165.4 367  358  531  173  301  534  233
13 2000 198.6  6.0  4.8  1.2  20  73.7 1239.1 371  329  539  210  282  597  315
14 2001 203.4  4.8  3.9  0.9  18  60.6 1299.7 395  351  585  234  294  627  333
15 2002 208.2  4.8  3.6  1.2  24  62.1 1361.8 398  344  560  216  285  592  307
16 2003 213.0  4.8  3.6  1.2  24  63.5 1425.3 427  378  576  198  313  596  283
17 2004 217.8  4.8  3.3  1.5  31  65.0 1490.3 433  377  556  179  315  607  292
18 2005 221.7  3.9  2.7  1.2  30  53.8 1544.1 444  392  562  170  294  621  327
19 2006 225.0  3.3  2.1  1.2  36  46.3 1590.4 447  379  566  187  308  594  286
20 2007 227.7  2.7  1.5  1.2  44  38.4 1628.8 465  404  541  137  336  605  269
21 2008 229.2  1.5  0.9  0.6  40  21.5 1650.4 454  403  531  128  355  534  179
22 2009 230.4  1.2  0.9  0.3  25  17.3 1667.7 466  413  623  210  353  623  270
23 2010 231.3  0.9  0.9  0.0   0  13.1 1680.7 420  420    0    0  383  466   83
24 2011 231.9  0.6  0.6  0.0   0   8.7 1689.5 410  410    0    0  384  436   52
25 2012 232.8  0.9  0.9  0.0   0  13.1 1702.6 389  389    0    0  335  454  119
26 2013 233.7  0.9  0.6  0.3  33  13.2 1715.8 450  378  594  216  366  594  228
27 2014 234.6  0.9  0.6  0.3  33  13.2 1729.0 487  440  583  143  425  583  158
28 2015 235.8  1.2  0.6  0.6  50  17.7 1746.8 460  375  545  170  363  549  186

Core Length:  223.8 mm
Core Density: 402 kg/m3
Cross-sectional Density:  379 kg/m3
Early/Latewood Threshold: 500 kg/m3
Attenuation Constant: 3.05

ִִִִִִִִִִִִִִִִִִִִִִִִִִִִִִִִִִִִִִִִִִִִִִִִִִִִִִִִִִִִִִִִִִִִִִִִִִִִִִִ
Core : 11
ֲֲֲִִִִִִִִִִִִִִִִִִִִִִִִִִִִִִִִִִִִִִִִִִִִִִִִִִִִִִִִִִִִִִִִִִִִִִִִִִִִ
       ³Widths (mm)              ³ Areas    ³ Densities (kg/m3)
       ³                         ³ (cm‎)    ³
Ring   ³Outer Ring Erly Late   % ³Incr Total³Ring E/Wd L/Wd Unif  Min  Max  Rng
 # Year³ Rad.      Wood Wood  LW ³          ³mean mean mean
ֱֱֱִִִִִִִִִִִִִִִִִִִִִִִִִִִִִִִִִִִִִִִִִִִִִִִִִִִִִִִִִִִִִִִִִִִִִִִִִִִִ

 2 1989  14.9 14.9  9.9  0.0   0   7.0    7.0 333  333    0    0  244  483  239
 3 1990  40.7 25.8 24.0  1.8   6  45.1   52.0 332  316  537  221  258  577  319
 4 1991  66.8 26.1 24.6  1.5   5  88.1  140.2 366  356  527  171  277  542  265
 5 1992  90.8 24.0 22.8  1.2   5 118.8  259.0 384  376  531  155  320  563  243
 6 1993 107.3 16.5 14.1  2.4  14 102.7  361.7 412  387  561  174  327  612  285
 7 1994 125.6 18.3 14.4  3.9  21 133.9  495.6 425  394  540  146  335  616  281
 8 1995 143.0 17.4 16.2  1.2   6 146.8  642.4 400  390  544  154  326  578  252
 9 1996 158.6 15.6 14.7  0.9   5 147.8  790.2 377  367  527  160  286  552  266
10 1997 174.5 15.9 13.5  2.4  15 166.4  956.6 407  383  546  163  302  595  293
11 1998 186.2 11.7 10.2  1.5  12 132.6 1089.2 395  375  534  159  323  558  235
12 1999 197.3 11.1 10.5  0.6   5 133.7 1222.9 418  411  539  128  329  562  233
13 2000 205.4  8.1  6.0  2.1  25 102.5 1325.4 447  402  576  174  347  654  307
14 2001 212.3  6.9  6.3  0.6   8  90.5 1416.0 413  398  573  175  346  608  262
15 2002 219.2  6.9  5.1  1.8  26  93.5 1509.5 455  422  550  128  367  595  228
16 2003 230.0 10.8  9.0  1.8  16 152.4 1661.9 443  420  556  136  351  623  272
17 2004 236.9  6.9  5.7  1.2  17 101.2 1763.1 412  383  554  171  328  585  257
18 2005 243.8  6.9  5.1  1.8  26 104.2 1867.3 447  406  564  158  344  622  278
19 2006 248.9  5.1  3.6  1.5  29  78.9 1946.3 463  405  601  196  377  649  272
20 2007 254.3  5.4  4.5  0.9  16  85.4 2031.6 450  420  599  179  359  624  265
21 2008 259.4  5.1  3.9  1.2  23  82.3 2113.9 439  401  565  164  344  601  257
22 2009 262.1  2.7  1.8  0.9  33  44.2 2158.2 457  393  585  192  356  632  276
23 2010 264.5  2.4  1.2  1.2  50  39.7 2197.9 446  383  509  126  362  518  156
24 2011 267.2  2.7  1.8  0.9  33  45.1 2243.0 462  397  591  194  376  616  240
25 2012 270.2  3.0  2.1  0.9  30  50.6 2293.6 445  399  553  154  356  568  212
26 2013 272.9  2.7  1.8  0.9  33  46.1 2339.7 500  441  617  176  404  660  256
27 2014 275.6  2.7  1.8  0.9  33  46.5 2386.2 486  441  578  137  386  607  221
28 2015 278.0  2.4  1.8  0.6  25  41.7 2427.9 479  429  630  201  394  692  298

Core Length:  273.0 mm
Core Density: 425 kg/m3
Cross-sectional Density:  421 kg/m3
Early/Latewood Threshold: 500 kg/m3
Attenuation Constant: 3.05

ִִִִִִִִִִִִִִִִִִִִִִִִִִִִִִִִִִִִִִִִִִִִִִִִִִִִִִִִִִִִִִִִִִִִִִִִִִִִִִִ
Core : 13
ֲֲֲִִִִִִִִִִִִִִִִִִִִִִִִִִִִִִִִִִִִִִִִִִִִִִִִִִִִִִִִִִִִִִִִִִִִִִִִִִִִ
       ³Widths (mm)              ³ Areas    ³ Densities (kg/m3)
       ³                         ³ (cm‎)    ³
Ring   ³Outer Ring Erly Late   % ³Incr Total³Ring E/Wd L/Wd Unif  Min  Max  Rng
 # Year³ Rad.      Wood Wood  LW ³          ³mean mean mean
ֱֱֱִִִִִִִִִִִִִִִִִִִִִִִִִִִִִִִִִִִִִִִִִִִִִִִִִִִִִִִִִִִִִִִִִִִִִִִִִִִִ

 3 1990  24.8 24.8 18.6  1.2   4  19.3   19.3 334  322  525  203  271  550  279
 4 1991  49.4 24.6 24.6  0.0   0  57.3   76.7 322  322    0    0  243  494  251
 5 1992  72.2 22.8 21.9  0.9   3  87.1  163.8 319  311  511  200  256  530  274
 6 1993  89.6 17.4 15.6  1.8  10  88.4  252.2 352  328  562  234  275  619  344
 7 1994 108.5 18.9 17.1  1.8   9 117.6  369.8 371  352  550  198  292  612  320
 8 1995 130.4 21.9 20.7  1.2   5 164.4  534.2 355  343  555  212  281  595  314
 9 1996 149.0 18.6 17.1  1.5   8 163.3  697.5 341  325  532  207  272  571  299
10 1997 163.1 14.1 13.2  0.9   6 138.2  835.7 355  343  526  183  271  538  267
11 1998 172.4  9.3  8.1  1.2  12  98.0  933.7 346  316  545  229  277  557  280
12 1999 183.8 11.4 11.4  0.0   0 127.6 1061.3 330  330    0    0  286  474  188
13 2000 191.0  7.2  6.6  0.6   8  84.8 1146.1 336  320  508  188  267  515  248
14 2001 199.4  8.4  7.8  0.6   7 103.0 1249.1 341  326  545  219  270  568  298
15 2002 207.8  8.4  7.8  0.6   7 107.5 1356.6 345  331  532  201  279  542  263
16 2003 215.9  8.1  7.8  0.3   3 107.8 1464.4 368  362  518  156  298  518  220
17 2004 221.9  6.0  5.4  0.6  10  82.5 1546.9 364  340  582  242  295  593  298
18 2005 227.0  5.1  5.1  0.0   0  71.9 1618.8 328  328    0    0  273  431  158
19 2006 230.3  3.3  3.0  0.3   9  47.4 1666.2 380  368  500  132  306  500  194
20 2007 233.0  2.7  2.1  0.6  22  39.3 1705.5 421  369  604  235  328  616  288
21 2008 235.4  2.4  1.8  0.6  25  35.3 1740.9 427  393  531  138  344  551  207
22 2009 236.9  1.5  1.2  0.3  20  22.3 1763.1 443  413  563  150  382  563  181
23 2010 239.3  2.4  2.1  0.3  12  35.9 1799.0 427  409  555  146  348  555  207
24 2011 240.8  1.5  1.2  0.3  20  22.6 1821.6 441  402  597  195  307  597  290
25 2012 243.2  2.4  2.1  0.3  12  36.5 1858.1 421  400  568  168  319  568  249
26 2013 248.6  5.4  3.3  2.1  38  83.4 1941.6 445  365  571  206  308  655  347
27 2014 253.4  4.8  3.3  1.5  31  75.7 2017.3 427  374  543  169  296  586  290
28 2015 256.4  3.0  2.1  0.9  29  48.0 2065.3 403  334  563  229  204  634  430

Core Length:  251.4 mm
Core Density: 374 kg/m3
Cross-sectional Density:  362 kg/m3
Early/Latewood Threshold: 500 kg/m3
Attenuation Constant: 3.05

ִִִִִִִִִִִִִִִִִִִִִִִִִִִִִִִִִִִִִִִִִִִִִִִִִִִִִִִִִִִִִִִִִִִִִִִִִִִִִִִ
Core : 18
ֲֲֲִִִִִִִִִִִִִִִִִִִִִִִִִִִִִִִִִִִִִִִִִִִִִִִִִִִִִִִִִִִִִִִִִִִִִִִִִִִִ
       ³Widths (mm)              ³ Areas    ³ Densities (kg/m3)
       ³                         ³ (cm‎)    ³
Ring   ³Outer Ring Erly Late   % ³Incr Total³Ring E/Wd L/Wd Unif  Min  Max  Rng
 # Year³ Rad.      Wood Wood  LW ³          ³mean mean mean
ֱֱֱִִִִִִִִִִִִִִִִִִִִִִִִִִִִִִִִִִִִִִִִִִִִִִִִִִִִִִִִִִִִִִִִִִִִִִִִִִִִ

 4 1991  34.9 34.9 22.5  2.4   6  38.3   38.3 380  363  534  171  302  565  263
 5 1992  73.0 38.1 35.4  2.7   7 129.2  167.4 389  377  547  170  300  618  318
 6 1993  98.2 25.2 21.9  3.3  13 135.5  303.0 376  348  558  210  274  632  358
 7 1994 114.4 16.2 13.5  2.7  16 108.2  411.2 378  338  579  241  277  642  365
 8 1995 133.0 18.6 15.3  3.3  17 144.6  555.7 385  352  539  187  279  635  356
 9 1996 149.2 16.2 14.4  1.8  11 143.6  699.3 357  331  567  236  266  616  350
10 1997 166.6 17.4 15.0  2.4  13 172.6  872.0 389  360  570  210  303  639  336
11 1998 180.7 14.1 12.3  1.8  12 153.8 1025.8 371  342  574  232  290  606  316
12 1999 193.9 13.2 11.4  1.8  13 155.3 1181.2 383  358  541  183  290  597  307
13 2000 202.0  8.1  7.5  0.6   7 100.7 1281.9 372  353  608  255  305  637  332
14 2001 211.3  9.3  6.9  2.4  25 120.8 1402.6 419  361  585  224  317  665  348
15 2002 223.6 12.3 10.5  1.8  14 168.1 1570.7 392  359  582  223  284  656  372
16 2003 234.7 11.1  8.7  2.4  21 159.8 1730.5 406  371  533  162  323  574  251
17 2004 244.3  9.6  7.8  1.8  18 144.5 1875.0 409  367  592  225  306  623  317
18 2005 251.8  7.5  5.7  1.8  24 116.9 1991.9 422  371  583  212  312  663  351
19 2006 259.3  7.5  4.5  3.0  39 120.4 2112.3 446  373  557  184  323  626  303
20 2007 266.2  6.9  6.0  0.9  13 113.9 2226.2 445  412  666  254  321  717  396
21 2008 271.6  5.4  4.5  0.9  16  91.2 2317.4 431  392  624  232  365  681  316
22 2009 274.9  3.3  2.7  0.6  18  56.7 2374.1 423  387  585  198  354  592  238
23 2010 277.6  2.7  2.7  0.0   0  46.9 2421.0 396  396    0    0  352  481  129
24 2011 279.7  2.1  1.8  0.3  14  36.8 2457.7 427  404  567  163  379  567  188
25 2012 282.7  3.0  2.1  0.9  30  53.0 2510.7 457  384  626  242  340  696  356
26 2013 289.6  6.9  4.5  2.4  34 124.1 2634.8 469  397  605  208  366  676  310
27 2014 297.4  7.8  3.9  3.9  49 143.8 2778.6 505  394  615  221  334  666  332
28 2015 304.0  6.6  5.1  1.5  22 124.7 2903.3 456  415  596  181  379  691  312

Core Length:  294.0 mm
Core Density: 411 kg/m3
Cross-sectional Density:  409 kg/m3
Early/Latewood Threshold: 500 kg/m3
Attenuation Constant: 3.05

ִִִִִִִִִִִִִִִִִִִִִִִִִִִִִִִִִִִִִִִִִִִִִִִִִִִִִִִִִִִִִִִִִִִִִִִִִִִִִִִ
Core : 25
ֲֲֲִִִִִִִִִִִִִִִִִִִִִִִִִִִִִִִִִִִִִִִִִִִִִִִִִִִִִִִִִִִִִִִִִִִִִִִִִִִִ
       ³Widths (mm)              ³ Areas    ³ Densities (kg/m3)
       ³                         ³ (cm‎)    ³
Ring   ³Outer Ring Erly Late   % ³Incr Total³Ring E/Wd L/Wd Unif  Min  Max  Rng
 # Year³ Rad.      Wood Wood  LW ³          ³mean mean mean
ֱֱֱִִִִִִִִִִִִִִִִִִִִִִִִִִִִִִִִִִִִִִִִִִִִִִִִִִִִִִִִִִִִִִִִִִִִִִִִִִִִ

 2 1989  10.2 10.2  7.2  0.0   0   3.3    3.3 346  346    0    0  305  411  106
 3 1990  33.0 22.8 22.5  0.3   1  30.9   34.2 349  347  505  158  268  505  237
 4 1991  58.2 25.2 25.2  0.0   0  72.2  106.4 335  335    0    0  252  459  207
 5 1992  85.8 27.6 27.0  0.6   2 124.9  231.3 323  318  518  200  261  523  262
 6 1993 107.4 21.6 19.8  1.8   8 131.1  362.4 353  337  535  198  262  574  312
 7 1994 127.8 20.4 18.3  2.1  10 150.7  513.1 398  381  548  167  306  583  277
 8 1995 150.6 22.8 21.3  1.5   6 199.4  712.5 377  366  536  170  291  555  264
 9 1996 171.3 20.7 19.2  1.5   7 209.3  921.9 387  377  512  135  308  536  228
10 1997 189.0 17.7 16.5  1.2   6 200.3 1122.2 376  365  538  173  297  575  278
11 1998 200.4 11.4  9.9  1.5  13 139.5 1261.7 377  350  555  205  292  592  300
12 1999 214.5 14.1 14.1  0.0   0 183.8 1445.5 350  350    0    0  289  497  208
13 2000 222.9  8.4  8.1  0.3   3 115.4 1560.9 331  323  530  207  274  530  256
14 2001 228.3  5.4  4.8  0.6  11  76.5 1637.4 346  317  575  258  264  578  314
15 2002 235.2  6.9  6.6  0.3   4 100.5 1737.9 347  338  545  207  267  545  278
16 2003 242.7  7.5  6.9  0.6   8 112.6 1850.5 354  340  518  178  283  530  247
17 2004 251.1  8.4  6.6  1.8  21 130.3 1980.8 360  317  520  203  277  556  279
18 2005 258.3  7.2  6.3  0.9  12 115.2 2096.0 392  371  542  171  290  571  281
19 2006 262.2  3.9  3.3  0.6  15  63.8 2159.8 374  342  550  208  276  572  296
20 2007 265.5  3.3  3.0  0.3   9  54.7 2214.5 377  359  559  200  298  559  261
21 2008 267.9  2.4  2.1  0.3  12  40.2 2254.7 381  353  578  225  294  578  284
22 2009 270.9  3.0  2.4  0.6  20  50.8 2305.5 382  343  541  198  285  552  267
23 2010 274.5  3.6  3.3  0.3   8  61.7 2367.2 376  365  500  135  314  500  186
24 2011 277.5  3.0  2.7  0.3  10  52.0 2419.2 373  357  521  164  306  521  215
25 2012 280.2  2.7  2.1  0.6  22  47.3 2466.5 368  319  537  218  281  556  275
26 2013 282.3  2.1  1.8  0.3  14  37.1 2503.6 377  333  639  306  307  639  332
27 2014 284.4  2.1  1.5  0.6  28  37.4 2541.0 387  324  544  220  299  568  269
28 2015 286.8  2.4  2.1  0.3  12  43.1 2584.1 376  348  574  226  299  574  275

Core Length:  283.8 mm
Core Density: 365 kg/m3
Cross-sectional Density:  366 kg/m3
Early/Latewood Threshold: 500 kg/m3
Attenuation Constant: 3.05

ִִִִִִִִִִִִִִִִִִִִִִִִִִִִִִִִִִִִִִִִִִִִִִִִִִִִִִִִִִִִִִִִִִִִִִִִִִִִִִִ
Core : 29
ֲֲֲִִִִִִִִִִִִִִִִִִִִִִִִִִִִִִִִִִִִִִִִִִִִִִִִִִִִִִִִִִִִִִִִִִִִִִִִִִִִ
       ³Widths (mm)              ³ Areas    ³ Densities (kg/m3)
       ³                         ³ (cm‎)    ³
Ring   ³Outer Ring Erly Late   % ³Incr Total³Ring E/Wd L/Wd Unif  Min  Max  Rng
 # Year³ Rad.      Wood Wood  LW ³          ³mean mean mean
ֱֱֱִִִִִִִִִִִִִִִִִִִִִִִִִִִִִִִִִִִִִִִִִִִִִִִִִִִִִִִִִִִִִִִִִִִִִִִִִִִִ

 4 1991  46.8 46.8 16.5  0.3   0  68.8   68.8 358  355  509  154  291  509  218
 5 1992  65.1 18.3 17.7  0.6   3  64.3  133.1 343  337  513  176  270  523  253
 6 1993  78.0 12.9  9.9  3.0  23  58.0  191.1 399  344  581  237  287  647  360
 7 1994  93.0 15.0 12.0  3.0  20  80.6  271.7 411  371  571  200  305  650  345
 8 1995 111.3 18.3 16.2  2.1  11 117.5  389.2 393  370  572  202  288  661  373
 9 1996 126.3 15.0 13.5  1.5  10 112.0  501.1 392  371  574  203  304  608  304
10 1997 140.7 14.4 11.1  3.3  22 120.8  621.9 400  359  536  177  310  554  244
11 1998 148.8  8.1  6.9  1.2  14  73.7  695.6 375  341  567  226  283  609  326
12 1999 158.4  9.6  9.3  0.3   3  92.6  788.2 372  366  555  189  298  555  257
13 2000 166.2  7.8  6.3  1.5  19  79.5  867.8 390  346  573  227  303  608  305
14 2001 172.5  6.3  5.1  1.2  19  67.0  934.8 414  365  622  257  309  665  356
15 2002 178.8  6.3  5.1  1.2  19  69.5 1004.3 420  370  630  260  308  674  366
16 2003 188.1  9.3  7.2  2.1  22 107.2 1111.5 435  398  560  162  347  605  258
17 2004 197.1  9.0  6.6  2.4  26 108.9 1220.5 423  368  573  205  322  620  298
18 2005 203.7  6.6  4.8  1.8  27  83.1 1303.6 424  367  577  210  310  638  328
19 2006 208.2  4.5  2.7  1.8  40  58.2 1361.8 449  367  571  204  328  625  297
20 2007 212.4  4.2  2.7  1.5  35  55.5 1417.3 467  398  591  193  338  684  346
21 2008 217.2  4.8  2.4  2.4  49  64.8 1482.1 500  386  613  227  333  654  321
22 2009 222.0  4.8  2.4  2.4  50  66.2 1548.3 513  408  617  209  365  695  330
23 2010 225.3  3.3  2.4  0.9  27  46.4 1594.7 453  400  593  193  347  661  314
24 2011 229.5  4.2  2.7  1.5  35  60.0 1654.7 469  383  623  240  341  680  339
25 2012 232.8  3.3  2.4  0.9  27  47.9 1702.6 453  399  596  197  337  648  311
26 2013 236.1  3.3  1.8  1.5  45  48.6 1751.2 480  373  608  235  327  694  367
27 2014 240.3  4.2  2.1  2.1  50  62.9 1814.1 503  396  610  214  320  676  356
28 2015 243.3  3.0  1.2  1.8  60  45.6 1859.7 539  402  631  229  367  690  323

Core Length:  213.3 mm
Core Density: 431 kg/m3
Cross-sectional Density:  423 kg/m3
Early/Latewood Threshold: 500 kg/m3
Attenuation Constant: 3.05

ִִִִִִִִִִִִִִִִִִִִִִִִִִִִִִִִִִִִִִִִִִִִִִִִִִִִִִִִִִִִִִִִִִִִִִִִִִִִִִִ
Core : 35
ֲֲֲִִִִִִִִִִִִִִִִִִִִִִִִִִִִִִִִִִִִִִִִִִִִִִִִִִִִִִִִִִִִִִִִִִִִִִִִִִִִ
       ³Widths (mm)              ³ Areas    ³ Densities (kg/m3)
       ³                         ³ (cm‎)    ³
Ring   ³Outer Ring Erly Late   % ³Incr Total³Ring E/Wd L/Wd Unif  Min  Max  Rng
 # Year³ Rad.      Wood Wood  LW ³          ³mean mean mean
ֱֱֱִִִִִִִִִִִִִִִִִִִִִִִִִִִִִִִִִִִִִִִִִִִִִִִִִִִִִִִִִִִִִִִִִִִִִִִִִִִִ

 1 1989   3.6  3.6  3.6  0.0   0   0.4    0.4 407  407    0    0  372  449   77
 2 1990  20.1 16.5 15.3  1.2   7  12.3   12.7 370  358  531  173  309  577  268
 3 1991  41.1 21.0 20.4  0.6   2  40.4   53.1 325  320  510  190  247  517  270
 4 1992  61.8 20.7 19.5  1.2   5  66.9  120.0 335  323  539  216  265  561  296
 5 1993  84.3 22.5 18.9  3.6  16 103.3  223.3 368  337  529  192  264  585  321
 6 1994 101.7 17.4 14.7  2.7  15 101.7  324.9 381  349  553  204  279  594  315
 7 1995 118.8 17.1 15.6  1.5   8 118.5  443.4 363  348  515  167  280  547  267
 8 1996 136.2 17.4 17.1  0.3   1 139.4  582.8 346  343  505  162  254  505  251
 9 1997 149.4 13.2 12.6  0.6   4 118.4  701.2 355  347  520  173  256  528  272
10 1998 157.8  8.4  8.1  0.3   3  81.1  782.3 330  323  510  187  264  510  246
11 1999 167.1  9.3  8.7  0.6   6  94.9  877.2 369  360  512  152  281  522  241
12 2000 174.0  6.9  5.7  1.2  17  73.9  951.1 362  325  540  215  301  553  252
13 2001 180.9  6.9  5.7  1.2  17  76.9 1028.1 379  339  568  229  280  626  346
14 2002 186.6  5.7  4.2  1.5  26  65.8 1093.9 386  323  562  239  262  631  369
15 2003 192.9  6.3  6.0  0.3   4  75.1 1169.0 383  376  522  146  287  522  235
16 2004 196.5  3.6  3.0  0.6  16  44.0 1213.0 354  319  530  211  293  557  264
17 2005 200.1  3.6  3.3  0.3   8  44.9 1257.9 380  362  573  211  273  573  300
18 2006 204.3  4.2  3.3  0.9  21  53.4 1311.3 386  337  568  231  287  631  344
19 2007 207.9  3.6  3.0  0.6  16  46.6 1357.9 383  344  576  232  264  625  361
20 2008 211.8  3.9  2.7  1.2  30  51.4 1409.3 427  357  585  228  286  614  328
21 2009 216.3  4.5  3.3  1.2  26  60.5 1469.8 400  341  561  220  279  624  345
22 2010 220.8  4.5  3.6  0.9  20  61.8 1531.6 378  340  529  189  281  576  295
23 2011 224.7  3.9  3.3  0.6  15  54.6 1586.2 370  330  592  262  286  636  350
24 2012 228.0  3.3  2.4  0.9  27  46.9 1633.1 412  356  563  207  277  579  302
25 2013 231.3  3.3  2.4  0.9  27  47.6 1680.7 380  314  556  242  280  639  359
26 2014 234.0  2.7  1.8  0.9  33  39.5 1720.2 432  351  595  244  287  606  319
27 2015 237.3  3.3  2.7  0.6  18  48.9 1769.1 387  343  588  245  285  592  307

Core Length:  237.3 mm
Core Density: 375 kg/m3
Cross-sectional Density:  370 kg/m3
Early/Latewood Threshold: 500 kg/m3
Attenuation Constant: 3.05

ִִִִִִִִִִִִִִִִִִִִִִִִִִִִִִִִִִִִִִִִִִִִִִִִִִִִִִִִִִִִִִִִִִִִִִִִִִִִִִִ
Core : 36
ֲֲֲִִִִִִִִִִִִִִִִִִִִִִִִִִִִִִִִִִִִִִִִִִִִִִִִִִִִִִִִִִִִִִִִִִִִִִִִִִִִ
       ³Widths (mm)              ³ Areas    ³ Densities (kg/m3)
       ³                         ³ (cm‎)    ³
Ring   ³Outer Ring Erly Late   % ³Incr Total³Ring E/Wd L/Wd Unif  Min  Max  Rng
 # Year³ Rad.      Wood Wood  LW ³          ³mean mean mean
ֱֱֱִִִִִִִִִִִִִִִִִִִִִִִִִִִִִִִִִִִִִִִִִִִִִִִִִִִִִִִִִִִִִִִִִִִִִִִִִִִִ

 3 1990  21.6 21.6 15.6  0.0   0  14.7   14.7 324  324    0    0  263  450  187
 4 1991  46.2 24.6 24.6  0.0   0  52.4   67.1 353  353    0    0  273  463  190
 5 1992  66.0 19.8 19.5  0.3   1  69.8  136.8 347  344  501  157  291  501  210
 6 1993  83.1 17.1 14.4  2.7  15  80.1  216.9 393  366  537  171  277  561  284
 7 1994  99.6 16.5 13.2  3.3  20  94.7  311.7 418  384  558  174  328  598  270
 8 1995 116.1 16.5 15.0  1.5   9 111.8  423.5 389  374  540  166  299  565  266
 9 1996 134.1 18.0 15.9  2.1  11 141.5  564.9 394  373  552  179  268  566  298
10 1997 149.1 15.0 11.4  3.6  24 133.5  698.4 427  383  568  185  300  624  324
11 1998 158.4  9.3  6.0  3.3  35  89.8  788.2 424  357  545  188  304  626  322
12 1999 170.7 12.3 10.2  2.1  17 127.2  915.4 415  381  580  199  292  622  330
13 2000 177.9  7.2  5.1  2.1  29  78.9  994.3 415  356  557  201  308  592  284
14 2001 184.2  6.3  4.8  1.5  23  71.7 1065.9 420  364  598  234  322  666  344
15 2002 188.4  4.2  3.0  1.2  28  49.2 1115.1 433  374  582  208  316  622  306
16 2003 193.5  5.1  3.9  1.2  23  61.2 1176.3 432  393  557  164  338  611  273
17 2004 198.9  5.4  3.3  2.1  38  66.6 1242.9 455  356  612  256  325  676  351
18 2005 204.0  5.1  4.2  0.9  17  64.6 1307.4 445  410  606  196  352  622  270
19 2006 207.6  3.6  3.0  0.6  16  46.6 1354.0 420  382  610  228  317  640  323
20 2007 210.3  2.7  2.1  0.6  22  35.4 1389.4 435  392  586  194  336  591  255
21 2008 213.6  3.3  2.1  1.2  36  43.9 1433.4 470  379  630  251  351  690  339
22 2009 217.5  3.9  2.4  1.5  38  52.8 1486.2 492  414  617  203  381  676  295
23 2010 221.1  3.6  2.7  0.9  25  49.6 1535.8 472  424  614  190  365  653  288
24 2011 224.4  3.3  2.1  1.2  36  46.2 1582.0 490  425  603  178  395  674  279
25 2012 228.0  3.6  2.1  1.5  41  51.2 1633.1 493  426  588  162  393  676  283
26 2013 231.3  3.3  1.5  1.8  54  47.6 1680.7 558  432  664  232  407  747  340
27 2014 234.0  2.7  1.2  1.5  55  39.5 1720.2 550  443  635  192  390  696  306
28 2015 237.0  3.0  1.2  1.8  60  44.4 1764.6 561  452  635  183  433  738  305

Core Length:  231.0 mm
Core Density: 439 kg/m3
Cross-sectional Density:  431 kg/m3
Early/Latewood Threshold: 500 kg/m3
Attenuation Constant: 3.05

ִִִִִִִִִִִִִִִִִִִִִִִִִִִִִִִִִִִִִִִִִִִִִִִִִִִִִִִִִִִִִִִִִִִִִִִִִִִִִִִ
Core : 37
ֲֲֲִִִִִִִִִִִִִִִִִִִִִִִִִִִִִִִִִִִִִִִִִִִִִִִִִִִִִִִִִִִִִִִִִִִִִִִִִִִִ
       ³Widths (mm)              ³ Areas    ³ Densities (kg/m3)
       ³                         ³ (cm‎)    ³
Ring   ³Outer Ring Erly Late   % ³Incr Total³Ring E/Wd L/Wd Unif  Min  Max  Rng
 # Year³ Rad.      Wood Wood  LW ³          ³mean mean mean
ֱֱֱִִִִִִִִִִִִִִִִִִִִִִִִִִִִִִִִִִִִִִִִִִִִִִִִִִִִִִִִִִִִִִִִִִִִִִִִִִִִ

 1 1989   6.6  6.6  6.6  0.0   0   1.4    1.4 387  387    0    0  177  494  317
 2 1990  26.4 19.8 18.3  1.5   7  20.5   21.9 355  341  525  184  285  537  252
 3 1991  49.5 23.1 22.8  0.3   1  55.1   77.0 343  341  503  162  283  503  220
 4 1992  70.5 21.0 20.7  0.3   1  79.2  156.1 349  347  506  159  301  506  205
 5 1993  90.0 19.5 17.4  2.1  10  98.3  254.5 364  344  533  189  275  582  307
 6 1994 108.9 18.9 17.1  1.8   9 118.1  372.6 392  376  544  168  328  584  256
 7 1995 127.5 18.6 18.0  0.6   3 138.1  510.7 367  361  534  173  282  546  264
 8 1996 144.0 16.5 15.9  0.6   3 140.7  651.4 350  344  520  176  283  524  241
 9 1997 157.2 13.2 11.4  1.8  13 124.9  776.3 381  358  526  168  314  563  249
10 1998 165.0  7.8  7.2  0.6   7  79.0  855.3 366  350  568  218  303  588  285
11 1999 176.1 11.1 10.5  0.6   5 118.9  974.2 355  347  502  155  299  504  205
12 2000 181.8  5.7  4.2  1.5  26  64.1 1038.3 420  369  562  193  321  597  276
13 2001 188.7  6.9  5.7  1.2  17  80.3 1118.6 400  361  585  224  310  634  324
14 2002 193.8  5.1  3.6  1.5  29  61.3 1179.9 430  367  582  215  312  679  367
15 2003 198.9  5.1  4.5  0.6  11  62.9 1242.9 433  417  554  137  349  556  207
16 2004 203.4  4.5  3.3  1.2  26  56.9 1299.7 426  364  596  232  302  628  326
17 2005 207.9  4.5  3.0  1.5  33  58.1 1357.9 437  389  532  143  338  595  257
18 2006 210.3  2.4  2.1  0.3  12  31.5 1389.4 429  409  569  160  336  569  233
19 2007 213.3  3.0  1.8  1.2  40  39.9 1429.3 446  387  533  146  349  604  255
20 2008 217.2  3.9  2.4  1.5  38  52.7 1482.1 476  405  590  185  367  636  269
21 2009 222.0  4.8  3.3  1.5  31  66.2 1548.3 467  418  577  159  349  662  313
22 2010 226.5  4.5  3.6  0.9  20  63.4 1611.7 443  401  615  214  346  665  319
23 2011 231.3  4.8  3.3  1.5  31  69.0 1680.7 450  396  571  175  350  593  243
24 2012 236.1  4.8  3.6  1.2  24  70.5 1751.2 442  400  570  170  314  613  299
25 2013 242.1  6.0  3.6  2.4  40  90.1 1841.4 455  369  584  215  341  675  334
26 2014 246.6  4.5  3.0  1.5  33  69.1 1910.5 456  396  577  181  346  657  311
27 2015 249.9  3.3  3.3  0.0   0  51.5 1961.9 386  386    0    0  342  483  141

Core Length:  249.9 mm
Core Density: 407 kg/m3
Cross-sectional Density:  401 kg/m3
Early/Latewood Threshold: 500 kg/m3
Attenuation Constant: 3.05

ִִִִִִִִִִִִִִִִִִִִִִִִִִִִִִִִִִִִִִִִִִִִִִִִִִִִִִִִִִִִִִִִִִִִִִִִִִִִִִִ
Core : 43
ֲֲֲִִִִִִִִִִִִִִִִִִִִִִִִִִִִִִִִִִִִִִִִִִִִִִִִִִִִִִִִִִִִִִִִִִִִִִִִִִִִ
       ³Widths (mm)              ³ Areas    ³ Densities (kg/m3)
       ³                         ³ (cm‎)    ³
Ring   ³Outer Ring Erly Late   % ³Incr Total³Ring E/Wd L/Wd Unif  Min  Max  Rng
 # Year³ Rad.      Wood Wood  LW ³          ³mean mean mean
ֱֱֱִִִִִִִִִִִִִִִִִִִִִִִִִִִִִִִִִִִִִִִִִִִִִִִִִִִִִִִִִִִִִִִִִִִִִִִִִִִִ

 3 1990  29.0 29.0 19.8  1.2   4  26.4   26.4 345  334  526  192  261  554  293
 4 1991  56.3 27.3 27.3  0.0   0  73.2   99.6 346  346    0    0  271  486  215
 5 1992  82.7 26.4 25.2  1.2   4 115.3  214.9 351  342  531  189  284  547  263
 6 1993 104.3 21.6 19.8  1.8   8 126.9  341.8 384  369  539  170  308  571  263
 7 1994 125.3 21.0 18.3  2.7  12 151.5  493.2 406  388  526  138  322  586  264
 8 1995 147.2 21.9 20.7  1.2   5 187.5  680.7 397  388  543  155  303  574  271
 9 1996 166.1 18.9 16.8  2.1  11 186.0  866.7 399  380  553  173  306  595  289
10 1997 184.1 18.0 16.8  1.2   6 198.0 1064.8 415  408  512  104  333  519  186
11 1998 192.8  8.7  7.8  0.9  10 103.0 1167.8 356  338  517  179  293  540  247
12 1999 200.9  8.1  8.1  0.0   0 100.2 1268.0 384  384    0    0  294  495  201
13 2000 206.3  5.4  4.8  0.6  11  69.1 1337.1 382  359  566  207  290  578  288
14 2001 211.4  5.1  3.9  1.2  23  66.9 1404.0 388  341  538  197  293  561  268
15 2002 216.2  4.8  3.3  1.5  31  64.5 1468.5 409  359  520  161  285  570  285
16 2003 222.5  6.3  5.7  0.6   9  86.8 1555.3 405  388  570  182  319  572  253
17 2004 227.9  5.4  3.3  2.1  38  76.4 1631.7 423  351  536  185  297  563  266
18 2005 233.3  5.4  4.5  0.9  16  78.2 1709.9 410  385  537  152  308  575  267
19 2006 237.8  4.5  3.0  1.5  33  66.6 1776.5 427  361  559  198  297  615  318
20 2007 240.8  3.0  2.4  0.6  20  45.1 1821.6 425  381  602  221  308  670  362
21 2008 243.5  2.7  1.8  0.9  33  41.1 1862.7 422  336  595  259  294  629  335
22 2009 245.9  2.4  1.8  0.6  25  36.9 1899.6 424  374  576  202  344  590  246
23 2010 248.3  2.4  1.5  0.9  37  37.3 1936.9 432  356  558  202  312  606  294
24 2011 250.7  2.4  1.8  0.6  24  37.6 1974.5 440  381  618  237  322  642  320
25 2012 253.7  3.0  1.8  1.2  40  47.5 2022.0 454  388  555  167  336  613  277
26 2013 256.7  3.0  2.1  0.9  30  48.1 2070.1 450  369  640  271  330  670  340
27 2014 260.6  3.9  2.1  1.8  46  63.4 2133.5 457  352  579  227  302  616  314
28 2015 263.9  3.3  2.4  0.9  27  54.4 2187.9 439  366  634  268  162  647  485

Core Length:  255.9 mm
Core Density: 406 kg/m3
Cross-sectional Density:  401 kg/m3
Early/Latewood Threshold: 500 kg/m3
Attenuation Constant: 3.05

ִִִִִִִִִִִִִִִִִִִִִִִִִִִִִִִִִִִִִִִִִִִִִִִִִִִִִִִִִִִִִִִִִִִִִִִִִִִִִִִ
Core : 45
ֲֲֲִִִִִִִִִִִִִִִִִִִִִִִִִִִִִִִִִִִִִִִִִִִִִִִִִִִִִִִִִִִִִִִִִִִִִִִִִִִִ
       ³Widths (mm)              ³ Areas    ³ Densities (kg/m3)
       ³                         ³ (cm‎)    ³
Ring   ³Outer Ring Erly Late   % ³Incr Total³Ring E/Wd L/Wd Unif  Min  Max  Rng
 # Year³ Rad.      Wood Wood  LW ³          ³mean mean mean
ֱֱֱִִִִִִִִִִִִִִִִִִִִִִִִִִִִִִִִִִִִִִִִִִִִִִִִִִִִִִִִִִִִִִִִִִִִִִִִִִִִ

 1 1988   8.3  8.3  1.5  1.8  21   2.2    2.2 494  450  531   81  435  556  121
 2 1989  16.4  8.1  8.1  0.0   0   6.3    8.4 394  394    0    0  304  488  184
 3 1990  36.8 20.4 20.4  0.0   0  34.1   42.5 355  355    0    0  272  488  216
 4 1991  64.4 27.6 27.6  0.0   0  87.7  130.3 335  335    0    0  275  486  211
 5 1992  91.7 27.3 25.2  2.1   7 133.9  264.2 344  327  546  219  266  575  309
 6 1993 122.0 30.3 28.5  1.8   5 203.4  467.6 362  352  519  167  282  544  262
 7 1994 146.6 24.6 22.2  2.4   9 207.6  675.2 389  374  531  157  308  581  273
 8 1995 172.1 25.5 23.4  2.1   8 255.3  930.5 374  358  552  194  297  579  282
 9 1996 197.9 25.8 23.4  2.4   9 299.9 1230.4 366  350  529  179  284  557  273
10 1997 216.2 18.3 15.3  3.0  16 238.1 1468.5 390  360  543  183  310  609  299
11 1998 227.9 11.7 10.2  1.5  12 163.2 1631.7 368  344  530  186  289  558  269
12 1999 241.4 13.5 12.3  1.2   8 199.0 1830.7 381  367  519  152  288  537  249
13 2000 252.8 11.4 10.2  1.2  10 177.0 2007.7 382  367  515  148  296  528  232
14 2001 263.9 11.1  8.1  3.0  27 180.2 2187.9 411  359  552  193  313  637  324
15 2002 271.7  7.8  6.9  0.9  11 131.2 2319.2 401  376  595  219  304  610  306
16 2003 278.9  7.2  6.3  0.9  12 124.5 2443.7 410  395  517  122  361  531  170
17 2004 285.5  6.6  5.1  1.5  22 117.0 2560.7 417  381  540  159  305  574  269
18 2005 296.0 10.5  7.8  2.7  25 191.8 2752.5 430  392  540  148  314  614  300
19 2006 304.4  8.4  5.1  3.3  39 158.4 2911.0 449  376  562  186  319  618  299

Core Length:  299.4 mm
Core Density: 392 kg/m3
Cross-sectional Density:  387 kg/m3
Early/Latewood Threshold: 500 kg/m3
Attenuation Constant: 3.05

