File : C:\DENSITOM\GLENGA~1\GLEN48.DAT
Cores :
3
9
11
13
16
18
24
30
32
40
44
46

ִִִִִִִִִִִִִִִִִִִִִִִִִִִִִִִִִִִִִִִִִִִִִִִִִִִִִִִִִִִִִִִִִִִִִִִִִִִִִִִ
Core : 3
ֲֲֲִִִִִִִִִִִִִִִִִִִִִִִִִִִִִִִִִִִִִִִִִִִִִִִִִִִִִִִִִִִִִִִִִִִִִִִִִִִִ
       ³Widths (mm)              ³ Areas    ³ Densities (kg/m3)
       ³                         ³ (cm‎)    ³
Ring   ³Outer Ring Erly Late   % ³Incr Total³Ring E/Wd L/Wd Unif  Min  Max  Rng
 # Year³ Rad.      Wood Wood  LW ³          ³mean mean mean
ֱֱֱִִִִִִִִִִִִִִִִִִִִִִִִִִִִִִִִִִִִִִִִִִִִִִִִִִִִִִִִִִִִִִִִִִִִִִִִִִִִ

 3 1990  18.6 18.6 15.6  0.0   0  10.9   10.9 290  290    0    0  224  459  235
 4 1991  45.3 26.7 26.7  0.0   0  53.6   64.5 270  270    0    0  207  407  200
 5 1992  71.4 26.1 25.5  0.6   2  95.7  160.2 293  288  512  224  218  517  299
 6 1993  92.4 21.0 20.7  0.3   1 108.1  268.2 312  309  531  222  237  531  294
 7 1994 114.9 22.5 20.4  2.1   9 146.5  414.8 361  345  522  177  262  550  288
 8 1995 135.3 20.4 20.1  0.3   1 160.3  575.1 352  349  518  169  271  518  247
 9 1996 154.5 19.2 19.2  0.0   0 174.8  749.9 329  329    0    0  254  469  215
10 1997 171.0 16.5 16.5  0.0   0 168.7  918.6 338  338    0    0  241  467  226
11 1998 179.1  8.1  7.8  0.3   3  89.1 1007.7 329  321  550  229  249  550  301
12 1999 189.9 10.8 10.5  0.3   2 125.2 1132.9 352  348  504  156  267  504  237
13 2000 196.5  6.6  6.3  0.3   4  80.1 1213.0 338  327  574  247  263  574  311
14 2001 201.6  5.1  4.8  0.3   5  63.8 1276.8 339  326  548  222  277  548  271
15 2002 205.8  4.2  3.3  0.9  21  53.8 1330.6 380  322  594  272  272  599  327
16 2003 214.8  9.0  7.8  1.2  13 118.9 1449.5 409  385  567  182  312  607  295
17 2004 224.4  9.6  7.5  2.1  21 132.5 1582.0 399  363  529  166  287  566  279
18 2005 232.2  7.8  6.0  1.8  23 111.9 1693.8 384  335  545  210  273  583  310
19 2006 237.6  5.4  3.9  1.5  27  79.7 1773.5 391  337  532  195  275  559  284
20 2007 241.8  4.2  3.3  0.9  21  63.3 1836.8 413  373  564  191  297  626  329
21 2008 245.4  3.6  2.4  1.2  33  55.1 1891.9 433  360  581  221  326  610  284
22 2009 249.3  3.9  3.3  0.6  15  60.6 1952.5 395  366  557  191  303  591  288
23 2010 251.7  2.4  2.4  0.0   0  37.8 1990.3 351  351    0    0  290  448  158
24 2011 253.8  2.1  1.5  0.6  28  33.3 2023.6 397  337  548  211  300  587  287
25 2012 256.2  2.4  2.4  0.0   0  38.5 2062.1 355  355    0    0  290  436  146
26 2013 258.0  1.8  1.5  0.3  16  29.1 2091.2 381  334  619  285  290  619  329
27 2014 261.0  3.0  1.8  1.2  40  48.9 2140.1 424  339  551  212  300  585  285
28 2015 263.7  2.7  1.8  0.9  33  44.5 2184.6 437  351  608  257  319  642  323

Core Length:  260.7 mm
Core Density: 363 kg/m3
Cross-sectional Density:  360 kg/m3
Early/Latewood Threshold: 500 kg/m3
Attenuation Constant: 3.05

ִִִִִִִִִִִִִִִִִִִִִִִִִִִִִִִִִִִִִִִִִִִִִִִִִִִִִִִִִִִִִִִִִִִִִִִִִִִִִִִ
Core : 9
ֲֲֲִִִִִִִִִִִִִִִִִִִִִִִִִִִִִִִִִִִִִִִִִִִִִִִִִִִִִִִִִִִִִִִִִִִִִִִִִִִִ
       ³Widths (mm)              ³ Areas    ³ Densities (kg/m3)
       ³                         ³ (cm‎)    ³
Ring   ³Outer Ring Erly Late   % ³Incr Total³Ring E/Wd L/Wd Unif  Min  Max  Rng
 # Year³ Rad.      Wood Wood  LW ³          ³mean mean mean
ֱֱֱִִִִִִִִִִִִִִִִִִִִִִִִִִִִִִִִִִִִִִִִִִִִִִִִִִִִִִִִִִִִִִִִִִִִִִִִִִִִ

 1 1989   8.4  8.4  5.4  0.0   0   2.2    2.2 373  373    0    0  303  447  144
 2 1990  30.9 22.5 21.6  0.9   4  27.8   30.0 331  323  524  201  248  556  308
 3 1991  56.4 25.5 24.3  1.2   4  69.9   99.9 339  331  516  185  243  527  284
 4 1992  80.7 24.3 23.4  0.9   3 104.7  204.6 354  348  534  186  288  539  251
 5 1993  99.0 18.3 17.1  1.2   6 103.3  307.9 349  335  541  206  265  573  308
 6 1994 113.7 14.7 12.0  2.7  18  98.2  406.1 398  364  550  186  294  637  343
 7 1995 129.6 15.9 15.3  0.6   3 121.5  527.7 391  383  596  213  298  620  322
 8 1996 145.2 15.6 15.0  0.6   3 134.7  662.3 355  347  559  212  266  570  304
 9 1997 156.6 11.4 10.2  1.2  10 108.1  770.4 382  366  517  151  280  527  247
10 1998 164.1  7.5  7.5  0.0   0  75.6  846.0 346  346    0    0  268  477  209
11 1999 172.5  8.4  8.1  0.3   3  88.8  934.8 393  388  543  155  311  543  232
12 2000 179.4  6.9  5.4  1.5  21  76.3 1011.1 409  366  562  196  290  580  290
13 2001 186.6  7.2  6.3  0.9  12  82.8 1093.9 389  360  591  231  302  643  341
14 2002 193.2  6.6  4.2  2.4  36  78.7 1172.6 432  365  551  186  296  664  368
15 2003 200.1  6.9  5.4  1.5  21  85.3 1257.9 432  402  541  139  322  581  259
16 2004 204.3  4.2  3.6  0.6  14  53.4 1311.3 401  380  531  151  324  553  229
17 2005 207.6  3.3  2.1  1.2  36  42.7 1354.0 435  366  557  191  298  608  310
18 2006 211.5  3.9  3.0  0.9  23  51.3 1405.3 416  373  561  188  272  581  309
19 2007 215.1  3.6  2.1  1.5  41  48.2 1453.6 456  376  567  191  318  634  316
20 2008 217.8  2.7  2.1  0.6  22  36.7 1490.3 412  367  569  202  328  623  295
21 2009 219.6  1.8  1.2  0.6  33  24.7 1515.0 451  387  580  193  359  626  267
22 2010 222.3  2.7  1.8  0.9  33  37.5 1552.5 441  368  588  220  329  672  343
23 2011 225.0  2.7  1.5  1.2  44  37.9 1590.4 467  378  577  199  311  667  356
24 2012 227.1  2.1  1.5  0.6  28  29.8 1620.3 438  396  543  147  317  577  260
25 2013 228.6  1.5  0.9  0.6  40  21.5 1641.7 434  365  538  173  316  572  256
26 2014 230.4  1.8  0.9  0.9  49  26.0 1667.7 501  390  613  223  341  675  334
27 2015 232.2  1.8  1.5  0.3  16  26.2 1693.8 456  422  625  203  365  625  260

Core Length:  229.2 mm
Core Density: 406 kg/m3
Cross-sectional Density:  394 kg/m3
Early/Latewood Threshold: 500 kg/m3
Attenuation Constant: 3.05

ִִִִִִִִִִִִִִִִִִִִִִִִִִִִִִִִִִִִִִִִִִִִִִִִִִִִִִִִִִִִִִִִִִִִִִִִִִִִִִִ
Core : 11
ֲֲֲִִִִִִִִִִִִִִִִִִִִִִִִִִִִִִִִִִִִִִִִִִִִִִִִִִִִִִִִִִִִִִִִִִִִִִִִִִִִ
       ³Widths (mm)              ³ Areas    ³ Densities (kg/m3)
       ³                         ³ (cm‎)    ³
Ring   ³Outer Ring Erly Late   % ³Incr Total³Ring E/Wd L/Wd Unif  Min  Max  Rng
 # Year³ Rad.      Wood Wood  LW ³          ³mean mean mean
ֱֱֱִִִִִִִִִִִִִִִִִִִִִִִִִִִִִִִִִִִִִִִִִִִִִִִִִִִִִִִִִִִִִִִִִִִִִִִִִִִִ

 3 1990  26.7 26.7 23.4  0.3   1  22.4   22.4 335  332  507  175  277  507  230
 4 1991  55.8 29.1 29.1  0.0   0  75.4   97.8 330  330    0    0  256  452  196
 5 1992  81.0 25.2 23.4  1.8   7 108.3  206.1 333  319  519  200  263  540  277
 6 1993 103.2 22.2 20.7  1.5   6 128.5  334.6 354  343  509  166  260  526  266
 7 1994 120.9 17.7 14.4  3.3  18 124.6  459.2 402  362  574  212  302  613  311
 8 1995 138.6 17.7 17.1  0.6   3 144.3  603.5 350  345  510  165  277  513  236
 9 1996 150.9 12.3 12.3  0.0   0 111.9  715.4 361  361    0    0  270  489  219
10 1997 162.6 11.7 11.4  0.3   2 115.2  830.6 370  366  522  156  271  522  251
11 1998 168.3  5.7  5.4  0.3   5  59.3  889.9 330  316  597  281  271  597  326
12 1999 177.0  8.7  8.7  0.0   0  94.4  984.2 372  372    0    0  277  498  221
13 2000 182.1  5.1  3.6  1.5  29  57.5 1041.8 400  337  551  214  283  679  396
14 2001 187.8  5.7  4.2  1.5  26  66.2 1108.0 402  346  558  212  286  617  331
15 2002 192.3  4.5  3.3  1.2  26  53.7 1161.7 411  359  554  195  316  587  271
16 2003 196.2  3.9  3.6  0.3   7  47.6 1209.3 389  373  580  207  319  580  261
17 2004 199.5  3.3  2.4  0.9  27  41.0 1250.4 421  367  565  198  327  575  248
18 2005 203.1  3.6  3.3  0.3   8  45.5 1295.9 383  371  521  150  307  521  214
19 2006 205.5  2.4  2.1  0.3  12  30.8 1326.7 379  360  508  148  308  508  200
20 2007 207.9  2.4  2.1  0.3  12  31.2 1357.9 409  393  522  129  309  522  213
21 2008 209.7  1.8  1.5  0.3  16  23.6 1381.5 390  359  546  187  324  546  222
22 2009 211.8  2.1  1.8  0.3  14  27.8 1409.3 391  371  514  143  312  514  202
23 2010 213.9  2.1  1.5  0.6  28  28.1 1437.4 444  374  618  244  338  651  313
24 2011 215.7  1.8  1.5  0.3  16  24.3 1461.7 385  351  557  206  315  557  242
25 2012 218.1  2.4  1.5  0.9  37  32.7 1494.4 414  335  546  211  297  580  283
26 2013 220.8  2.7  2.1  0.6  22  37.2 1531.6 400  361  534  173  313  544  231
27 2014 223.8  3.0  1.8  1.2  40  41.9 1573.5 466  390  580  190  313  624  311
28 2015 226.5  2.7  2.4  0.3  11  38.2 1611.7 386  369  520  151  329  520  191

Core Length:  223.5 mm
Core Density: 384 kg/m3
Cross-sectional Density:  376 kg/m3
Early/Latewood Threshold: 500 kg/m3
Attenuation Constant: 3.05

ִִִִִִִִִִִִִִִִִִִִִִִִִִִִִִִִִִִִִִִִִִִִִִִִִִִִִִִִִִִִִִִִִִִִִִִִִִִִִִִ
Core : 13
ֲֲֲִִִִִִִִִִִִִִִִִִִִִִִִִִִִִִִִִִִִִִִִִִִִִִִִִִִִִִִִִִִִִִִִִִִִִִִִִִִִ
       ³Widths (mm)              ³ Areas    ³ Densities (kg/m3)
       ³                         ³ (cm‎)    ³
Ring   ³Outer Ring Erly Late   % ³Incr Total³Ring E/Wd L/Wd Unif  Min  Max  Rng
 # Year³ Rad.      Wood Wood  LW ³          ³mean mean mean
ֱֱֱִִִִִִִִִִִִִִִִִִִִִִִִִִִִִִִִִִִִִִִִִִִִִִִִִִִִִִִִִִִִִִִִִִִִִִִִִִִִ

 2 1989  14.6 14.6  9.6  0.0   0   6.7    6.7 370  370    0    0  315  475  160
 3 1990  38.3 23.7 23.4  0.3   1  39.4   46.1 320  318  502  184  257  502  245
 4 1991  65.6 27.3 27.3  0.0   0  89.1  135.2 332  332    0    0  264  476  212
 5 1992  88.7 23.1 22.2  0.9   3 112.0  247.2 356  349  528  179  281  549  268
 6 1993 112.7 24.0 23.1  0.9   3 151.9  399.0 353  347  516  169  289  526  237
 7 1994 137.3 24.6 22.5  2.1   8 193.2  592.2 368  353  527  174  262  557  295
 8 1995 158.9 21.6 21.3  0.3   1 201.0  793.2 362  360  538  178  282  538  256
 9 1996 176.0 17.1 17.1  0.0   0 179.9  973.1 343  343    0    0  280  491  211
10 1997 193.7 17.7 17.7  0.0   0 205.6 1178.7 345  345    0    0  281  473  192
11 1998 201.5  7.8  7.5  0.3   3  96.8 1275.6 337  329  531  202  272  531  259
12 1999 211.4  9.9  9.9  0.0   0 128.4 1404.0 353  353    0    0  272  491  219
13 2000 218.0  6.6  5.1  1.5  22  89.0 1493.0 364  319  517  198  270  542  272
14 2001 224.0  6.0  5.4  0.6  10  83.3 1576.3 347  319  602  283  259  631  372
15 2002 228.5  4.5  3.9  0.6  13  64.0 1640.3 367  335  575  240  286  644  358
16 2003 232.1  3.6  3.0  0.6  16  52.1 1692.4 391  364  526  162  335  542  207
17 2004 235.7  3.6  3.0  0.6  16  52.9 1745.3 405  374  564  190  328  604  276
18 2005 239.0  3.3  2.7  0.6  18  49.2 1794.5 393  358  549  191  293  550  257
19 2006 241.1  2.1  1.8  0.3  14  31.7 1826.2 406  387  524  137  299  524  225
20 2007 243.8  2.7  2.4  0.3  11  41.1 1867.3 424  401  610  209  309  610  301
21 2008 246.2  2.4  1.8  0.6  24  36.9 1904.3 415  361  577  216  330  613  283
22 2009 248.3  2.1  1.5  0.6  28  32.6 1936.9 456  418  550  132  362  552  190
23 2010 251.3  3.0  2.4  0.6  20  47.1 1984.0 445  400  625  225  347  629  282
24 2011 254.9  3.6  2.7  0.9  24  57.2 2041.2 409  362  551  189  317  617  300
25 2012 259.1  4.2  3.6  0.6  14  67.8 2109.0 404  374  582  208  305  618  313
26 2013 263.9  4.8  3.3  1.5  31  78.9 2187.9 407  334  568  234  313  659  346
27 2014 266.6  2.7  2.4  0.3  11  45.0 2232.9 400  378  576  198  308  576  268
28 2015 268.7  2.1  1.8  0.3  14  35.3 2268.2 395  375  516  141  334  516  182

Core Length:  263.7 mm
Core Density: 380 kg/m3
Cross-sectional Density:  368 kg/m3
Early/Latewood Threshold: 500 kg/m3
Attenuation Constant: 3.05

ִִִִִִִִִִִִִִִִִִִִִִִִִִִִִִִִִִִִִִִִִִִִִִִִִִִִִִִִִִִִִִִִִִִִִִִִִִִִִִִ
Core : 16
ֲֲֲִִִִִִִִִִִִִִִִִִִִִִִִִִִִִִִִִִִִִִִִִִִִִִִִִִִִִִִִִִִִִִִִִִִִִִִִִִִִ
       ³Widths (mm)              ³ Areas    ³ Densities (kg/m3)
       ³                         ³ (cm‎)    ³
Ring   ³Outer Ring Erly Late   % ³Incr Total³Ring E/Wd L/Wd Unif  Min  Max  Rng
 # Year³ Rad.      Wood Wood  LW ³          ³mean mean mean
ֱֱֱִִִִִִִִִִִִִִִִִִִִִִִִִִִִִִִִִִִִִִִִִִִִִִִִִִִִִִִִִִִִִִִִִִִִִִִִִִִִ

 1 1988   3.6  3.6  3.6  0.0   0   0.4    0.4 353  353    0    0  266  415  149
 2 1989  14.7 11.1 11.1  0.0   0   6.4    6.8 345  345    0    0  257  494  237
 3 1990  34.8 20.1 20.1  0.0   0  31.3   38.0 344  344    0    0  270  493  223
 4 1991  58.5 23.7 23.7  0.0   0  69.5  107.5 334  334    0    0  268  468  200
 5 1992  77.4 18.9 18.0  0.9   4  80.7  188.2 344  334  537  203  267  575  308
 6 1993  91.2 13.8 13.2  0.6   4  73.1  261.3 365  357  540  183  278  541  263
 7 1994 108.6 17.4 13.5  3.9  22 109.2  370.5 399  358  540  182  273  604  331
 8 1995 125.7 17.1 15.6  1.5   8 125.9  496.4 365  349  530  181  273  549  276
 9 1996 139.2 13.5 12.3  1.2   8 112.3  608.7 346  329  526  197  263  553  290
10 1997 150.3 11.1  9.9  1.2  10 101.0  709.7 361  341  524  183  272  550  278
11 1998 155.7  5.4  4.5  0.9  16  51.9  761.6 363  322  569  247  285  607  322
12 1999 163.5  7.8  6.9  0.9  11  78.2  839.8 386  361  574  213  281  606  325
13 2000 171.0  7.5  6.0  1.5  20  78.8  918.6 382  341  548  207  300  569  269
14 2001 177.3  6.3  5.4  0.9  14  68.9  987.6 383  350  579  229  300  637  337
15 2002 182.1  4.8  3.9  0.9  18  54.2 1041.8 389  347  573  226  276  600  324
16 2003 187.5  5.4  4.2  1.2  22  62.7 1104.5 413  372  557  185  323  593  270
17 2004 191.4  3.9  3.0  0.9  23  46.4 1150.9 406  353  584  231  328  650  322
18 2005 194.7  3.3  3.0  0.3   9  40.0 1190.9 409  394  556  162  330  556  226
19 2006 197.4  2.7  2.1  0.6  22  33.3 1224.2 433  382  614  232  323  652  329
20 2007 198.9  1.5  1.2  0.3  20  18.7 1242.9 437  405  564  159  358  564  206
21 2008 200.7  1.8  1.2  0.6  33  22.6 1265.4 444  384  565  181  363  607  244
22 2009 202.2  1.5  1.2  0.3  20  19.0 1284.4 454  414  613  199  352  613  261

Core Length:  202.8 mm
Core Density: 384 kg/m3
Cross-sectional Density:  377 kg/m3
Early/Latewood Threshold: 500 kg/m3
Attenuation Constant: 3.05

ִִִִִִִִִִִִִִִִִִִִִִִִִִִִִִִִִִִִִִִִִִִִִִִִִִִִִִִִִִִִִִִִִִִִִִִִִִִִִִִ
Core : 18
ֲֲֲִִִִִִִִִִִִִִִִִִִִִִִִִִִִִִִִִִִִִִִִִִִִִִִִִִִִִִִִִִִִִִִִִִִִִִִִִִִִ
       ³Widths (mm)              ³ Areas    ³ Densities (kg/m3)
       ³                         ³ (cm‎)    ³
Ring   ³Outer Ring Erly Late   % ³Incr Total³Ring E/Wd L/Wd Unif  Min  Max  Rng
 # Year³ Rad.      Wood Wood  LW ³          ³mean mean mean
ֱֱֱִִִִִִִִִִִִִִִִִִִִִִִִִִִִִִִִִִִִִִִִִִִִִִִִִִִִִִִִִִִִִִִִִִִִִִִִִִִִ

 1 1988   2.1  2.1  2.1  0.0   0   0.1    0.1 383  383    0    0  351  405   54
 2 1989  10.5  8.4  8.4  0.0   0   3.3    3.5 339  339    0    0  267  407  140
 3 1990  34.8 24.3 24.3  0.0   0  34.6   38.0 324  324    0    0  243  489  246
 4 1991  60.9 26.1 25.5  0.6   2  78.5  116.5 349  345  512  167  258  519  261
 5 1992  87.0 26.1 25.2  0.9   3 121.3  237.8 340  334  518  184  278  526  248
 6 1993 108.6 21.6 19.5  2.1   9 132.7  370.5 345  325  531  206  265  553  288
 7 1994 126.9 18.3 15.3  3.0  16 135.4  505.9 391  360  550  190  292  598  306
 8 1995 143.1 16.2 14.4  1.8  11 137.4  643.3 359  337  528  191  265  565  300
 9 1996 158.7 15.6 13.2  2.4  15 147.9  791.2 383  354  548  194  253  579  326
10 1997 173.7 15.0 12.3  2.7  18 156.6  947.9 385  351  539  188  274  564  290
11 1998 181.5  7.8  6.9  0.9  11  87.0 1034.9 367  343  549  206  275  559  284
12 1999 188.4  6.9  5.7  1.2  17  80.2 1115.1 401  372  537  165  288  564  276
13 2000 192.9  4.5  3.3  1.2  26  53.9 1169.0 411  348  583  235  283  618  335
14 2001 197.4  4.5  3.9  0.6  13  55.2 1224.2 368  338  566  228  299  613  314
15 2002 200.7  3.3  2.7  0.6  18  41.3 1265.4 393  344  615  271  298  644  346
16 2003 204.9  4.2  2.7  1.5  35  53.5 1319.0 438  370  559  189  332  616  284
17 2004 209.7  4.8  3.3  1.5  31  62.5 1381.5 430  355  593  238  310  658  348
18 2005 215.4  5.7  3.6  2.1  36  76.1 1457.6 458  380  591  211  301  649  348
19 2006 219.0  3.6  2.7  0.9  24  49.1 1506.7 436  381  602  221  311  644  333
20 2007 221.7  2.7  2.1  0.6  22  37.4 1544.1 432  381  609  228  305  666  361
21 2008 224.1  2.4  1.5  0.9  37  33.6 1577.7 474  400  599  199  353  623  270
22 2009 226.8  2.7  1.8  0.9  33  38.2 1616.0 449  382  584  202  311  627  316
23 2010 229.8  3.0  2.7  0.3  10  43.0 1659.0 418  393  648  255  311  648  337
24 2011 232.8  3.0  2.1  0.9  30  43.6 1702.6 441  374  596  222  329  627  298
25 2012 236.1  3.3  2.4  0.9  27  48.6 1751.2 412  358  557  199  307  571  264
26 2013 239.1  3.0  1.8  1.2  40  44.8 1796.0 440  337  595  258  298  672  374
27 2014 242.1  3.0  2.1  0.9  30  45.4 1841.4 420  365  548  183  284  563  279
28 2015 245.1  3.0  1.5  1.5  50  45.9 1887.3 482  367  598  231  313  655  342

Core Length:  245.1 mm
Core Density: 402 kg/m3
Cross-sectional Density:  393 kg/m3
Early/Latewood Threshold: 500 kg/m3
Attenuation Constant: 3.05

ִִִִִִִִִִִִִִִִִִִִִִִִִִִִִִִִִִִִִִִִִִִִִִִִִִִִִִִִִִִִִִִִִִִִִִִִִִִִִִִ
Core : 24
ֲֲֲִִִִִִִִִִִִִִִִִִִִִִִִִִִִִִִִִִִִִִִִִִִִִִִִִִִִִִִִִִִִִִִִִִִִִִִִִִִִ
       ³Widths (mm)              ³ Areas    ³ Densities (kg/m3)
       ³                         ³ (cm‎)    ³
Ring   ³Outer Ring Erly Late   % ³Incr Total³Ring E/Wd L/Wd Unif  Min  Max  Rng
 # Year³ Rad.      Wood Wood  LW ³          ³mean mean mean
ֱֱֱִִִִִִִִִִִִִִִִִִִִִִִִִִִִִִִִִִִִִִִִִִִִִִִִִִִִִִִִִִִִִִִִִִִִִִִִִִִִ

 5 1992  31.3 31.3 20.4  0.9   2  30.8   30.8 359  351  532  181  288  538  250
 6 1993  54.1 22.8 22.2  0.6   2  61.2   91.9 355  351  508  157  276  515  239
 7 1994  74.2 20.1 18.6  1.5   7  81.0  173.0 382  367  566  199  310  604  294
 8 1995  93.4 19.2 16.5  2.7  14 101.1  274.1 392  370  527  157  291  577  286
 9 1996 109.0 15.6 14.4  1.2   7  99.2  373.3 379  365  540  175  279  569  290
10 1997 125.2 16.2 13.5  2.7  16 119.2  492.4 401  379  515  136  295  548  253
11 1998 132.7  7.5  7.2  0.3   3  60.8  553.2 371  365  503  138  302  503  201
12 1999 145.0 12.3 11.1  1.2   9 107.3  660.5 399  386  511  125  292  532  240
13 2000 155.2 10.2  8.4  1.8  17  96.2  756.7 402  367  566  199  301  618  317
14 2001 164.2  9.0  7.8  1.2  13  90.3  847.0 396  371  555  184  303  584  281
15 2002 172.3  8.1  7.5  0.6   7  85.6  932.7 390  377  556  179  293  580  287
16 2003 183.4 11.1  9.9  1.2  10 124.0 1056.7 405  387  560  173  320  593  273
17 2004 192.4  9.0  6.9  2.1  23 106.3 1162.9 417  375  557  182  309  594  285
18 2005 200.8  8.4  6.3  2.1  25 103.8 1266.7 425  382  553  171  293  629  336
19 2006 205.6  4.8  3.3  1.5  31  61.3 1328.0 425  355  579  224  311  656  345
20 2007 211.0  5.4  4.5  0.9  16  70.7 1398.7 420  387  583  196  304  684  380
21 2008 218.2  7.2  3.9  3.3  45  97.1 1495.8 470  372  586  214  322  628  306
22 2009 222.4  4.2  3.3  0.9  21  58.1 1553.9 434  395  576  181  317  609  292
23 2010 226.9  4.5  3.6  0.9  20  63.5 1617.4 438  401  585  184  328  625  297
24 2011 233.8  6.9  4.5  2.4  34  99.9 1717.3 448  402  533  131  361  579  218
25 2012 241.0  7.2  5.7  1.5  20 107.4 1824.7 428  397  545  148  322  579  257
26 2013 247.0  6.0  4.2  1.8  30  92.0 1916.7 412  358  540  182  329  611  282
27 2014 251.5  4.5  2.4  2.1  46  70.5 1987.1 444  364  536  172  288  568  280
28 2015 257.8  6.3  3.6  2.7  42 100.8 2087.9 443  362  551  189  277  597  320

Core Length:  247.8 mm
Core Density: 409 kg/m3
Cross-sectional Density:  411 kg/m3
Early/Latewood Threshold: 500 kg/m3
Attenuation Constant: 3.05

ִִִִִִִִִִִִִִִִִִִִִִִִִִִִִִִִִִִִִִִִִִִִִִִִִִִִִִִִִִִִִִִִִִִִִִִִִִִִִִִ
Core : 30
ֲֲֲִִִִִִִִִִִִִִִִִִִִִִִִִִִִִִִִִִִִִִִִִִִִִִִִִִִִִִִִִִִִִִִִִִִִִִִִִִִִ
       ³Widths (mm)              ³ Areas    ³ Densities (kg/m3)
       ³                         ³ (cm‎)    ³
Ring   ³Outer Ring Erly Late   % ³Incr Total³Ring E/Wd L/Wd Unif  Min  Max  Rng
 # Year³ Rad.      Wood Wood  LW ³          ³mean mean mean
ֱֱֱִִִִִִִִִִִִִִִִִִִִִִִִִִִִִִִִִִִִִִִִִִִִִִִִִִִִִִִִִִִִִִִִִִִִִִִִִִִִ

 3 1990  21.2 21.2 16.2  0.0   0  14.1   14.1 342  342    0    0  281  495  214
 4 1991  46.4 25.2 25.2  0.0   0  53.5   67.6 320  320    0    0  247  454  207
 5 1992  68.3 21.9 21.3  0.6   2  78.9  146.6 333  328  509  181  279  510  231
 6 1993  86.6 18.3 15.9  2.4  13  89.1  235.6 365  341  525  184  278  556  278
 7 1994 103.4 16.8 14.4  2.4  14 100.3  335.9 390  363  550  187  283  591  308
 8 1995 119.6 16.2 15.0  1.2   7 113.5  449.4 369  356  525  169  293  535  242
 9 1996 137.0 17.4 16.2  1.2   6 140.3  589.6 348  334  534  200  269  550  281
10 1997 151.1 14.1 13.8  0.3   2 127.6  717.3 361  357  516  159  285  516  231
11 1998 160.4  9.3  8.1  1.2  12  91.0  808.3 359  330  552  222  267  569  302
12 1999 168.2  7.8  7.2  0.6   7  80.5  888.8 361  348  523  175  295  525  230
13 2000 173.3  5.1  4.2  0.9  17  54.7  943.5 387  349  566  217  293  581  288
14 2001 178.1  4.8  3.9  0.9  18  53.0  996.5 401  358  584  226  325  620  295
15 2002 182.9  4.8  4.5  0.3   6  54.4 1050.9 364  349  594  245  282  594  312
16 2003 187.7  4.8  3.6  1.2  24  55.9 1106.8 403  360  532  172  323  589  266
17 2004 192.8  5.1  3.9  1.2  23  61.0 1167.8 396  344  567  223  290  621  331
18 2005 196.1  3.3  3.0  0.3   9  40.3 1208.1 371  355  533  178  286  533  247
19 2006 198.2  2.1  1.5  0.6  28  26.0 1234.1 412  348  572  224  294  574  280
20 2007 200.9  2.7  2.1  0.6  22  33.9 1268.0 410  372  541  169  304  555  251
21 2008 203.9  3.0  2.1  0.9  30  38.2 1306.1 425  364  568  204  312  583  271
22 2009 206.3  2.4  1.8  0.6  25  30.9 1337.1 395  346  542  196  296  568  272
23 2010 209.0  2.7  2.1  0.6  22  35.2 1372.3 409  361  575  214  297  617  320
24 2011 212.9  3.9  2.7  1.2  30  51.7 1424.0 419  349  577  228  303  616  313
25 2012 216.2  3.3  2.7  0.6  18  44.5 1468.5 374  336  542  206  291  576  285
26 2013 220.1  3.9  2.7  1.2  30  53.5 1521.9 416  333  603  270  284  655  371
27 2014 224.0  3.9  2.7  1.2  30  54.4 1576.3 395  322  558  236  273  598  325
28 2015 227.3  3.3  2.7  0.6  18  46.8 1623.1 396  348  611  263  307  614  307

Core Length:  222.3 mm
Core Density: 381 kg/m3
Cross-sectional Density:  375 kg/m3
Early/Latewood Threshold: 500 kg/m3
Attenuation Constant: 3.05

ִִִִִִִִִִִִִִִִִִִִִִִִִִִִִִִִִִִִִִִִִִִִִִִִִִִִִִִִִִִִִִִִִִִִִִִִִִִִִִִ
Core : 32
ֲֲֲִִִִִִִִִִִִִִִִִִִִִִִִִִִִִִִִִִִִִִִִִִִִִִִִִִִִִִִִִִִִִִִִִִִִִִִִִִִִ
       ³Widths (mm)              ³ Areas    ³ Densities (kg/m3)
       ³                         ³ (cm‎)    ³
Ring   ³Outer Ring Erly Late   % ³Incr Total³Ring E/Wd L/Wd Unif  Min  Max  Rng
 # Year³ Rad.      Wood Wood  LW ³          ³mean mean mean
ֱֱֱִִִִִִִִִִִִִִִִִִִִִִִִִִִִִִִִִִִִִִִִִִִִִִִִִִִִִִִִִִִִִִִִִִִִִִִִִִִִ

 1 1988   1.8  1.8  1.8  0.0   0   0.1    0.1 288  288    0    0  152  419  267
 2 1989   9.0  7.2  7.2  0.0   0   2.4    2.5 348  348    0    0  257  466  209
 3 1990  31.8 22.8 21.6  1.2   5  29.2   31.8 310  296  552  256  236  576  340
 4 1991  57.6 25.8 25.8  0.0   0  72.5  104.2 316  316    0    0  230  462  232
 5 1992  87.9 30.3 30.3  0.0   0 138.5  242.7 331  331    0    0  258  494  236
 6 1993 118.8 30.9 30.0  0.9   2 200.7  443.4 348  343  500  157  255  501  246
 7 1994 141.0 22.2 18.9  3.3  14 181.2  624.6 373  343  546  203  277  569  292
 8 1995 162.0 21.0 20.1  0.9   4 199.9  824.5 368  360  551  191  294  563  269
 9 1996 177.6 15.6 14.7  0.9   5 166.4  990.9 359  347  547  200  243  562  319
10 1997 192.6 15.0 12.9  2.1  14 174.5 1165.4 390  367  530  163  270  545  275
11 1998 200.1  7.5  6.6  0.9  12  92.5 1257.9 351  329  512  183  265  514  249
12 1999 208.8  8.7  8.4  0.3   3 111.8 1369.7 389  383  554  171  281  554  273
13 2000 213.9  5.1  4.2  0.9  17  67.7 1437.4 388  349  570  221  286  624  338
14 2001 218.7  4.8  3.9  0.9  18  65.2 1502.6 386  342  577  235  285  639  354
15 2002 222.3  3.6  2.4  1.2  33  49.9 1552.5 415  339  567  228  274  620  346
16 2003 227.1  4.8  3.6  1.2  24  67.8 1620.3 419  370  568  198  316  575  259
17 2004 231.3  4.2  3.3  0.9  21  60.5 1680.7 402  359  560  201  323  602  279
18 2005 234.9  3.6  3.0  0.6  16  52.7 1733.5 418  397  522  125  328  525  197
19 2006 237.3  2.4  1.5  0.9  37  35.6 1769.1 466  384  602  218  357  632  275
20 2007 238.8  1.5  0.9  0.6  40  22.4 1791.5 463  404  553  149  364  575  211
21 2008 240.3  1.5  1.5  0.0   0  22.6 1814.1 422  422    0    0  372  489  117
22 2009 241.5  1.2  0.6  0.6  49  18.2 1832.2 469  380  557  177  343  561  218
23 2010 243.3  1.8  1.2  0.6  33  27.4 1859.7 431  373  548  175  352  590  238
24 2011 244.8  1.5  1.2  0.3  20  23.0 1882.7 436  400  582  182  353  582  229
25 2012 246.6  1.8  1.2  0.6  33  27.8 1910.5 483  426  596  170  380  622  242
26 2013 248.4  1.8  1.5  0.3  16  28.0 1938.4 450  412  637  225  363  637  274
27 2014 251.7  3.3  1.8  1.5  45  51.8 1990.3 487  416  573  157  341  612  271
28 2015 254.7  3.0  1.8  1.2  40  47.7 2038.0 483  405  600  195  377  684  307

Core Length:  254.7 mm
Core Density: 399 kg/m3
Cross-sectional Density:  383 kg/m3
Early/Latewood Threshold: 500 kg/m3
Attenuation Constant: 3.05

ִִִִִִִִִִִִִִִִִִִִִִִִִִִִִִִִִִִִִִִִִִִִִִִִִִִִִִִִִִִִִִִִִִִִִִִִִִִִִִִ
Core : 40
ֲֲֲִִִִִִִִִִִִִִִִִִִִִִִִִִִִִִִִִִִִִִִִִִִִִִִִִִִִִִִִִִִִִִִִִִִִִִִִִִִִ
       ³Widths (mm)              ³ Areas    ³ Densities (kg/m3)
       ³                         ³ (cm‎)    ³
Ring   ³Outer Ring Erly Late   % ³Incr Total³Ring E/Wd L/Wd Unif  Min  Max  Rng
 # Year³ Rad.      Wood Wood  LW ³          ³mean mean mean
ֱֱֱִִִִִִִִִִִִִִִִִִִִִִִִִִִִִִִִִִִִִִִִִִִִִִִִִִִִִִִִִִִִִִִִִִִִִִִִִִִִ

 1 1988   2.1  2.1  2.1  0.0   0   0.1    0.1 345  345    0    0  257  461  204
 2 1989   9.0  6.9  6.9  0.0   0   2.4    2.5 351  351    0    0  260  465  205
 3 1990  24.6 15.6 15.0  0.6   3  16.5   19.0 376  371  502  131  299  502  203
 4 1991  48.9 24.3 24.0  0.3   1  56.1   75.1 341  339  501  162  244  501  257
 5 1992  75.0 26.1 25.2  0.9   3 101.6  176.7 345  338  550  212  265  561  296
 6 1993 103.2 28.2 27.3  0.9   3 157.9  334.6 363  359  504  145  241  507  266
 7 1994 129.6 26.4 24.3  2.1   7 193.1  527.7 370  354  562  208  269  586  317
 8 1995 150.6 21.0 20.1  0.9   4 184.9  712.5 373  366  528  162  303  537  234
 9 1996 167.7 17.1 16.2  0.9   5 171.0  883.5 356  347  519  172  289  527  238
10 1997 186.6 18.9 18.3  0.6   3 210.4 1093.9 377  372  521  149  290  522  232
11 1998 197.7 11.1 10.5  0.6   5 134.0 1227.9 342  331  531  200  276  534  258
12 1999 209.1 11.4 11.1  0.3   2 145.7 1373.6 341  337  506  169  275  506  231
13 2000 214.5  5.4  4.5  0.9  16  71.9 1445.5 370  338  526  188  289  551  262
14 2001 225.9 11.4  8.7  2.7  23 157.7 1603.2 411  368  549  181  307  620  313
15 2002 234.6  8.7  8.1  0.6   6 125.9 1729.0 377  360  593  233  277  612  335
16 2003 246.9 12.3 11.1  1.2   9 186.1 1915.1 404  387  556  169  316  584  268
17 2004 255.3  8.4  6.9  1.5  17 132.5 2047.6 381  348  532  184  306  551  245
18 2005 262.5  7.2  6.0  1.2  16 117.1 2164.8 403  374  545  171  325  586  261
19 2006 267.0  4.5  3.3  1.2  26  74.9 2239.6 416  353  588  235  304  616  312
20 2007 271.2  4.2  3.9  0.3   7  71.0 2310.6 414  394  666  272  307  666  359
21 2008 275.1  3.9  3.0  0.9  23  66.9 2377.6 446  402  594  192  340  612  272
22 2009 278.1  3.0  2.4  0.6  20  52.1 2429.7 426  390  572  182  339  614  275
23 2010 280.8  2.7  2.4  0.3  11  47.4 2477.1 397  375  576  201  333  576  243
24 2011 284.1  3.3  3.0  0.3   9  58.6 2535.7 385  371  530  159  308  530  222
25 2012 288.0  3.9  3.6  0.3   7  70.1 2605.8 385  368  584  216  291  584  293
26 2013 292.2  4.2  3.9  0.3   7  76.6 2682.3 361  342  616  274  294  616  322
27 2014 296.4  4.2  2.7  1.5  35  77.7 2760.0 405  336  530  194  294  549  255
28 2015 300.9  4.5  3.3  1.2  26  84.4 2844.4 411  348  586  238  300  622  322

Core Length:  300.9 mm
Core Density: 381 kg/m3
Cross-sectional Density:  380 kg/m3
Early/Latewood Threshold: 500 kg/m3
Attenuation Constant: 3.05

ִִִִִִִִִִִִִִִִִִִִִִִִִִִִִִִִִִִִִִִִִִִִִִִִִִִִִִִִִִִִִִִִִִִִִִִִִִִִִִִ
Core : 44
ֲֲֲִִִִִִִִִִִִִִִִִִִִִִִִִִִִִִִִִִִִִִִִִִִִִִִִִִִִִִִִִִִִִִִִִִִִִִִִִִִִ
       ³Widths (mm)              ³ Areas    ³ Densities (kg/m3)
       ³                         ³ (cm‎)    ³
Ring   ³Outer Ring Erly Late   % ³Incr Total³Ring E/Wd L/Wd Unif  Min  Max  Rng
 # Year³ Rad.      Wood Wood  LW ³          ³mean mean mean
ֱֱֱִִִִִִִִִִִִִִִִִִִִִִִִִִִִִִִִִִִִִִִִִִִִִִִִִִִִִִִִִִִִִִִִִִִִִִִִִִִִ

 3 1990  28.4 28.4 22.2  1.2   4  25.3   25.3 350  340  534  194  285  565  280
 4 1991  52.4 24.0 22.8  1.2   5  60.9   86.3 369  361  513  152  284  524  240
 5 1992  78.5 26.1 24.6  1.5   5 107.3  193.6 392  384  527  143  319  555  236
 6 1993  96.5 18.0 14.7  3.3  18  99.0  292.6 396  362  549  187  318  615  297
 7 1994 114.5 18.0 14.4  3.6  19 119.3  411.9 434  401  565  164  339  641  302
 8 1995 129.2 14.7 12.9  1.8  12 112.5  524.4 410  392  541  149  308  567  259
 9 1996 148.4 19.2 16.8  2.4  12 167.4  691.9 389  369  528  159  314  550  236
10 1997 161.9 13.5 11.1  2.4  17 131.6  823.5 403  376  528  152  309  575  266
11 1998 170.9  9.0  8.1  0.9  10  94.1  917.6 378  360  539  179  301  562  261
12 1999 182.6 11.7 10.5  1.2  10 129.9 1047.5 388  372  530  158  289  543  254
13 2000 191.3  8.7  5.7  3.0  34 102.2 1149.7 443  379  563  184  320  617  297
14 2001 202.4 11.1  8.4  2.7  24 137.3 1287.0 425  377  575  198  325  644  319
15 2002 211.7  9.3  7.8  1.5  16 121.0 1408.0 416  390  551  161  312  620  308
16 2003 221.0  9.3  8.4  0.9   9 126.4 1534.4 416  403  539  136  339  554  215
17 2004 225.8  4.8  3.0  1.8  37  67.4 1601.8 450  373  578  205  320  619  299
18 2005 230.6  4.8  3.9  0.9  18  68.8 1670.6 435  408  553  145  352  583  231
19 2006 235.4  4.8  3.0  1.8  37  70.3 1740.9 481  409  601  192  354  641  287
20 2007 238.1  2.7  1.8  0.9  33  40.2 1781.0 440  393  535  142  343  536  193
21 2008 240.2  2.1  1.2  0.9  42  31.6 1812.6 472  391  581  190  363  605  242
22 2009 241.4  1.2  0.9  0.3  25  18.2 1830.7 471  413  645  232  397  645  248
23 2010 242.3  0.9  0.6  0.3  33  13.7 1844.4 426  369  539  170  346  539  193

Core Length:  237.9 mm
Core Density: 418 kg/m3
Cross-sectional Density:  413 kg/m3
Early/Latewood Threshold: 500 kg/m3
Attenuation Constant: 3.05

ִִִִִִִִִִִִִִִִִִִִִִִִִִִִִִִִִִִִִִִִִִִִִִִִִִִִִִִִִִִִִִִִִִִִִִִִִִִִִִִ
Core : 46
ֲֲֲִִִִִִִִִִִִִִִִִִִִִִִִִִִִִִִִִִִִִִִִִִִִִִִִִִִִִִִִִִִִִִִִִִִִִִִִִִִִ
       ³Widths (mm)              ³ Areas    ³ Densities (kg/m3)
       ³                         ³ (cm‎)    ³
Ring   ³Outer Ring Erly Late   % ³Incr Total³Ring E/Wd L/Wd Unif  Min  Max  Rng
 # Year³ Rad.      Wood Wood  LW ³          ³mean mean mean
ֱֱֱִִִִִִִִִִִִִִִִִִִִִִִִִִִִִִִִִִִִִִִִִִִִִִִִִִִִִִִִִִִִִִִִִִִִִִִִִִִִ

 2 1990  21.6 21.6 18.6  0.0   0  14.7   14.7 308  308    0    0  249  480  231
 3 1991  46.5 24.9 24.9  0.0   0  53.3   67.9 310  310    0    0  223  428  205
 4 1992  70.8 24.3 23.7  0.6   2  89.5  157.5 300  295  505  210  240  508  268
 5 1993  98.4 27.6 27.6  0.0   0 146.7  304.2 323  323    0    0  251  455  204
 6 1994 120.6 22.2 20.1  2.1   9 152.7  456.9 358  339  544  205  239  592  353
 7 1995 146.1 25.5 24.6  0.9   3 213.7  670.6 347  341  520  179  261  545  284
 8 1996 163.5 17.4 17.1  0.3   1 169.2  839.8 327  324  504  180  261  504  243
 9 1997 178.8 15.3 15.3  0.0   0 164.5 1004.3 343  343    0    0  261  486  225
10 1998 187.8  9.0  9.0  0.0   0 103.7 1108.0 328  328    0    0  265  490  225
11 1999 198.6 10.8 10.5  0.3   2 131.1 1239.1 338  333  517  184  263  517  254
12 2000 208.2  9.6  8.7  0.9   9 122.7 1361.8 351  335  515  180  299  522  223
13 2001 216.0  7.8  6.9  0.9  11 103.9 1465.7 356  331  541  210  292  553  261
14 2002 221.4  5.4  4.8  0.6  11  74.2 1539.9 349  328  518  190  287  537  250
15 2003 227.7  6.3  6.3  0.0   0  88.9 1628.8 365  365    0    0  303  499  196
16 2004 233.1  5.4  4.8  0.6  11  78.2 1707.0 376  355  552  197  297  563  266
17 2005 238.2  5.1  4.8  0.3   5  75.5 1782.5 369  360  520  160  327  520  193
18 2006 241.5  3.3  3.0  0.3   9  49.7 1832.2 359  338  569  231  295  569  274
19 2007 244.5  3.0  2.7  0.3  10  45.8 1878.1 410  389  601  212  321  601  280
20 2008 248.4  3.9  3.0  0.9  23  60.4 1938.4 435  388  592  204  337  664  327
21 2009 252.0  3.6  3.0  0.6  16  56.6 1995.0 425  393  584  191  317  640  323
22 2010 255.9  3.9  3.3  0.6  15  62.2 2057.3 395  359  596  237  317  665  348
23 2011 259.8  3.9  3.0  0.9  23  63.2 2120.5 382  333  549  216  306  572  266
24 2012 262.5  2.7  2.7  0.0   0  44.3 2164.8 333  333    0    0  302  424  122
25 2013 263.4  0.9  0.9  0.0   0  14.9 2179.6 366  366    0    0  338  416   78
26 2014 264.0  0.6  0.6  0.0   0   9.9 2189.6 338  338    0    0  312  364   52
27 2015 264.6  0.6  0.6  0.0   0  10.0 2199.5 268  268    0    0  153  384  231

Core Length:  261.6 mm
Core Density: 352 kg/m3
Cross-sectional Density:  350 kg/m3
Early/Latewood Threshold: 500 kg/m3
Attenuation Constant: 3.05

