File : C:\DENSITOM\GLENGA~1\GLEN30.DAT
Cores :
25
27
29
33
36
38
44
51
57
59
67
71

ִִִִִִִִִִִִִִִִִִִִִִִִִִִִִִִִִִִִִִִִִִִִִִִִִִִִִִִִִִִִִִִִִִִִִִִִִִִִִִִ
Core : 25
ֲֲֲִִִִִִִִִִִִִִִִִִִִִִִִִִִִִִִִִִִִִִִִִִִִִִִִִִִִִִִִִִִִִִִִִִִִִִִִִִִִ
       ³Widths (mm)              ³ Areas    ³ Densities (kg/m3)
       ³                         ³ (cm‎)    ³
Ring   ³Outer Ring Erly Late   % ³Incr Total³Ring E/Wd L/Wd Unif  Min  Max  Rng
 # Year³ Rad.      Wood Wood  LW ³          ³mean mean mean
ֱֱֱִִִִִִִִִִִִִִִִִִִִִִִִִִִִִִִִִִִִִִִִִִִִִִִִִִִִִִִִִִִִִִִִִִִִִִִִִִִִ

 3 1990  26.9 26.9 16.8  2.1   7  22.7   22.7 392  372  550  178  321  593  272
 4 1991  45.8 18.9 15.9  3.0  15  43.2   65.9 401  372  556  184  307  614  307
 5 1992  56.6 10.8  8.7  2.1  19  34.7  100.6 418  379  581  202  320  630  310
 6 1993  71.6 15.0 12.0  3.0  19  60.4  161.1 411  369  581  212  303  721  418
 7 1994  80.9  9.3  8.1  1.2  12  44.6  205.6 433  409  601  192  364  679  315
 8 1995  88.4  7.5  5.1  2.4  32  39.9  245.5 458  405  570  165  364  628  264
 9 1996  98.0  9.6  7.5  2.1  21  56.2  301.7 427  389  562  173  314  650  336
10 1997 107.6  9.6  7.5  2.1  21  62.0  363.7 441  409  557  148  343  599  256
11 1998 113.3  5.7  4.8  0.9  15  39.6  403.3 404  367  603  236  321  687  366
12 1999 117.8  4.5  3.3  1.2  26  32.7  436.0 465  430  562  132  351  624  273
13 2000 121.1  3.3  2.4  0.9  27  24.8  460.7 466  416  599  183  379  633  254
14 2001 125.0  3.9  3.0  0.9  23  30.2  490.9 455  422  565  143  362  598  236
15 2002 128.6  3.6  1.8  1.8  50  28.7  519.6 497  396  598  202  343  681  338
16 2003 131.3  2.7  2.4  0.3  11  22.0  541.6 488  470  625  155  404  625  221
17 2004 134.3  3.0  2.1  0.9  30  25.0  566.6 454  395  592  197  344  631  287
18 2005 136.7  2.4  1.2  1.2  49  20.4  587.1 488  416  560  144  379  646  267
19 2006 139.4  2.7  1.2  1.5  55  23.4  610.5 500  379  597  218  351  660  309
20 2007 141.5  2.1  1.2  0.9  42  18.5  629.0 493  432  574  142  357  589  232
21 2008 143.3  1.8  1.2  0.6  33  16.1  645.1 470  408  595  187  354  642  288
22 2009 144.8  1.5  0.9  0.6  40  13.6  658.7 485  404  607  203  369  631  262
23 2010 146.3  1.5  0.9  0.6  40  13.7  672.4 495  408  625  217  388  675  287
24 2011 147.8  1.5  1.2  0.3  20  13.9  686.3 418  395  511  116  385  511  126
25 2012 149.6  1.8  1.5  0.3  16  16.8  703.1 417  399  509  110  342  509  167
26 2013 151.7  2.1  1.2  0.9  42  19.9  723.0 485  403  594  191  326  650  324
27 2014 155.0  3.3  1.5  1.8  54  31.8  754.8 486  388  568  180  339  637  298
28 2015 156.8  1.8  1.2  0.6  33  17.6  772.4 427  380  521  141  341  541  200

Core Length:  148.8 mm
Core Density: 452 kg/m3
Cross-sectional Density:  445 kg/m3
Early/Latewood Threshold: 500 kg/m3
Attenuation Constant: 3.05

ִִִִִִִִִִִִִִִִִִִִִִִִִִִִִִִִִִִִִִִִִִִִִִִִִִִִִִִִִִִִִִִִִִִִִִִִִִִִִִִ
Core : 27
ֲֲֲִִִִִִִִִִִִִִִִִִִִִִִִִִִִִִִִִִִִִִִִִִִִִִִִִִִִִִִִִִִִִִִִִִִִִִִִִִִִ
       ³Widths (mm)              ³ Areas    ³ Densities (kg/m3)
       ³                         ³ (cm‎)    ³
Ring   ³Outer Ring Erly Late   % ³Incr Total³Ring E/Wd L/Wd Unif  Min  Max  Rng
 # Year³ Rad.      Wood Wood  LW ³          ³mean mean mean
ֱֱֱִִִִִִִִִִִִִִִִִִִִִִִִִִִִִִִִִִִִִִִִִִִִִִִִִִִִִִִִִִִִִִִִִִִִִִִִִִִִ

 3 1990  17.4 17.4 13.8  0.6   3   9.5    9.5 342  334  518  184  268  536  268
 4 1991  36.3 18.9 18.0  0.9   4  31.9   41.4 332  323  515  192  259  530  271
 5 1992  50.1 13.8 12.0  1.8  13  37.5   78.9 346  317  534  217  250  598  348
 6 1993  66.0 15.9 14.4  1.5   9  58.0  136.8 361  342  543  201  291  576  285
 7 1994  75.9  9.9  8.1  1.8  18  44.1  181.0 395  347  613  266  282  672  390
 8 1995  84.3  8.4  7.8  0.6   7  42.3  223.3 381  369  538  169  312  552  240
 9 1996  93.9  9.6  8.7  0.9   9  53.7  277.0 365  347  544  197  274  569  295
10 1997 100.5  6.6  5.7  0.9  13  40.3  317.3 426  404  563  159  335  591  256
11 1998 104.7  4.2  4.2  0.0   0  27.1  344.4 375  375    0    0  320  475  155
12 1999 107.7  3.0  2.4  0.6  20  20.0  364.4 434  414  516  102  312  525  213
13 2000 109.8  2.1  1.5  0.6  28  14.3  378.8 461  426  548  122  371  589  218
14 2001 114.3  4.5  3.0  1.5  33  31.7  410.4 490  422  627  205  361  711  350
15 2002 118.8  4.5  2.7  1.8  40  33.0  443.4 482  399  608  209  334  743  409
16 2003 123.0  4.2  3.3  0.9  21  31.9  475.3 439  412  541  129  390  555  165
17 2004 126.0  3.0  2.1  0.9  30  23.5  498.8 469  411  605  194  387  661  274
18 2005 128.1  2.1  1.2  0.9  42  16.8  515.5 483  398  596  198  343  647  304
19 2006 130.2  2.1  1.2  0.9  42  17.0  532.6 484  418  572  154  375  604  229
20 2007 131.4  1.2  0.6  0.6  50   9.9  542.4 508  439  577  138  388  598  210
21 2008 132.6  1.2  0.6  0.6  50  10.0  552.4 515  419  611  192  392  679  287
22 2009 133.8  1.2  0.6  0.6  50  10.0  562.4 525  435  615  180  385  682  297
23 2010 135.0  1.2  0.6  0.6  50  10.1  572.6 501  446  557  111  443  572  129
24 2011 135.6  0.6  0.6  0.0   0   5.1  577.7 468  468    0    0  466  471    5
25 2012 136.2  0.6  0.3  0.3  49   5.1  582.8 482  440  525   85  440  525   85
26 2013 136.5  0.3  0.0  0.3 100   2.6  585.3 646    0  646  646  646  646    0
27 2014 136.8  0.3  0.3  0.0   0   2.6  587.9 456  456    0    0  456  456    0
28 2015 137.1  0.3  0.0  0.3  99   2.6  590.5 608    0  608  608  608  608    0

Core Length:  134.1 mm
Core Density: 452 kg/m3
Cross-sectional Density:  416 kg/m3
Early/Latewood Threshold: 500 kg/m3
Attenuation Constant: 3.05

ִִִִִִִִִִִִִִִִִִִִִִִִִִִִִִִִִִִִִִִִִִִִִִִִִִִִִִִִִִִִִִִִִִִִִִִִִִִִִִִ
Core : 29
ֲֲֲִִִִִִִִִִִִִִִִִִִִִִִִִִִִִִִִִִִִִִִִִִִִִִִִִִִִִִִִִִִִִִִִִִִִִִִִִִִִ
       ³Widths (mm)              ³ Areas    ³ Densities (kg/m3)
       ³                         ³ (cm‎)    ³
Ring   ³Outer Ring Erly Late   % ³Incr Total³Ring E/Wd L/Wd Unif  Min  Max  Rng
 # Year³ Rad.      Wood Wood  LW ³          ³mean mean mean
ֱֱֱִִִִִִִִִִִִִִִִִִִִִִִִִִִִִִִִִִִִִִִִִִִִִִִִִִִִִִִִִִִִִִִִִִִִִִִִִִִִ

 3 1990  31.7 31.7 22.5  1.2   3  31.6   31.6 352  343  520  177  291  552  261
 4 1991  55.1 23.4 23.4  0.0   0  63.8   95.4 367  367    0    0  294  474  180
 5 1992  72.8 17.7 15.3  2.4  13  71.1  166.5 386  363  535  172  297  556  259
 6 1993 100.4 27.6 25.2  2.4   8 150.2  316.7 370  354  538  184  285  583  298
 7 1994 119.9 19.5 16.2  3.3  16 135.0  451.6 406  372  574  202  302  632  330
 8 1995 135.2 15.3 13.2  2.1  13 122.6  574.3 413  390  557  167  321  586  265
 9 1996 149.3 14.1 12.6  1.5  10 126.0  700.3 380  362  538  176  288  572  284
10 1997 160.7 11.4  9.9  1.5  13 111.0  811.3 399  376  551  175  309  599  290
11 1998 167.3  6.6  6.0  0.6   9  68.0  879.3 369  350  556  206  304  568  264
12 1999 174.2  6.9  6.0  0.9  13  74.0  953.3 432  410  577  167  330  635  305
13 2000 180.2  6.0  5.1  0.9  15  66.8 1020.1 419  395  554  159  337  616  279
14 2001 186.2  6.0  4.2  1.8  30  69.1 1089.2 460  393  617  224  358  665  307
15 2002 191.6  5.4  4.2  1.2  22  64.1 1153.3 431  381  604  223  320  719  399
16 2003 198.2  6.6  4.5  2.1  31  80.8 1234.1 460  415  559  144  360  648  288
17 2004 203.3  5.1  3.6  1.5  29  64.3 1298.4 473  409  626  217  362  709  347
18 2005 206.6  3.3  2.1  1.2  36  42.5 1340.9 454  408  535  127  359  613  254
19 2006 209.3  2.7  1.2  1.5  55  35.3 1376.2 518  412  603  191  391  717  326
20 2007 212.6  3.3  1.5  1.8  54  43.7 1420.0 531  427  617  190  395  749  354
21 2008 215.9  3.3  2.4  0.9  27  44.4 1464.4 475  419  626  207  349  629  280
22 2009 218.0  2.1  1.8  0.3  14  28.6 1493.0 468  441  631  190  381  631  250
23 2010 220.1  2.1  1.8  0.3  14  28.9 1521.9 428  405  569  164  378  569  191
24 2011 221.3  1.2  1.2  0.0   0  16.6 1538.6 397  397    0    0  357  474  117
25 2012 222.8  1.5  0.9  0.6  40  20.9 1559.5 501  444  587  143  384  662  278
26 2013 224.9  2.1  1.2  0.9  42  29.5 1589.0 506  416  628  212  360  700  340
27 2014 228.8  3.9  1.5  2.4  61  55.6 1644.6 529  423  596  173  363  659  296
28 2015 232.4  3.6  2.4  1.2  33  52.2 1696.8 485  443  569  126  387  618  231

Core Length:  224.4 mm
Core Density: 438 kg/m3
Cross-sectional Density:  425 kg/m3
Early/Latewood Threshold: 500 kg/m3
Attenuation Constant: 3.05

ִִִִִִִִִִִִִִִִִִִִִִִִִִִִִִִִִִִִִִִִִִִִִִִִִִִִִִִִִִִִִִִִִִִִִִִִִִִִִִִ
Core : 33
ֲֲֲִִִִִִִִִִִִִִִִִִִִִִִִִִִִִִִִִִִִִִִִִִִִִִִִִִִִִִִִִִִִִִִִִִִִִִִִִִִִ
       ³Widths (mm)              ³ Areas    ³ Densities (kg/m3)
       ³                         ³ (cm‎)    ³
Ring   ³Outer Ring Erly Late   % ³Incr Total³Ring E/Wd L/Wd Unif  Min  Max  Rng
 # Year³ Rad.      Wood Wood  LW ³          ³mean mean mean
ֱֱֱִִִִִִִִִִִִִִִִִִִִִִִִִִִִִִִִִִִִִִִִִִִִִִִִִִִִִִִִִִִִִִִִִִִִִִִִִִִִ

 3 1990  24.5 24.5 14.1  2.4   9  18.9   18.9 404  377  562  185  332  604  272
 4 1991  44.0 19.5 17.7  1.8   9  42.0   60.8 392  378  525  147  317  551  234
 5 1992  55.7 11.7 10.2  1.5  12  36.6   97.5 412  390  561  171  327  585  258
 6 1993  75.2 19.5 15.9  3.6  18  80.2  177.7 414  386  539  153  325  582  257
 7 1994  87.8 12.6 11.1  1.5  11  64.5  242.2 428  406  588  182  351  677  326
 8 1995  98.0 10.2  9.9  0.3   2  59.5  301.7 409  405  512  107  331  512  181
 9 1996 107.9  9.9  9.6  0.3   3  64.0  365.8 381  376  527  151  305  527  222
10 1997 116.9  9.0  8.4  0.6   6  63.6  429.3 401  392  527  135  315  537  222
11 1998 122.6  5.7  4.8  0.9  15  42.9  472.2 389  360  546  186  332  560  228
12 1999 128.0  5.4  5.1  0.3   5  42.5  514.7 389  382  506  124  323  506  183
13 2000 131.6  3.6  2.7  0.9  24  29.4  544.1 431  391  550  159  339  595  256
14 2001 135.2  3.6  3.0  0.6  16  30.2  574.3 401  367  573  206  340  621  281
15 2002 137.9  2.7  2.1  0.6  22  23.2  597.4 454  428  547  119  360  593  233
16 2003 139.7  1.8  1.2  0.6  33  15.7  613.1 478  431  573  142  365  595  230
17 2004 143.3  3.6  2.1  1.5  41  32.0  645.1 502  421  615  194  379  720  341
18 2005 145.7  2.4  1.2  1.2  49  21.8  666.9 511  440  583  143  395  637  242
19 2006 148.1  2.4  1.2  1.2  50  22.2  689.1 495  387  604  217  344  645  301
20 2007 149.6  1.5  0.6  0.9  60  14.0  703.1 514  439  564  125  432  644  212
21 2008 151.1  1.5  0.9  0.6  40  14.2  717.3 481  404  598  194  382  612  230
22 2009 152.0  0.9  0.3  0.6  66   8.6  725.8 513  418  561  143  418  612  194
23 2010 152.9  0.9  0.6  0.3  33   8.6  734.5 490  442  588  146  409  588  179
24 2011 153.8  0.9  0.9  0.0   0   8.7  743.1 455  455    0    0  434  494   60
25 2012 154.7  0.9  0.6  0.3  33   8.7  751.8 457  409  554  145  402  554  152
26 2013 155.6  0.9  0.6  0.3  33   8.8  760.6 516  461  627  166  452  627  175
27 2014 156.8  1.2  0.3  0.9  75  11.8  772.4 524  398  566  168  398  596  198
28 2015 157.7  0.9  0.6  0.3  33   8.9  781.3 463  431  528   97  384  528  144

Core Length:  149.7 mm
Core Density: 450 kg/m3
Cross-sectional Density:  427 kg/m3
Early/Latewood Threshold: 500 kg/m3
Attenuation Constant: 3.05

ִִִִִִִִִִִִִִִִִִִִִִִִִִִִִִִִִִִִִִִִִִִִִִִִִִִִִִִִִִִִִִִִִִִִִִִִִִִִִִִ
Core : 36
ֲֲֲִִִִִִִִִִִִִִִִִִִִִִִִִִִִִִִִִִִִִִִִִִִִִִִִִִִִִִִִִִִִִִִִִִִִִִִִִִִִ
       ³Widths (mm)              ³ Areas    ³ Densities (kg/m3)
       ³                         ³ (cm‎)    ³
Ring   ³Outer Ring Erly Late   % ³Incr Total³Ring E/Wd L/Wd Unif  Min  Max  Rng
 # Year³ Rad.      Wood Wood  LW ³          ³mean mean mean
ֱֱֱִִִִִִִִִִִִִִִִִִִִִִִִִִִִִִִִִִִִִִִִִִִִִִִִִִִִִִִִִִִִִִִִִִִִִִִִִִִִ

 2 1989  18.5 18.5 13.5  0.0   0  10.8   10.8 313  313    0    0  257  402  145
 3 1990  32.9 14.4 14.4  0.0   0  23.3   34.0 326  326    0    0  268  478  210
 4 1991  56.6 23.7 23.7  0.0   0  66.6  100.6 305  305    0    0  248  434  186
 5 1992  70.7 14.1 13.5  0.6   4  56.4  157.0 322  313  518  205  240  524  284
 6 1993  95.3 24.6 24.6  0.0   0 128.3  285.3 314  314    0    0  254  481  227
 7 1994 110.3 15.0 14.1  0.9   6  96.9  382.2 357  346  522  176  270  535  265
 8 1995 122.3 12.0 11.4  0.6   5  87.7  469.9 353  345  515  170  289  528  239
 9 1996 133.1 10.8 10.2  0.6   5  86.7  556.6 323  309  550  241  233  554  321
10 1997 144.5 11.4 11.1  0.3   2  99.4  656.0 344  340  524  184  270  524  254
11 1998 150.8  6.3  6.0  0.3   4  58.4  714.4 319  307  556  249  265  556  291
12 1999 157.7  6.9  6.6  0.3   4  66.9  781.3 357  348  561  213  275  561  286
13 2000 162.2  4.5  4.2  0.3   6  45.2  826.5 368  354  556  202  293  556  263
14 2001 166.7  4.5  3.9  0.6  13  46.5  873.0 370  336  594  258  297  634  337
15 2002 170.0  3.3  2.4  0.9  27  34.9  907.9 419  361  573  212  297  617  320
16 2003 173.6  3.6  2.7  0.9  24  38.9  946.8 414  374  534  160  334  555  221
17 2004 177.2  3.6  3.0  0.6  16  39.7  986.5 400  377  518  141  340  533  193
18 2005 180.2  3.0  2.4  0.6  20  33.7 1020.1 441  408  573  165  348  613  265
19 2006 184.1  3.9  3.0  0.9  23  44.6 1064.8 415  371  563  192  285  573  288
20 2007 188.0  3.9  3.0  0.9  23  45.6 1110.4 442  395  598  203  329  649  320
21 2008 192.2  4.2  3.0  1.2  28  50.2 1160.5 420  371  543  172  326  576  250
22 2009 196.4  4.2  3.0  1.2  28  51.3 1211.8 429  387  533  146  320  567  247
23 2010 201.5  5.1  4.2  0.9  17  63.8 1275.6 413  380  566  186  317  610  293
24 2011 206.6  5.1  3.6  1.5  29  65.4 1340.9 435  374  582  208  329  639  310
25 2012 211.1  4.5  3.9  0.6  13  59.1 1400.0 430  407  581  174  343  607  264
26 2013 215.0  3.9  3.3  0.6  15  52.2 1452.2 413  390  539  149  325  578  253
27 2014 218.9  3.9  2.4  1.5  38  53.2 1505.4 440  381  535  154  353  564  211
28 2015 222.8  3.9  2.7  1.2  30  54.1 1559.5 457  392  604  212  326  647  321

Core Length:  217.8 mm
Core Density: 382 kg/m3
Cross-sectional Density:  376 kg/m3
Early/Latewood Threshold: 500 kg/m3
Attenuation Constant: 3.05

ִִִִִִִִִִִִִִִִִִִִִִִִִִִִִִִִִִִִִִִִִִִִִִִִִִִִִִִִִִִִִִִִִִִִִִִִִִִִִִִ
Core : 38
ֲֲֲִִִִִִִִִִִִִִִִִִִִִִִִִִִִִִִִִִִִִִִִִִִִִִִִִִִִִִִִִִִִִִִִִִִִִִִִִִִִ
       ³Widths (mm)              ³ Areas    ³ Densities (kg/m3)
       ³                         ³ (cm‎)    ³
Ring   ³Outer Ring Erly Late   % ³Incr Total³Ring E/Wd L/Wd Unif  Min  Max  Rng
 # Year³ Rad.      Wood Wood  LW ³          ³mean mean mean
ֱֱֱִִִִִִִִִִִִִִִִִִִִִִִִִִִִִִִִִִִִִִִִִִִִִִִִִִִִִִִִִִִִִִִִִִִִִִִִִִִִ

 3 1991  22.7 22.7 14.7  0.0   0  16.2   16.2 332  332    0    0  241  476  235
 4 1992  48.2 25.5 24.3  1.2   4  56.8   73.0 317  306  540  234  253  576  323
 5 1993  71.0 22.8 22.2  0.6   2  85.4  158.4 330  325  510  185  258  514  256
 6 1994  83.9 12.9 11.7  1.2   9  62.8  221.1 367  350  534  184  291  548  257
 7 1995 101.0 17.1 16.2  0.9   5  99.3  320.5 365  355  540  185  287  560  273
 8 1996 112.1 11.1 10.2  0.9   8  74.3  394.8 352  337  529  192  261  552  291
 9 1997 119.0  6.9  6.3  0.6   8  50.1  444.9 358  342  534  192  278  561  283
10 1998 123.8  4.8  4.8  0.0   0  36.6  481.5 317  317    0    0  249  445  196
11 1999 128.0  4.2  3.6  0.6  14  33.2  514.7 404  380  549  169  291  587  296
12 2000 131.0  3.0  3.0  0.0   0  24.4  539.1 343  343    0    0  291  452  161
13 2001 132.8  1.8  1.8  0.0   0  14.9  554.0 412  412    0    0  371  436   65
14 2002 134.3  1.5  1.5  0.0   0  12.6  566.6 400  400    0    0  322  466  144
15 2003 135.8  1.5  1.5  0.0   0  12.7  579.4 383  383    0    0  353  438   85
16 2004 137.3  1.5  1.5  0.0   0  12.9  592.2 435  435    0    0  402  476   74
17 2005 138.5  1.2  1.2  0.0   0  10.4  602.6 428  428    0    0  397  480   83
18 2006 139.7  1.2  1.2  0.0   0  10.5  613.1 411  411    0    0  375  444   69
19 2007 140.6  0.9  0.9  0.0   0   7.9  621.0 474  474    0    0  443  492   49
20 2008 141.2  0.6  0.6  0.0   0   5.3  626.4 463  463    0    0  448  478   30
21 2009 141.8  0.6  0.6  0.0   0   5.3  631.7 495  495    0    0  491  499    8
22 2010 142.7  0.9  0.9  0.0   0   8.0  639.7 475  475    0    0  447  497   50
23 2011 143.6  0.9  0.9  0.0   0   8.1  647.8 391  391    0    0  354  437   83
24 2012 144.5  0.9  0.9  0.0   0   8.1  656.0 398  398    0    0  394  402    8
25 2013 145.4  0.9  0.6  0.3  33   8.2  664.2 456  433  502   69  391  502  111
26 2014 146.3  0.9  0.6  0.3  33   8.2  672.4 472  431  554  123  388  554  166
27 2015 147.5  1.2  0.9  0.3  25  11.1  683.5 430  406  502   96  342  502  160

Core Length:  139.8 mm
Core Density: 400 kg/m3
Cross-sectional Density:  366 kg/m3
Early/Latewood Threshold: 500 kg/m3
Attenuation Constant: 3.05

ִִִִִִִִִִִִִִִִִִִִִִִִִִִִִִִִִִִִִִִִִִִִִִִִִִִִִִִִִִִִִִִִִִִִִִִִִִִִִִִ
Core : 44
ֲֲֲִִִִִִִִִִִִִִִִִִִִִִִִִִִִִִִִִִִִִִִִִִִִִִִִִִִִִִִִִִִִִִִִִִִִִִִִִִִִ
       ³Widths (mm)              ³ Areas    ³ Densities (kg/m3)
       ³                         ³ (cm‎)    ³
Ring   ³Outer Ring Erly Late   % ³Incr Total³Ring E/Wd L/Wd Unif  Min  Max  Rng
 # Year³ Rad.      Wood Wood  LW ³          ³mean mean mean
ֱֱֱִִִִִִִִִִִִִִִִִִִִִִִִִִִִִִִִִִִִִִִִִִִִִִִִִִִִִִִִִִִִִִִִִִִִִִִִִִִִ

 3 1990  22.2 22.2 15.3  0.9   4  15.5   15.5 329  318  518  200  259  542  283
 4 1991  46.2 24.0 24.0  0.0   0  51.6   67.1 330  330    0    0  264  499  235
 5 1992  60.6 14.4 12.3  2.1  14  48.3  115.4 365  336  535  199  267  551  284
 6 1993  83.4 22.8 21.6  1.2   5 103.1  218.5 320  308  543  235  234  552  318
 7 1994  99.9 16.5 13.5  3.0  18  95.0  313.5 384  342  574  232  270  629  359
 8 1995 113.7 13.8 11.4  2.4  17  92.6  406.1 386  352  552  200  295  646  351
 9 1996 128.4 14.7 12.3  2.4  16 111.8  517.9 374  342  536  194  253  569  316
10 1997 139.8 11.4 10.8  0.6   5  96.1  614.0 395  386  555  169  296  594  298
11 1998 145.8  6.0  6.0  0.0   0  53.8  667.8 326  326    0    0  257  412  155
12 1999 152.4  6.6  6.3  0.3   4  61.8  729.7 402  395  555  160  286  555  269
13 2000 156.3  3.9  3.6  0.3   7  37.8  767.5 402  386  598  212  290  598  308
14 2001 160.8  4.5  4.2  0.3   6  44.8  812.3 370  360  514  154  297  514  217
15 2002 164.7  3.9  3.3  0.6  15  39.9  852.2 391  366  526  160  299  546  247
16 2003 166.5  1.8  1.8  0.0   0  18.7  870.9 409  409    0    0  357  498  141
17 2004 168.9  2.4  1.8  0.6  24  25.3  896.2 409  364  543  179  314  557  243
18 2005 171.3  2.4  2.4  0.0   0  25.7  921.9 416  416    0    0  317  489  172
19 2006 173.4  2.1  1.2  0.9  42  22.7  944.6 439  377  521  144  341  555  214
20 2007 175.2  1.8  1.5  0.3  16  19.7  964.3 436  413  547  134  323  547  224
21 2008 176.4  1.2  0.9  0.3  25  13.3  977.6 435  409  512  103  354  512  158
22 2009 177.6  1.2  1.2  0.0   0  13.3  990.9 403  403    0    0  358  451   93
23 2010 178.8  1.2  0.9  0.3  25  13.4 1004.3 437  400  548  148  365  548  183
24 2011 180.9  2.1  1.2  0.9  42  23.7 1028.1 433  353  540  187  312  582  270
25 2012 183.3  2.4  1.8  0.6  25  27.5 1055.5 410  374  519  145  294  536  242
26 2013 185.7  2.4  2.1  0.3  12  27.8 1083.4 425  406  559  153  360  559  199
27 2014 187.2  1.5  1.5  0.0   0  17.6 1100.9 383  383    0    0  327  445  118
28 2015 188.4  1.2  0.9  0.3  25  14.2 1115.1 416  362  579  217  344  579  235

Core Length:  182.4 mm
Core Density: 393 kg/m3
Cross-sectional Density:  380 kg/m3
Early/Latewood Threshold: 500 kg/m3
Attenuation Constant: 3.05

ִִִִִִִִִִִִִִִִִִִִִִִִִִִִִִִִִִִִִִִִִִִִִִִִִִִִִִִִִִִִִִִִִִִִִִִִִִִִִִִ
Core : 51
ֲֲֲִִִִִִִִִִִִִִִִִִִִִִִִִִִִִִִִִִִִִִִִִִִִִִִִִִִִִִִִִִִִִִִִִִִִִִִִִִִִ
       ³Widths (mm)              ³ Areas    ³ Densities (kg/m3)
       ³                         ³ (cm‎)    ³
Ring   ³Outer Ring Erly Late   % ³Incr Total³Ring E/Wd L/Wd Unif  Min  Max  Rng
 # Year³ Rad.      Wood Wood  LW ³          ³mean mean mean
ֱֱֱִִִִִִִִִִִִִִִִִִִִִִִִִִִִִִִִִִִִִִִִִִִִִִִִִִִִִִִִִִִִִִִִִִִִִִִִִִִִ

 3 1990  20.8 20.8 16.2  0.6   2  13.6   13.6 329  322  509  187  272  512  240
 4 1991  44.2 23.4 23.4  0.0   0  47.8   61.4 340  340    0    0  275  479  204
 5 1992  60.1 15.9 14.4  1.5   9  52.1  113.5 368  354  507  153  285  515  230
 6 1993  89.5 29.4 29.4  0.0   0 138.2  251.6 341  341    0    0  264  488  224
 7 1994 105.4 15.9 13.8  2.1  13  97.4  349.0 385  359  552  193  288  591  303
 8 1995 118.3 12.9 12.0  0.9   6  90.7  439.7 383  371  536  165  313  556  243
 9 1996 126.4  8.1  7.8  0.3   3  62.3  501.9 354  348  507  159  289  507  218
10 1997 133.3  6.9  5.7  1.2  17  56.3  558.2 399  370  536  166  289  542  253
11 1998 139.3  6.0  5.4  0.6  10  51.4  609.6 377  354  588  234  304  596  292
12 1999 145.6  6.3  5.1  1.2  19  56.4  666.0 437  410  554  144  334  603  269
13 2000 149.5  3.9  3.3  0.6  15  36.2  702.2 425  395  589  194  333  628  295
14 2001 154.3  4.8  3.9  0.9  18  45.8  748.0 415  370  610  240  328  683  355
15 2002 159.1  4.8  3.9  0.9  18  47.3  795.2 442  402  614  212  326  690  364
16 2003 163.0  3.9  3.3  0.6  15  39.5  834.7 406  382  536  154  345  543  198
17 2004 166.3  3.3  2.7  0.6  18  34.1  868.8 430  386  628  242  357  640  283
18 2005 168.7  2.4  1.8  0.6  24  25.3  894.1 467  430  579  149  380  599  219
19 2006 169.9  1.2  1.2  0.0   0  12.8  906.9 434  434    0    0  397  488   91
20 2007 171.1  1.2  0.9  0.3  25  12.9  919.7 461  436  537  101  396  537  141
21 2008 172.3  1.2  0.9  0.3  25  12.9  932.7 448  418  540  122  400  540  140
22 2009 173.2  0.9  0.6  0.3  33   9.8  942.4 489  450  569  119  437  569  132
23 2010 174.4  1.2  0.9  0.3  25  13.1  955.5 464  427  575  148  406  575  169
24 2011 175.6  1.2  1.2  0.0   0  13.2  968.7 417  417    0    0  399  441   42
25 2012 176.8  1.2  0.9  0.3  25  13.3  982.0 450  410  569  159  389  569  180
26 2013 178.0  1.2  0.9  0.3  25  13.4  995.4 446  402  580  178  399  580  181
27 2014 179.2  1.2  0.9  0.3  24  13.5 1008.8 470  429  594  165  393  594  201
28 2015 180.7  1.5  0.6  0.9  60  17.0 1025.8 489  415  539  124  397  592  195

Core Length:  176.7 mm
Core Density: 417 kg/m3
Cross-sectional Density:  395 kg/m3
Early/Latewood Threshold: 500 kg/m3
Attenuation Constant: 3.05

ִִִִִִִִִִִִִִִִִִִִִִִִִִִִִִִִִִִִִִִִִִִִִִִִִִִִִִִִִִִִִִִִִִִִִִִִִִִִִִִ
Core : 57
ֲֲֲִִִִִִִִִִִִִִִִִִִִִִִִִִִִִִִִִִִִִִִִִִִִִִִִִִִִִִִִִִִִִִִִִִִִִִִִִִִִ
       ³Widths (mm)              ³ Areas    ³ Densities (kg/m3)
       ³                         ³ (cm‎)    ³
Ring   ³Outer Ring Erly Late   % ³Incr Total³Ring E/Wd L/Wd Unif  Min  Max  Rng
 # Year³ Rad.      Wood Wood  LW ³          ³mean mean mean
ֱֱֱִִִִִִִִִִִִִִִִִִִִִִִִִִִִִִִִִִִִִִִִִִִִִִִִִִִִִִִִִִִִִִִִִִִִִִִִִִִִ

 3 1990  42.7 42.7 17.7  0.0   0  57.3   57.3 344  344    0    0  275  498  223
 4 1991  64.6 21.9 20.4  1.5   6  73.8  131.1 362  351  517  166  286  535  249
 5 1992  79.0 14.4 13.8  0.6   4  65.0  196.1 373  367  518  151  305  534  229
 6 1993 100.6 21.6 20.4  1.2   5 121.9  317.9 350  339  538  199  271  551  280
 7 1994 113.8 13.2 11.4  1.8  13  88.9  406.9 396  373  544  171  291  579  288
 8 1995 125.5 11.7 10.2  1.5  12  88.0  494.8 425  405  559  154  321  602  281
 9 1996 139.3 13.8 12.9  0.9   6 114.8  609.6 379  368  526  158  280  532  252
10 1997 152.2 12.9 10.8  2.1  16 118.1  727.7 406  381  537  156  310  555  245
11 1998 159.7  7.5  7.2  0.3   4  73.5  801.2 355  347  560  213  290  560  270
12 1999 166.9  7.2  6.3  0.9  12  73.9  875.1 403  387  515  128  310  523  213
13 2000 170.8  3.9  3.6  0.3   7  41.4  916.5 393  381  538  157  309  538  229
14 2001 175.0  4.2  3.3  0.9  21  45.6  962.1 389  343  559  216  302  600  298
15 2002 178.0  3.0  2.4  0.6  20  33.3  995.4 441  401  600  199  323  635  312
16 2003 182.5  4.5  3.3  1.2  26  51.0 1046.3 442  402  553  151  313  575  262
17 2004 187.3  4.8  2.7  2.1  43  55.8 1102.1 461  384  561  177  341  613  272
18 2005 192.4  5.1  2.7  2.4  47  60.8 1162.9 473  382  576  194  344  665  321
19 2006 196.9  4.5  2.4  2.1  46  55.0 1218.0 466  371  575  204  330  619  289
20 2007 200.5  3.6  1.8  1.8  50  44.9 1262.9 494  399  589  190  351  678  327
21 2008 203.5  3.0  1.8  1.2  40  38.1 1301.0 457  394  550  156  334  602  268
22 2009 205.0  1.5  0.9  0.6  40  19.3 1320.3 471  415  555  140  382  565  183
23 2010 206.5  1.5  1.5  0.0   0  19.4 1339.6 403  403    0    0  359  427   68
24 2011 208.0  1.5  1.2  0.3  20  19.5 1359.2 445  425  527  102  391  527  136
25 2012 208.9  0.9  0.9  0.0   0  11.8 1371.0 412  412    0    0  377  472   95
26 2013 209.5  0.6  0.6  0.0   0   7.9 1378.9 425  425    0    0  375  476  101
27 2014 210.7  1.2  0.9  0.3  24  15.8 1394.7 430  394  540  146  342  540  198
28 2015 212.2  1.5  1.5  0.0   0  19.9 1414.6 403  403    0    0  319  488  169

Core Length:  187.2 mm
Core Density: 415 kg/m3
Cross-sectional Density:  404 kg/m3
Early/Latewood Threshold: 500 kg/m3
Attenuation Constant: 3.05

ִִִִִִִִִִִִִִִִִִִִִִִִִִִִִִִִִִִִִִִִִִִִִִִִִִִִִִִִִִִִִִִִִִִִִִִִִִִִִִִ
Core : 59
ֲֲֲִִִִִִִִִִִִִִִִִִִִִִִִִִִִִִִִִִִִִִִִִִִִִִִִִִִִִִִִִִִִִִִִִִִִִִִִִִִִ
       ³Widths (mm)              ³ Areas    ³ Densities (kg/m3)
       ³                         ³ (cm‎)    ³
Ring   ³Outer Ring Erly Late   % ³Incr Total³Ring E/Wd L/Wd Unif  Min  Max  Rng
 # Year³ Rad.      Wood Wood  LW ³          ³mean mean mean
ֱֱֱִִִִִִִִִִִִִִִִִִִִִִִִִִִִִִִִִִִִִִִִִִִִִִִִִִִִִִִִִִִִִִִִִִִִִִִִִִִִ

 1 1989  14.1 14.1 14.1  0.0   0   6.2    6.2 341  341    0    0  267  481  214
 2 1990  36.3 22.2 21.9  0.3   1  35.2   41.4 304  301  536  235  247  536  289
 3 1991  52.8 16.5 15.9  0.6   3  46.2   87.6 348  342  514  172  254  526  272
 4 1992  62.1  9.3  9.0  0.3   3  33.6  121.2 330  323  534  211  269  534  265
 5 1993  75.0 12.9 12.3  0.6   4  55.6  176.7 338  328  543  215  262  566  304
 6 1994  85.2 10.2  8.4  1.8  17  51.3  228.0 406  359  627  268  293  681  388
 7 1995  91.8  6.6  5.7  0.9  13  36.7  264.7 395  368  570  202  322  604  282
 8 1996 100.8  9.0  8.4  0.6   6  54.5  319.2 360  347  550  203  276  582  306
 9 1997 109.2  8.4  6.6  1.8  21  55.4  374.6 400  360  548  188  269  606  337
10 1998 114.9  5.7  5.4  0.3   5  40.1  414.8 345  331  584  253  260  584  324
11 1999 119.4  4.5  3.9  0.6  13  33.1  447.9 403  381  551  170  293  594  301
12 2000 123.6  4.2  3.6  0.6  14  32.1  479.9 399  378  524  146  314  530  216
13 2001 127.5  3.9  3.3  0.6  15  30.8  510.7 368  332  567  235  291  591  300
14 2002 130.8  3.3  3.0  0.3   9  26.8  537.5 381  358  618  260  290  618  328
15 2003 134.1  3.3  3.0  0.3   9  27.5  564.9 389  375  526  151  317  526  209
16 2004 138.0  3.9  3.0  0.9  23  33.3  598.3 395  347  554  207  298  582  284
17 2005 141.3  3.3  3.0  0.3   9  29.0  627.2 395  378  568  190  289  568  279
18 2006 143.4  2.1  1.8  0.3  14  18.8  646.0 377  354  512  158  308  512  204
19 2007 145.2  1.8  1.2  0.6  33  16.3  662.3 424  355  562  207  289  621  332
20 2008 147.3  2.1  1.5  0.6  28  19.3  681.6 448  382  612  230  302  622  320
21 2009 149.7  2.4  1.8  0.6  24  22.4  704.0 442  397  576  179  301  580  279
22 2010 151.8  2.1  1.8  0.3  14  19.9  723.9 432  399  631  232  329  631  302
23 2011 154.5  2.7  2.4  0.3  11  26.0  749.9 373  350  560  210  304  560  256
24 2012 157.2  2.7  2.4  0.3  11  26.4  776.3 395  382  503  121  293  503  210
25 2013 159.9  2.7  2.1  0.6  22  26.9  803.2 392  340  576  236  283  609  326
26 2014 162.6  2.7  1.5  1.2  44  27.4  830.6 429  343  536  193  284  562  278
27 2015 165.9  3.3  2.1  1.2  36  34.1  864.7 446  376  568  192  302  619  317

Core Length:  165.9 mm
Core Density: 387 kg/m3
Cross-sectional Density:  383 kg/m3
Early/Latewood Threshold: 500 kg/m3
Attenuation Constant: 3.05

ִִִִִִִִִִִִִִִִִִִִִִִִִִִִִִִִִִִִִִִִִִִִִִִִִִִִִִִִִִִִִִִִִִִִִִִִִִִִִִִ
Core : 67
ֲֲֲִִִִִִִִִִִִִִִִִִִִִִִִִִִִִִִִִִִִִִִִִִִִִִִִִִִִִִִִִִִִִִִִִִִִִִִִִִִִ
       ³Widths (mm)              ³ Areas    ³ Densities (kg/m3)
       ³                         ³ (cm‎)    ³
Ring   ³Outer Ring Erly Late   % ³Incr Total³Ring E/Wd L/Wd Unif  Min  Max  Rng
 # Year³ Rad.      Wood Wood  LW ³          ³mean mean mean
ֱֱֱִִִִִִִִִִִִִִִִִִִִִִִִִִִִִִִִִִִִִִִִִִִִִִִִִִִִִִִִִִִִִִִִִִִִִִִִִִִִ

 3 1990  30.3 30.3 16.5  1.8   5  28.8   28.8 355  333  550  217  276  604  328
 4 1991  52.2 21.9 20.7  1.2   5  56.8   85.6 357  347  523  176  286  542  256
 5 1992  66.9 14.7 13.5  1.2   8  55.0  140.6 390  377  532  155  319  578  259
 6 1993  86.4 19.5 16.2  3.3  16  93.9  234.5 396  364  554  190  306  605  299
 7 1994 103.2 16.8 13.2  3.6  21 100.1  334.6 446  404  601  197  340  694  354
 8 1995 116.7 13.5  9.9  3.6  26  93.3  427.9 445  402  563  161  341  648  307
 9 1996 129.6 12.9 12.0  0.9   6  99.8  527.7 388  376  551  175  301  571  270
10 1997 143.4 13.8 11.4  2.4  17 118.4  646.0 419  386  574  188  306  618  312
11 1998 152.1  8.7  7.5  1.2  13  80.8  726.8 393  369  547  178  299  653  354
12 1999 160.5  8.4  6.6  1.8  21  82.5  809.3 410  376  536  160  284  556  272
13 2000 166.2  5.7  4.5  1.2  21  58.5  867.8 415  368  593  225  269  678  409
14 2001 172.5  6.3  5.1  1.2  19  67.0  934.8 415  363  633  270  297  676  379
15 2002 177.0  4.5  3.6  0.9  20  49.4  984.2 389  341  582  241  282  630  348
16 2003 182.1  5.1  3.6  1.5  29  57.5 1041.8 420  370  540  170  291  558  267
17 2004 186.3  4.2  3.3  0.9  21  48.6 1090.4 412  361  597  236  304  643  339
18 2005 190.2  3.9  3.0  0.9  23  46.1 1136.5 426  382  572  190  310  608  298
19 2006 192.6  2.4  1.8  0.6  25  28.9 1165.4 396  351  531  180  286  559  273
20 2007 194.4  1.8  1.2  0.6  33  21.9 1187.3 419  361  535  174  316  547  231
21 2008 196.5  2.1  1.8  0.3  14  25.8 1213.0 403  373  583  210  313  583  270
22 2009 198.0  1.5  0.9  0.6  40  18.6 1231.6 432  350  555  205  329  565  236
23 2010 200.4  2.4  2.1  0.3  12  30.0 1261.7 391  364  578  214  312  578  266
24 2011 202.8  2.4  1.8  0.6  25  30.4 1292.1 404  352  559  207  298  618  320
25 2012 205.2  2.4  2.4  0.0   0  30.8 1322.8 374  374    0    0  286  469  183
26 2013 207.0  1.8  1.8  0.0   0  23.3 1346.1 377  377    0    0  299  477  178
27 2014 208.8  1.8  1.2  0.6  33  23.5 1369.7 414  339  565  226  294  568  274
28 2015 210.6  1.8  1.5  0.3  16  23.7 1393.4 406  366  602  236  290  602  312

Core Length:  198.6 mm
Core Density: 403 kg/m3
Cross-sectional Density:  406 kg/m3
Early/Latewood Threshold: 500 kg/m3
Attenuation Constant: 3.05

ִִִִִִִִִִִִִִִִִִִִִִִִִִִִִִִִִִִִִִִִִִִִִִִִִִִִִִִִִִִִִִִִִִִִִִִִִִִִִִִ
Core : 71
ֲֲֲִִִִִִִִִִִִִִִִִִִִִִִִִִִִִִִִִִִִִִִִִִִִִִִִִִִִִִִִִִִִִִִִִִִִִִִִִִִִ
       ³Widths (mm)              ³ Areas    ³ Densities (kg/m3)
       ³                         ³ (cm‎)    ³
Ring   ³Outer Ring Erly Late   % ³Incr Total³Ring E/Wd L/Wd Unif  Min  Max  Rng
 # Year³ Rad.      Wood Wood  LW ³          ³mean mean mean
ֱֱֱִִִִִִִִִִִִִִִִִִִִִִִִִִִִִִִִִִִִִִִִִִִִִִִִִִִִִִִִִִִִִִִִִִִִִִִִִִִִ

 1 1989  12.6 12.6 11.4  1.2   9   5.0    5.0 399  385  530  145  249  588  339
 2 1990  33.3 20.7 18.6  2.1  10  29.8   34.8 403  384  572  188  346  624  278
 3 1991  51.6 18.3 17.1  1.2   6  48.8   83.6 404  397  513  116  338  538  200
 4 1992  65.1 13.5 11.4  2.1  15  49.5  133.1 399  372  544  172  309  597  288
 5 1993  87.6 22.5 21.3  1.2   5 107.9  241.1 362  353  533  180  301  560  259
 6 1994  99.3 11.7 10.8  0.9   7  68.7  309.8 375  357  585  228  271  623  352
 7 1995 106.8  7.5  6.3  1.2  16  48.6  358.3 414  389  547  158  330  573  243
 8 1996 111.9  5.1  4.8  0.3   5  35.0  393.4 354  344  515  171  302  515  213
 9 1997 115.2  3.3  3.0  0.3   9  23.5  416.9 406  393  535  142  332  535  203
10 1998 119.4  4.2  2.4  1.8  42  31.0  447.9 460  379  568  189  308  643  335
11 1999 123.0  3.6  3.0  0.6  16  27.4  475.3 420  389  574  185  319  604  285
12 2000 125.7  2.7  1.2  1.5  55  21.1  496.4 483  401  549  148  332  589  257
13 2001 128.1  2.4  1.2  1.2  49  19.1  515.5 479  401  557  156  378  570  192
14 2002 130.8  2.7  1.5  1.2  44  22.0  537.5 475  410  556  146  357  618  261
15 2003 132.9  2.1  1.5  0.6  28  17.4  554.9 477  420  622  202  373  632  259
16 2004 134.1  1.2  0.6  0.6  50  10.1  564.9 516  468  564   96  437  600  163
17 2005 135.0  0.9  0.9  0.0   0   7.6  572.6 464  464    0    0  456  476   20
18 2006 136.2  1.2  0.9  0.3  24  10.2  582.8 472  416  640  224  354  640  286
19 2007 137.4  1.2  0.6  0.6  50  10.3  593.1 492  403  582  179  379  587  208
20 2008 138.6  1.2  0.6  0.6  50  10.4  603.5 525  441  609  168  433  631  198
21 2009 139.2  0.6  0.3  0.3  49   5.2  608.7 539  433  646  213  433  646  213
22 2010 140.1  0.9  0.3  0.6  66   7.9  616.6 509  453  537   84  453  559  106
23 2011 140.7  0.6  0.3  0.3  49   5.3  621.9 525  470  581  111  470  581  111
24 2012 141.3  0.6  0.0  0.6 100   5.3  627.2 521    0  521  521  509  533   24
25 2013 142.2  0.9  0.6  0.3  33   8.0  635.3 475  462  503   41  451  503   52
26 2014 143.4  1.2  0.9  0.3  25  10.8  646.0 476  447  561  114  432  561  129
27 2015 144.0  0.6  0.6  0.0   0   5.4  651.4 390  390    0    0  304  476  172

Core Length:  144.0 mm
Core Density: 452 kg/m3
Cross-sectional Density:  417 kg/m3
Early/Latewood Threshold: 500 kg/m3
Attenuation Constant: 3.05

