File : C:\DENSITOM\GLENGA~1\GLEN45.DAT
Cores :
3
14
18
19
20
24
28
32
33
35
38
44
49

ִִִִִִִִִִִִִִִִִִִִִִִִִִִִִִִִִִִִִִִִִִִִִִִִִִִִִִִִִִִִִִִִִִִִִִִִִִִִִִִ
Core : 3
ֲֲֲִִִִִִִִִִִִִִִִִִִִִִִִִִִִִִִִִִִִִִִִִִִִִִִִִִִִִִִִִִִִִִִִִִִִִִִִִִִִ
       ³Widths (mm)              ³ Areas    ³ Densities (kg/m3)
       ³                         ³ (cm‎)    ³
Ring   ³Outer Ring Erly Late   % ³Incr Total³Ring E/Wd L/Wd Unif  Min  Max  Rng
 # Year³ Rad.      Wood Wood  LW ³          ³mean mean mean
ֱֱֱִִִִִִִִִִִִִִִִִִִִִִִִִִִִִִִִִִִִִִִִִִִִִִִִִִִִִִִִִִִִִִִִִִִִִִִִִִִִ

 2 1989  11.9 11.9  9.9  0.0   0   4.4    4.4 347  347    0    0  281  472  191
 3 1990  30.2 18.3 17.1  1.2   6  24.2   28.7 348  335  533  198  280  566  286
 4 1991  50.6 20.4 19.8  0.6   2  51.8   80.4 348  343  502  159  296  503  207
 5 1992  68.3 17.7 17.7  0.0   0  66.1  146.6 326  326    0    0  276  469  193
 6 1993  77.9  9.6  8.7  0.9   9  44.1  190.6 373  350  589  239  284  622  338
 7 1994  89.9 12.0 10.5  1.5  12  63.3  253.9 402  383  535  152  331  552  221
 8 1995 104.9 15.0 14.1  0.9   6  91.8  345.7 379  365  594  229  303  618  315
 9 1996 124.1 19.2 17.1  2.1  10 138.1  483.8 381  358  569  211  299  605  306
10 1997 142.1 18.0 15.9  2.1  11 150.5  634.4 395  377  532  155  313  596  283
11 1998 151.1  9.0  9.0  0.0   0  82.9  717.3 351  351    0    0  301  471  170
12 1999 161.6 10.5  9.9  0.6   5 103.1  820.4 370  358  562  204  300  586  286
13 2000 171.2  9.6  7.5  2.1  21 100.4  920.8 402  366  533  167  310  571  261
14 2001 179.0  7.8  6.0  1.8  23  85.8 1006.6 412  362  580  218  328  640  312
15 2002 185.6  6.6  5.4  1.2  18  75.6 1082.2 397  360  568  208  302  613  311
16 2003 197.9 12.3 11.1  1.2   9 148.2 1230.4 429  414  567  153  342  659  317
17 2004 208.1 10.2  9.6  0.6   5 130.1 1360.5 391  379  582  203  332  605  273
18 2005 216.5  8.4  7.5  0.9  10 112.0 1472.5 395  377  549  172  308  573  265
19 2006 221.0  4.5  3.9  0.6  13  61.9 1534.4 401  373  581  208  321  584  263
20 2007 225.8  4.8  3.9  0.9  18  67.4 1601.8 433  400  574  174  336  636  300
21 2008 231.2  5.4  4.2  1.2  22  77.5 1679.3 419  381  550  169  324  585  261
22 2009 235.1  3.9  2.7  1.2  30  57.1 1736.4 440  383  569  186  332  602  270
23 2010 240.5  5.4  4.2  1.2  22  80.7 1817.1 438  393  595  202  332  632  300
24 2011 246.8  6.3  5.4  0.9  14  96.4 1913.6 411  388  552  164  325  614  289
25 2012 251.9  5.1  4.5  0.6  11  79.9 1993.5 412  388  598  210  337  603  266
26 2013 255.2  3.3  2.4  0.9  27  52.6 2046.0 458  408  589  181  375  637  262
27 2014 259.4  4.2  2.4  1.8  42  67.9 2113.9 471  399  567  168  363  643  280
28 2015 265.4  6.0  4.2  1.8  30  98.9 2212.8 468  426  566  140  395  656  261

Core Length:  263.4 mm
Core Density: 399 kg/m3
Cross-sectional Density:  403 kg/m3
Early/Latewood Threshold: 500 kg/m3
Attenuation Constant: 3.05

ִִִִִִִִִִִִִִִִִִִִִִִִִִִִִִִִִִִִִִִִִִִִִִִִִִִִִִִִִִִִִִִִִִִִִִִִִִִִִִִ
Core : 14
ֲֲֲִִִִִִִִִִִִִִִִִִִִִִִִִִִִִִִִִִִִִִִִִִִִִִִִִִִִִִִִִִִִִִִִִִִִִִִִִִִִ
       ³Widths (mm)              ³ Areas    ³ Densities (kg/m3)
       ³                         ³ (cm‎)    ³
Ring   ³Outer Ring Erly Late   % ³Incr Total³Ring E/Wd L/Wd Unif  Min  Max  Rng
 # Year³ Rad.      Wood Wood  LW ³          ³mean mean mean
ֱֱֱִִִִִִִִִִִִִִִִִִִִִִִִִִִִִִִִִִִִִִִִִִִִִִִִִִִִִִִִִִִִִִִִִִִִִִִִִִִִ

 3 1990  23.9 23.9 18.3  0.6   2  17.9   17.9 343  338  509  171  298  515  217
 4 1991  51.8 27.9 25.8  2.1   7  66.4   84.3 335  321  514  193  240  524  284
 5 1992  72.2 20.4 19.8  0.6   2  79.5  163.8 409  405  525  120  330  533  203
 6 1993  90.5 18.3 14.4  3.9  21  93.5  257.3 434  403  549  146  336  622  286
 7 1994 103.4 12.9 10.5  2.4  18  78.6  335.9 441  411  575  164  356  645  289
 8 1995 118.1 14.7 12.6  2.1  14 102.3  438.2 397  376  523  147  266  547  281
 9 1996 131.9 13.8 12.3  1.5  10 108.4  546.6 391  371  551  180  268  590  322
10 1997 146.0 14.1  9.6  4.5  31 123.1  669.7 432  380  544  164  285  599  314
11 1998 155.0  9.0  8.7  0.3   3  85.1  754.8 351  345  513  168  265  513  248
12 1999 163.1  8.1  5.7  2.4  29  80.9  835.7 440  400  536  136  302  573  271
13 2000 170.3  7.2  5.7  1.5  20  75.4  911.1 425  387  573  186  324  619  295
14 2001 176.6  6.3  4.5  1.8  28  68.7  979.8 455  390  618  228  313  664  351
15 2002 182.3  5.7  5.1  0.6  10  64.3 1044.1 414  400  534  134  308  546  238
16 2003 188.0  5.7  3.0  2.7  47  66.3 1110.4 465  386  553  167  346  600  254
17 2004 194.6  6.6  4.5  2.1  31  79.3 1189.7 438  367  589  222  304  630  326
18 2005 202.7  8.1  5.7  2.4  29 101.1 1290.8 446  388  583  195  291  639  348
19 2006 207.5  4.8  3.0  1.8  37  61.9 1352.7 437  352  578  226  295  648  353
20 2007 211.1  3.6  2.1  1.5  41  47.3 1400.0 461  393  555  162  334  632  298
21 2008 215.6  4.5  2.7  1.8  40  60.3 1460.3 473  384  608  224  318  669  351
22 2009 220.1  4.5  2.1  2.4  53  61.6 1521.9 497  395  586  191  353  676  323
23 2010 224.9  4.8  3.0  1.8  37  67.1 1589.0 465  394  583  189  338  669  331
24 2011 228.8  3.9  2.4  1.5  38  55.6 1644.6 477  403  596  193  355  656  301
25 2012 232.7  3.9  2.7  1.2  30  56.5 1701.2 454  398  581  183  342  643  301
26 2013 235.7  3.0  2.1  0.9  30  44.1 1745.3 459  390  622  232  344  671  327
27 2014 238.1  2.4  1.2  1.2  50  35.7 1781.0 476  386  566  180  366  628  262
28 2015 240.2  2.1  0.9  1.2  57  31.6 1812.6 532  452  593  141  431  680  249

Core Length:  235.2 mm
Core Density: 436 kg/m3
Cross-sectional Density:  432 kg/m3
Early/Latewood Threshold: 500 kg/m3
Attenuation Constant: 3.05

ִִִִִִִִִִִִִִִִִִִִִִִִִִִִִִִִִִִִִִִִִִִִִִִִִִִִִִִִִִִִִִִִִִִִִִִִִִִִִִִ
Core : 18
ֲֲֲִִִִִִִִִִִִִִִִִִִִִִִִִִִִִִִִִִִִִִִִִִִִִִִִִִִִִִִִִִִִִִִִִִִִִִִִִִִִ
       ³Widths (mm)              ³ Areas    ³ Densities (kg/m3)
       ³                         ³ (cm‎)    ³
Ring   ³Outer Ring Erly Late   % ³Incr Total³Ring E/Wd L/Wd Unif  Min  Max  Rng
 # Year³ Rad.      Wood Wood  LW ³          ³mean mean mean
ֱֱֱִִִִִִִִִִִִִִִִִִִִִִִִִִִִִִִִִִִִִִִִִִִִִִִִִִִִִִִִִִִִִִִִִִִִִִִִִִִִ

 3 1990  18.7 18.7 13.8  0.9   4  11.0   11.0 336  325  514  189  263  522  259
 4 1991  39.1 20.4 20.4  0.0   0  37.0   48.0 335  335    0    0  255  486  231
 5 1992  58.9 19.8 19.8  0.0   0  61.0  109.0 333  333    0    0  273  498  225
 6 1993  69.7 10.8  9.3  1.5  13  43.6  152.6 402  374  575  201  320  596  276
 7 1994  82.6 12.9 10.5  2.4  18  61.7  214.3 413  377  569  192  299  637  338
 8 1995 101.5 18.9 17.1  1.8   9 109.3  323.7 365  346  554  208  279  583  304
 9 1996 120.1 18.6 16.8  1.8   9 129.5  453.1 367  344  578  234  285  605  320
10 1997 137.5 17.4 13.8  3.6  20 140.8  594.0 399  362  542  180  314  581  267
11 1998 147.4  9.9  9.0  0.9   9  88.6  682.6 369  350  553  203  304  623  319
12 1999 160.6 13.2 12.3  0.9   6 127.7  810.3 387  375  553  178  308  607  299
13 2000 170.2  9.6  7.2  2.4  24  99.8  910.1 396  352  526  174  305  545  240
14 2001 180.1  9.9  6.9  3.0  30 108.9 1019.0 423  361  565  204  326  636  310
15 2002 187.6  7.5  6.6  0.9  12  86.6 1105.6 404  378  590  212  321  606  285
16 2003 197.2  9.6  8.7  0.9   9 116.1 1221.7 417  404  547  143  346  587  241
17 2004 206.5  9.3  8.1  1.2  12 117.9 1339.6 399  378  541  163  321  582  261
18 2005 214.3  7.8  6.6  1.2  15 103.1 1442.8 401  371  567  196  316  587  271
19 2006 219.4  5.1  4.2  0.9  17  69.5 1512.2 405  369  569  200  333  611  278
20 2007 223.3  3.9  3.6  0.3   7  54.2 1566.5 413  396  613  217  324  613  289
21 2008 227.8  4.5  3.6  0.9  20  63.8 1630.3 444  410  583  173  356  621  265
22 2009 231.4  3.6  2.4  1.2  33  51.9 1682.2 465  403  590  187  375  680  305
23 2010 235.0  3.6  2.7  0.9  24  52.7 1734.9 441  389  596  207  345  706  361
24 2011 238.0  3.0  2.4  0.6  20  44.6 1779.5 413  369  591  222  340  621  281
25 2012 241.3  3.3  2.7  0.6  18  49.7 1829.2 415  387  538  151  322  563  241
26 2013 243.4  2.1  1.5  0.6  28  32.0 1861.2 413  343  590  247  320  640  320
27 2014 245.8  2.4  1.5  0.9  37  36.9 1898.1 431  355  557  202  312  609  297
28 2015 248.2  2.4  1.5  0.9  37  37.2 1935.3 454  370  593  223  356  668  312

Core Length:  244.2 mm
Core Density: 401 kg/m3
Cross-sectional Density:  399 kg/m3
Early/Latewood Threshold: 500 kg/m3
Attenuation Constant: 3.05

ִִִִִִִִִִִִִִִִִִִִִִִִִִִִִִִִִִִִִִִִִִִִִִִִִִִִִִִִִִִִִִִִִִִִִִִִִִִִִִִ
Core : 19
ֲֲֲִִִִִִִִִִִִִִִִִִִִִִִִִִִִִִִִִִִִִִִִִִִִִִִִִִִִִִִִִִִִִִִִִִִִִִִִִִִִ
       ³Widths (mm)              ³ Areas    ³ Densities (kg/m3)
       ³                         ³ (cm‎)    ³
Ring   ³Outer Ring Erly Late   % ³Incr Total³Ring E/Wd L/Wd Unif  Min  Max  Rng
 # Year³ Rad.      Wood Wood  LW ³          ³mean mean mean
ֱֱֱִִִִִִִִִִִִִִִִִִִִִִִִִִִִִִִִִִִִִִִִִִִִִִִִִִִִִִִִִִִִִִִִִִִִִִִִִִִִ

 3 1990  18.2 18.2 15.6  0.6   3  10.4   10.4 370  364  532  168  308  551  243
 4 1991  46.4 28.2 28.2  0.0   0  57.2   67.6 358  358    0    0  281  457  176
 5 1992  82.4 36.0 27.6  8.4  23 145.7  213.3 441  407  551  144  333  637  304
 6 1993  94.1 11.7  7.5  4.2  35  64.9  278.2 467  421  547  126  397  590  193
 7 1994 107.3 13.2  9.6  3.6  27  83.5  361.7 469  429  576  147  385  648  263
 8 1995 120.8 13.5 12.0  1.5  11  96.7  458.4 431  420  518   98  354  547  193
 9 1996 131.3 10.5  9.6  0.9   8  83.2  541.6 418  404  570  166  322  614  292
10 1997 141.2  9.9  7.5  2.4  24  84.8  626.4 446  406  571  165  346  615  269
11 1998 145.4  4.2  3.9  0.3   7  37.8  664.2 414  401  581  180  342  581  239
12 1999 151.7  6.3  4.5  1.8  28  58.8  723.0 450  404  564  160  357  600  243
13 2000 155.9  4.2  3.3  0.9  21  40.6  763.6 457  412  621  209  350  667  317
14 2001 160.1  4.2  3.0  1.2  28  41.7  805.3 453  398  591  193  349  660  311
15 2002 163.4  3.3  2.4  0.9  27  33.5  838.8 439  381  594  213  326  641  315
16 2003 167.0  3.6  2.4  1.2  33  37.4  876.2 448  401  542  141  343  574  231
17 2004 170.0  3.0  1.8  1.2  40  31.8  907.9 498  416  620  204  363  643  280
18 2005 172.7  2.7  2.1  0.6  22  29.1  937.0 469  428  612  184  363  632  269
19 2006 174.8  2.1  0.9  1.2  57  22.9  959.9 514  416  587  171  400  624  224
20 2007 177.2  2.4  1.2  1.2  49  26.5  986.5 505  423  586  163  375  696  321
21 2008 179.9  2.7  1.2  1.5  55  30.3 1016.7 520  430  593  163  404  651  247
22 2009 183.2  3.3  1.5  1.8  54  37.6 1054.4 497  411  569  158  377  669  292
23 2010 187.1  3.9  2.7  1.2  30  45.4 1099.8 485  422  626  204  360  652  292
24 2011 190.1  3.0  2.4  0.6  20  35.6 1135.3 437  399  587  188  371  613  242
25 2012 193.1  3.0  2.1  0.9  30  36.1 1171.4 459  417  558  141  343  610  267
26 2013 198.2  5.1  2.1  3.0  58  62.7 1234.1 512  418  578  160  373  685  312
27 2014 201.8  3.6  1.5  2.1  58  45.2 1279.4 488  404  549  145  358  608  250
28 2015 206.0  4.2  1.8  2.4  57  53.8 1333.2 497  405  566  161  363  629  266

Core Length:  204.0 mm
Core Density: 459 kg/m3
Cross-sectional Density:  455 kg/m3
Early/Latewood Threshold: 500 kg/m3
Attenuation Constant: 3.05

ִִִִִִִִִִִִִִִִִִִִִִִִִִִִִִִִִִִִִִִִִִִִִִִִִִִִִִִִִִִִִִִִִִִִִִִִִִִִִִִ
Core : 20
ֲֲֲִִִִִִִִִִִִִִִִִִִִִִִִִִִִִִִִִִִִִִִִִִִִִִִִִִִִִִִִִִִִִִִִִִִִִִִִִִִִ
       ³Widths (mm)              ³ Areas    ³ Densities (kg/m3)
       ³                         ³ (cm‎)    ³
Ring   ³Outer Ring Erly Late   % ³Incr Total³Ring E/Wd L/Wd Unif  Min  Max  Rng
 # Year³ Rad.      Wood Wood  LW ³          ³mean mean mean
ֱֱֱִִִִִִִִִִִִִִִִִִִִִִִִִִִִִִִִִִִִִִִִִִִִִִִִִִִִִִִִִִִִִִִִִִִִִִִִִִִִ

 1 1989  10.2 10.2  9.6  0.6   5   3.3    3.3 358  347  529  182  211  544  333
 2 1990  30.0 19.8 18.0  1.8   9  25.0   28.3 354  337  525  188  274  557  283
 3 1991  57.6 27.6 27.6  0.0   0  76.0  104.2 360  360    0    0  285  491  206
 4 1992  89.1 31.5 30.9  0.6   1 145.2  249.4 351  348  508  160  289  512  223
 5 1993 119.4 30.3 27.0  3.3  10 198.5  447.9 366  344  545  201  282  583  301
 6 1994 140.1 20.7 18.9  1.8   8 168.8  616.6 385  369  549  180  295  580  285
 7 1995 159.9 19.8 18.9  0.9   4 186.6  803.2 386  378  553  175  298  585  287
 8 1996 174.0 14.1 13.5  0.6   4 147.9  951.1 367  359  533  174  266  555  289
 9 1997 186.6 12.6 10.8  1.8  14 142.7 1093.9 399  377  530  153  294  540  246
10 1998 192.9  6.3  6.3  0.0   0  75.1 1169.0 366  366    0    0  308  487  179
11 1999 198.9  6.0  6.0  0.0   0  73.9 1242.9 369  369    0    0  296  466  170
12 2000 205.2  6.3  4.8  1.5  23  80.0 1322.8 435  391  577  186  329  616  287
13 2001 209.7  4.5  3.9  0.6  13  58.7 1381.5 414  389  575  186  351  617  266
14 2002 213.6  3.9  3.3  0.6  15  51.9 1433.4 444  416  597  181  359  626  267
15 2003 218.7  5.1  4.5  0.6  11  69.3 1502.6 437  425  529  104  389  555  166
16 2004 223.5  4.8  3.6  1.2  24  66.7 1569.3 433  388  565  177  356  595  239
17 2005 225.6  2.1  2.1  0.0   0  29.6 1598.9 388  388    0    0  341  459  118
18 2006 228.0  2.4  2.1  0.3  12  34.2 1633.1 421  408  510  102  375  510  135
19 2007 229.8  1.8  1.5  0.3  16  25.9 1659.0 396  371  521  150  355  521  166
20 2008 231.6  1.8  1.8  0.0   0  26.1 1685.1 428  428    0    0  378  463   85
21 2009 233.1  1.5  1.2  0.3  20  21.9 1707.0 469  439  591  152  394  591  197
22 2010 234.6  1.5  1.2  0.3  20  22.0 1729.0 459  430  575  145  399  575  176
23 2011 235.8  1.2  0.9  0.3  25  17.7 1746.8 461  427  562  135  386  562  176
24 2012 237.3  1.5  1.2  0.3  20  22.3 1769.1 442  409  577  168  385  577  192
25 2013 238.8  1.5  0.9  0.6  40  22.4 1791.5 462  403  550  147  361  599  238
26 2014 240.6  1.8  1.2  0.6  33  27.1 1818.6 459  393  590  197  346  600  254
27 2015 242.4  1.8  0.9  0.9  49  27.3 1845.9 462  373  551  178  343  578  235

Core Length:  243.6 mm
Core Density: 410 kg/m3
Cross-sectional Density:  393 kg/m3
Early/Latewood Threshold: 500 kg/m3
Attenuation Constant: 3.05

ִִִִִִִִִִִִִִִִִִִִִִִִִִִִִִִִִִִִִִִִִִִִִִִִִִִִִִִִִִִִִִִִִִִִִִִִִִִִִִִ
Core : 24
ֲֲֲִִִִִִִִִִִִִִִִִִִִִִִִִִִִִִִִִִִִִִִִִִִִִִִִִִִִִִִִִִִִִִִִִִִִִִִִִִִִ
       ³Widths (mm)              ³ Areas    ³ Densities (kg/m3)
       ³                         ³ (cm‎)    ³
Ring   ³Outer Ring Erly Late   % ³Incr Total³Ring E/Wd L/Wd Unif  Min  Max  Rng
 # Year³ Rad.      Wood Wood  LW ³          ³mean mean mean
ֱֱֱִִִִִִִִִִִִִִִִִִִִִִִִִִִִִִִִִִִִִִִִִִִִִִִִִִִִִִִִִִִִִִִִִִִִִִִִִִִִ

 3 1990  28.8 28.8 20.4  2.4   8  26.1   26.1 365  342  560  218  275  622  347
 4 1991  53.4 24.6 23.1  1.5   6  63.5   89.6 344  331  552  221  283  573  290
 5 1992  73.5 20.1 19.2  0.9   4  80.1  169.7 352  342  559  217  285  616  331
 6 1993  88.5 15.0 12.3  2.7  18  76.3  246.1 391  353  566  213  294  670  376
 7 1994 103.5 15.0 12.6  2.4  15  90.5  336.5 405  368  598  230  313  658  345
 8 1995 121.2 17.7 16.5  1.2   6 124.9  461.5 365  351  556  205  266  586  320
 9 1996 139.8 18.6 17.7  0.9   4 152.5  614.0 350  341  533  192  285  573  288
10 1997 156.9 17.1 14.1  3.0  17 159.4  773.4 385  359  511  152  310  528  218
11 1998 167.7 10.8  9.3  1.5  13 110.1  883.5 361  335  524  189  297  551  254
12 1999 181.8 14.1 13.5  0.6   4 154.8 1038.3 371  363  551  188  310  585  275
13 2000 190.5  8.7  7.8  0.9  10 101.8 1140.1 385  370  516  146  309  525  216
14 2001 198.0  7.5  6.0  1.5  20  91.5 1231.6 408  367  573  206  310  607  297
15 2002 204.9  6.9  5.7  1.2  17  87.3 1319.0 400  367  556  189  308  579  271
16 2003 213.9  9.0  7.2  1.8  20 118.4 1437.4 398  368  518  150  307  543  236
17 2004 220.8  6.9  5.7  1.2  17  94.2 1531.6 391  359  547  188  315  577  262
18 2005 227.4  6.6  5.1  1.5  22  92.9 1624.5 405  369  528  159  310  545  235
19 2006 231.9  4.5  4.2  0.3   6  64.9 1689.5 394  378  615  237  309  615  306
20 2007 235.8  3.9  3.3  0.6  15  57.3 1746.8 410  385  544  159  297  569  272
21 2008 240.6  4.8  3.6  1.2  24  71.8 1818.6 426  388  540  152  336  562  226
22 2009 245.1  4.5  3.3  1.2  26  68.7 1887.3 450  405  572  167  341  628  287
23 2010 249.6  4.5  3.9  0.6  13  69.9 1957.2 408  379  596  217  332  609  277
24 2011 254.7  5.1  4.2  0.9  17  80.8 2038.0 407  377  546  169  326  571  245
25 2012 259.5  4.8  3.9  0.9  18  77.5 2115.6 422  398  528  130  315  551  236
26 2013 264.3  4.8  3.0  1.8  37  79.0 2194.5 462  379  601  222  325  649  324
27 2014 272.4  8.1  5.1  3.0  37 136.6 2331.1 456  406  542  136  315  591  276
28 2015 280.2  7.8  5.1  2.7  34 135.4 2466.5 455  393  573  180  329  641  312

Core Length:  274.2 mm
Core Density: 398 kg/m3
Cross-sectional Density:  398 kg/m3
Early/Latewood Threshold: 500 kg/m3
Attenuation Constant: 3.05

ִִִִִִִִִִִִִִִִִִִִִִִִִִִִִִִִִִִִִִִִִִִִִִִִִִִִִִִִִִִִִִִִִִִִִִִִִִִִִִִ
Core : 28
ֲֲֲִִִִִִִִִִִִִִִִִִִִִִִִִִִִִִִִִִִִִִִִִִִִִִִִִִִִִִִִִִִִִִִִִִִִִִִִִִִִ
       ³Widths (mm)              ³ Areas    ³ Densities (kg/m3)
       ³                         ³ (cm‎)    ³
Ring   ³Outer Ring Erly Late   % ³Incr Total³Ring E/Wd L/Wd Unif  Min  Max  Rng
 # Year³ Rad.      Wood Wood  LW ³          ³mean mean mean
ֱֱֱִִִִִִִִִִִִִִִִִִִִִִִִִִִִִִִִִִִִִִִִִִִִִִִִִִִִִִִִִִִִִִִִִִִִִִִִִִִִ

 3 1990  31.5 31.5 21.6  0.9   2  31.2   31.2 355  347  534  187  306  541  235
 4 1991  57.3 25.8 24.6  1.2   4  72.0  103.1 354  345  520  175  297  525  228
 5 1992  94.5 37.2 31.8  5.4  14 177.4  280.6 389  357  574  217  293  636  343
 6 1993 111.9 17.4 13.2  4.2  24 112.8  393.4 442  406  555  149  371  619  248
 7 1994 125.1 13.2 12.3  0.9   6  98.3  491.7 414  406  526  120  338  546  208
 8 1995 134.4  9.3  8.7  0.6   6  75.8  567.5 391  381  541  160  307  562  255
 9 1996 144.9 10.5  9.3  1.2  11  92.1  659.6 418  404  527  123  313  556  243
10 1997 151.8  6.9  6.3  0.6   8  64.3  723.9 383  371  512  141  307  523  216
11 1998 159.6  7.8  7.8  0.0   0  76.3  800.2 386  386    0    0  300  490  190
12 1999 163.8  4.2  3.6  0.6  14  42.7  842.9 375  348  532  184  315  533  218
13 2000 167.7  3.9  3.3  0.6  15  40.6  883.5 368  336  543  207  283  547  264
14 2001 171.6  3.9  2.7  1.2  30  41.6  925.1 432  375  561  186  286  610  324
15 2002 180.6  9.0  6.6  2.4  26  99.6 1024.7 438  401  539  138  345  602  257
16 2003 187.2  6.6  4.8  1.8  27  76.3 1100.9 417  377  523  146  302  557  255
17 2004 192.6  5.4  3.9  1.5  27  64.4 1165.4 430  381  555  174  334  609  275
18 2005 195.3  2.7  2.1  0.6  22  32.9 1198.3 418  379  556  177  315  574  259
19 2006 198.9  3.6  2.4  1.2  33  44.6 1242.9 461  406  570  164  348  630  282
20 2007 202.2  3.3  2.4  0.9  27  41.6 1284.4 441  397  559  162  337  576  239
21 2008 204.9  2.7  1.8  0.9  33  34.5 1319.0 444  382  566  184  329  601  272
22 2009 207.9  3.0  2.4  0.6  20  38.9 1357.9 451  422  568  146  342  605  263
23 2010 210.6  2.7  2.1  0.6  22  35.5 1393.4 422  390  536  146  342  564  222
24 2011 213.6  3.0  2.7  0.3  10  40.0 1433.4 412  397  540  143  340  540  200
25 2012 215.4  1.8  1.2  0.6  33  24.3 1457.6 432  369  556  187  333  572  239
26 2013 217.8  2.4  1.5  0.9  37  32.7 1490.3 446  382  551  169  343  598  255
27 2014 218.7  0.9  0.9  0.0   0  12.3 1502.6 402  402    0    0  380  440   60
28 2015 219.0  0.3  0.3  0.0   0   4.1 1506.7 374  374    0    0  374  374    0

Core Length:  210.0 mm
Core Density: 411 kg/m3
Cross-sectional Density:  410 kg/m3
Early/Latewood Threshold: 500 kg/m3
Attenuation Constant: 3.05

ִִִִִִִִִִִִִִִִִִִִִִִִִִִִִִִִִִִִִִִִִִִִִִִִִִִִִִִִִִִִִִִִִִִִִִִִִִִִִִִ
Core : 32
ֲֲֲִִִִִִִִִִִִִִִִִִִִִִִִִִִִִִִִִִִִִִִִִִִִִִִִִִִִִִִִִִִִִִִִִִִִִִִִִִִִ
       ³Widths (mm)              ³ Areas    ³ Densities (kg/m3)
       ³                         ³ (cm‎)    ³
Ring   ³Outer Ring Erly Late   % ³Incr Total³Ring E/Wd L/Wd Unif  Min  Max  Rng
 # Year³ Rad.      Wood Wood  LW ³          ³mean mean mean
ֱֱֱִִִִִִִִִִִִִִִִִִִִִִִִִִִִִִִִִִִִִִִִִִִִִִִִִִִִִִִִִִִִִִִִִִִִִִִִִִִִ

 2 1990  17.1 17.1 15.0  2.1  12   9.2    9.2 393  371  547  176  305  592  287
 3 1991  36.9 19.8 18.6  1.2   6  33.6   42.8 366  357  515  158  278  532  254
 4 1992  57.3 20.4 19.5  0.9   4  60.4  103.1 370  362  531  169  309  554  245
 5 1993  72.9 15.6 13.5  2.1  13  63.8  167.0 378  352  546  194  300  613  313
 6 1994  88.5 15.6 13.2  2.4  15  79.1  246.1 411  382  570  188  320  627  307
 7 1995 105.3 16.8 15.0  1.8  10 102.3  348.3 396  377  559  182  300  625  325
 8 1996 120.3 15.0 13.5  1.5  10 106.3  454.7 399  384  536  152  323  549  226
 9 1997 135.3 15.0 12.6  2.4  16 120.4  575.1 406  375  566  191  312  610  298
10 1998 144.6  9.3  8.4  0.9   9  81.8  656.9 394  381  517  136  319  521  202
11 1999 156.6 12.0 11.1  0.9   7 113.5  770.4 398  387  539  152  316  563  247
12 2000 165.0  8.4  7.2  1.2  14  84.9  855.3 408  385  549  164  322  570  248
13 2001 174.0  9.0  6.9  2.1  23  95.9  951.1 421  372  579  207  331  641  310
14 2002 180.9  6.9  4.5  2.4  34  76.9 1028.1 438  369  567  198  330  664  334
15 2003 190.5  9.6  7.2  2.4  25 112.0 1140.1 441  404  549  145  363  614  251
16 2004 198.6  8.1  6.6  1.5  18  99.0 1239.1 411  379  555  176  316  599  283
17 2005 205.2  6.6  5.7  0.9  13  83.7 1322.8 413  391  551  160  334  583  249
18 2006 209.7  4.5  4.2  0.3   6  58.7 1381.5 407  397  551  154  327  551  224
19 2007 213.3  3.6  2.7  0.9  25  47.8 1429.3 446  404  573  169  339  623  284
20 2008 216.9  3.6  3.0  0.6  16  48.7 1478.0 438  417  544  127  359  566  207
21 2009 219.9  3.0  2.1  0.9  30  41.2 1519.1 464  413  583  170  373  664  291
22 2010 224.1  4.2  3.0  1.2  28  58.6 1577.7 449  395  583  188  352  657  305
23 2011 228.0  3.9  3.6  0.3   7  55.4 1633.1 402  386  599  213  321  599  278
24 2012 230.4  2.4  2.1  0.3  12  34.6 1667.7 417  404  509  105  340  509  169
25 2013 233.4  3.0  2.4  0.6  20  43.7 1711.4 423  380  595  215  341  602  261
26 2014 236.1  2.7  1.5  1.2  44  39.8 1751.2 461  389  550  161  334  563  229
27 2015 239.7  3.6  2.4  1.2  33  53.8 1805.0 457  398  574  176  272  618  346

Core Length:  239.7 mm
Core Density: 415 kg/m3
Cross-sectional Density:  414 kg/m3
Early/Latewood Threshold: 500 kg/m3
Attenuation Constant: 3.05

ִִִִִִִִִִִִִִִִִִִִִִִִִִִִִִִִִִִִִִִִִִִִִִִִִִִִִִִִִִִִִִִִִִִִִִִִִִִִִִִ
Core : 33
ֲֲֲִִִִִִִִִִִִִִִִִִִִִִִִִִִִִִִִִִִִִִִִִִִִִִִִִִִִִִִִִִִִִִִִִִִִִִִִִִִִ
       ³Widths (mm)              ³ Areas    ³ Densities (kg/m3)
       ³                         ³ (cm‎)    ³
Ring   ³Outer Ring Erly Late   % ³Incr Total³Ring E/Wd L/Wd Unif  Min  Max  Rng
 # Year³ Rad.      Wood Wood  LW ³          ³mean mean mean
ֱֱֱִִִִִִִִִִִִִִִִִִִִִִִִִִִִִִִִִִִִִִִִִִִִִִִִִִִִִִִִִִִִִִִִִִִִִִִִִִִִ

 1 1989   4.5  4.5  4.5  0.0   0   0.6    0.6 374  374    0    0  209  469  260
 2 1990  22.5 18.0 16.2  1.8  10  15.3   15.9 361  341  536  195  287  562  275
 3 1991  46.5 24.0 24.0  0.0   0  52.0   67.9 354  354    0    0  295  487  192
 4 1992  69.6 23.1 22.5  0.6   2  84.3  152.2 348  342  547  205  297  579  282
 5 1993  87.9 18.3 16.2  2.1  11  90.5  242.7 377  354  550  196  288  579  291
 6 1994 102.3 14.4 13.8  0.6   4  86.0  328.8 370  362  544  182  292  586  294
 7 1995 116.7 14.4 13.8  0.6   4  99.1  427.9 372  364  562  198  301  583  282
 8 1996 129.6 12.9 12.3  0.6   4  99.8  527.7 388  381  548  167  287  564  277
 9 1997 142.8 13.2 11.4  1.8  13 113.0  640.6 390  368  525  157  308  540  232
10 1998 149.1  6.3  5.7  0.6   9  57.8  698.4 382  365  549  184  307  587  280
11 1999 155.4  6.3  5.7  0.6   9  60.3  758.7 396  382  533  151  284  555  271
12 2000 161.4  6.0  5.1  0.9  15  59.7  818.4 407  382  546  164  293  591  298
13 2001 167.7  6.3  5.1  1.2  19  65.1  883.5 410  367  589  222  310  605  295
14 2002 174.0  6.3  5.7  0.6   9  67.6  951.1 402  383  585  202  289  607  318
15 2003 180.0  6.0  4.8  1.2  20  66.7 1017.9 424  391  556  165  352  580  228
16 2004 185.1  5.1  3.6  1.5  29  58.5 1076.4 438  373  594  221  313  654  341
17 2005 190.2  5.1  4.2  0.9  17  60.1 1136.5 438  399  620  221  328  637  309
18 2006 194.7  4.5  3.0  1.5  33  54.4 1190.9 451  384  583  199  319  644  325
19 2007 198.9  4.2  3.3  0.9  21  51.9 1242.9 446  400  613  213  308  679  371
20 2008 204.0  5.1  3.0  2.1  41  64.6 1307.4 456  386  556  170  327  612  285
21 2009 208.8  4.8  3.6  1.2  25  62.2 1369.7 455  402  613  211  345  669  324
22 2010 213.0  4.2  3.3  0.9  21  55.7 1425.3 440  390  620  230  320  661  341
23 2011 217.8  4.8  3.0  1.8  37  65.0 1490.3 451  381  568  187  323  640  317
24 2012 222.3  4.5  3.3  1.2  26  62.2 1552.5 441  390  581  191  302  643  341
25 2013 228.6  6.3  4.2  2.1  33  89.2 1641.7 442  370  585  215  304  651  347
26 2014 234.0  5.4  3.3  2.1  38  78.5 1720.2 444  381  545  164  318  591  273
27 2015 239.7  5.7  4.2  1.5  26  84.8 1805.0 408  359  544  185  307  610  303

Core Length:  239.7 mm
Core Density: 409 kg/m3
Cross-sectional Density:  409 kg/m3
Early/Latewood Threshold: 500 kg/m3
Attenuation Constant: 3.05

ִִִִִִִִִִִִִִִִִִִִִִִִִִִִִִִִִִִִִִִִִִִִִִִִִִִִִִִִִִִִִִִִִִִִִִִִִִִִִִִ
Core : 35
ֲֲֲִִִִִִִִִִִִִִִִִִִִִִִִִִִִִִִִִִִִִִִִִִִִִִִִִִִִִִִִִִִִִִִִִִִִִִִִִִִִ
       ³Widths (mm)              ³ Areas    ³ Densities (kg/m3)
       ³                         ³ (cm‎)    ³
Ring   ³Outer Ring Erly Late   % ³Incr Total³Ring E/Wd L/Wd Unif  Min  Max  Rng
 # Year³ Rad.      Wood Wood  LW ³          ³mean mean mean
ֱֱֱִִִִִִִִִִִִִִִִִִִִִִִִִִִִִִִִִִִִִִִִִִִִִִִִִִִִִִִִִִִִִִִִִִִִִִִִִִִִ

 4 1991  25.9 25.9 15.9  0.0   0  21.1   21.1 362  362    0    0  303  481  178
 5 1992  48.1 22.2 21.6  0.6   2  51.6   72.7 353  348  557  209  284  578  294
 6 1993  65.5 17.4 15.9  1.5   8  62.1  134.8 370  353  550  197  278  581  303
 7 1994  82.9 17.4 15.6  1.8  10  81.1  215.9 386  366  556  190  306  599  293
 8 1995  99.7 16.8 15.9  0.9   5  96.4  312.3 372  362  547  185  279  582  303
 9 1996 117.7 18.0 17.7  0.3   1 122.9  435.2 348  345  508  163  274  508  234
10 1997 133.3 15.6 15.0  0.6   3 123.0  558.2 373  367  520  153  291  536  245
11 1998 142.0  8.7  8.4  0.3   3  75.2  633.5 342  334  578  244  281  578  297
12 1999 152.8 10.8 10.2  0.6   5 100.0  733.5 365  357  506  149  280  511  231
13 2000 159.1  6.3  6.0  0.3   4  61.7  795.2 360  351  533  182  297  533  236
14 2001 163.0  3.9  3.6  0.3   7  39.5  834.7 361  349  506  157  302  506  204
15 2002 167.2  4.2  4.2  0.0   0  43.6  878.3 357  357    0    0  295  463  168
16 2003 174.4  7.2  6.3  0.9  12  77.3  955.5 400  383  520  137  311  526  215
17 2004 179.8  5.4  4.5  0.9  16  60.1 1015.6 374  332  583  251  299  611  312
18 2005 186.1  6.3  5.4  0.9  14  72.4 1088.0 367  343  510  167  273  514  241
19 2006 190.6  4.5  4.2  0.3   6  53.3 1141.3 372  360  543  183  317  543  226
20 2007 193.9  3.3  3.0  0.3   9  39.9 1181.2 379  363  536  173  316  536  220
21 2008 197.8  3.9  3.3  0.6  15  48.0 1229.1 394  367  544  177  309  558  249
22 2009 201.7  3.9  3.0  0.9  23  48.9 1278.1 397  352  546  194  317  588  271
23 2010 206.8  5.1  4.5  0.6  11  65.5 1343.5 390  367  559  192  334  610  276
24 2011 213.1  6.3  5.4  0.9  14  83.1 1426.6 391  359  578  219  306  612  306
25 2012 219.4  6.3  5.7  0.6   9  85.6 1512.2 358  340  520  180  299  532  233
26 2013 224.5  5.1  4.2  0.9  17  71.1 1583.4 390  350  578  228  312  626  314
27 2014 231.1  6.6  5.7  0.9  13  94.5 1677.8 395  372  541  169  298  573  275
28 2015 238.6  7.5  6.3  1.2  16 110.7 1788.5 385  357  531  174  303  574  271

Core Length:  228.6 mm
Core Density: 373 kg/m3
Cross-sectional Density:  373 kg/m3
Early/Latewood Threshold: 500 kg/m3
Attenuation Constant: 3.05

ִִִִִִִִִִִִִִִִִִִִִִִִִִִִִִִִִִִִִִִִִִִִִִִִִִִִִִִִִִִִִִִִִִִִִִִִִִִִִִִ
Core : 38
ֲֲֲִִִִִִִִִִִִִִִִִִִִִִִִִִִִִִִִִִִִִִִִִִִִִִִִִִִִִִִִִִִִִִִִִִִִִִִִִִִִ
       ³Widths (mm)              ³ Areas    ³ Densities (kg/m3)
       ³                         ³ (cm‎)    ³
Ring   ³Outer Ring Erly Late   % ³Incr Total³Ring E/Wd L/Wd Unif  Min  Max  Rng
 # Year³ Rad.      Wood Wood  LW ³          ³mean mean mean
ֱֱֱִִִִִִִִִִִִִִִִִִִִִִִִִִִִִִִִִִִִִִִִִִִִִִִִִִִִִִִִִִִִִִִִִִִִִִִִִִִִ

 3 1990  28.3 28.3 19.5  1.8   6  25.2   25.2 393  378  555  177  325  596  271
 4 1991  55.6 27.3 27.3  0.0   0  72.0   97.1 383  383    0    0  300  483  183
 5 1992  83.8 28.2 27.6  0.6   2 123.5  220.6 378  374  545  171  319  564  245
 6 1993 110.5 26.7 24.3  2.4   8 163.0  383.6 390  372  576  204  318  640  322
 7 1994 133.0 22.5 20.1  2.4  10 172.1  555.7 436  421  558  137  374  607  233
 8 1995 152.5 19.5 18.6  0.9   4 174.9  730.6 403  395  554  159  317  574  257
 9 1996 166.9 14.4 13.5  0.9   6 144.5  875.1 389  378  561  183  313  620  307
10 1997 182.8 15.9 15.0  0.9   5 174.7 1049.8 415  409  517  108  349  522  173
11 1998 186.4  3.6  3.3  0.3   8  41.8 1091.5 397  387  518  131  338  518  180
12 1999 190.6  4.2  4.2  0.0   0  49.7 1141.3 370  370    0    0  308  467  159
13 2000 194.8  4.2  3.0  1.2  28  50.9 1192.1 417  368  538  170  307  567  260
14 2001 199.9  5.1  4.2  0.9  17  63.2 1255.4 393  356  566  210  305  602  297
15 2002 204.4  4.5  3.6  0.9  20  57.2 1312.5 399  352  589  237  306  624  318
16 2003 211.3  6.9  6.0  0.9  13  90.1 1402.6 427  411  534  123  344  558  214
17 2004 213.7  2.4  1.5  0.9  37  32.0 1434.7 470  408  575  167  339  631  292
18 2005 219.1  5.4  3.3  2.1  38  73.4 1508.1 466  413  551  138  357  637  280
19 2006 222.1  3.0  1.8  1.2  40  41.6 1549.7 444  380  541  161  343  572  229
20 2007 224.5  2.4  1.2  1.2  49  33.7 1583.4 522  433  611  178  366  638  272
21 2008 229.0  4.5  2.7  1.8  40  64.1 1647.5 494  450  561  111  355  601  246
22 2009 231.4  2.4  1.2  1.2  50  34.7 1682.2 469  409  529  120  375  537  162
23 2010 233.2  1.8  1.5  0.3  16  26.3 1708.5 391  369  502  133  312  502  190
24 2011 234.1  0.9  0.9  0.0   0  13.2 1721.7 378  378    0    0  334  431   97
25 2012 235.3  1.2  0.9  0.3  25  17.7 1739.4 486  451  591  140  410  591  181
26 2013 237.7  2.4  1.5  0.9  37  35.7 1775.0 483  430  572  142  362  625  263
27 2014 240.4  2.7  1.2  1.5  55  40.6 1815.6 478  396  544  148  361  608  247
28 2015 241.9  1.5  0.9  0.6  40  22.7 1838.3 444  392  523  131  363  541  178

Core Length:  234.9 mm
Core Density: 427 kg/m3
Cross-sectional Density:  417 kg/m3
Early/Latewood Threshold: 500 kg/m3
Attenuation Constant: 3.05

ִִִִִִִִִִִִִִִִִִִִִִִִִִִִִִִִִִִִִִִִִִִִִִִִִִִִִִִִִִִִִִִִִִִִִִִִִִִִִִִ
Core : 44
ֲֲֲִִִִִִִִִִִִִִִִִִִִִִִִִִִִִִִִִִִִִִִִִִִִִִִִִִִִִִִִִִִִִִִִִִִִִִִִִִִִ
       ³Widths (mm)              ³ Areas    ³ Densities (kg/m3)
       ³                         ³ (cm‎)    ³
Ring   ³Outer Ring Erly Late   % ³Incr Total³Ring E/Wd L/Wd Unif  Min  Max  Rng
 # Year³ Rad.      Wood Wood  LW ³          ³mean mean mean
ֱֱֱִִִִִִִִִִִִִִִִִִִִִִִִִִִִִִִִִִִִִִִִִִִִִִִִִִִִִִִִִִִִִִִִִִִִִִִִִִִִ

 1 1989  14.1 14.1 13.8  0.3   2   6.2    6.2 333  329  506  177  256  506  250
 2 1990  40.2 26.1 24.0  2.1   8  44.5   50.8 324  306  533  227  252  591  339
 3 1991  66.3 26.1 25.2  0.9   3  87.3  138.1 342  335  532  197  296  560  264
 4 1992  87.9 21.6 21.3  0.3   1 104.6  242.7 344  342  507  165  280  507  227
 5 1993 110.4 22.5 20.1  2.4  10 140.2  382.9 369  344  572  228  288  612  324
 6 1994 134.1 23.7 21.0  2.7  11 182.0  564.9 385  364  546  182  303  622  319
 7 1995 159.9 25.8 24.6  1.2   4 238.3  803.2 380  373  527  154  284  533  249
 8 1996 175.8 15.9 15.6  0.3   1 167.7  970.9 356  353  527  174  229  527  298
 9 1997 187.2 11.4 10.5  0.9   7 130.0 1100.9 369  352  559  207  270  591  321
10 1998 192.6  5.4  5.4  0.0   0  64.4 1165.4 363  363    0    0  288  488  200
11 1999 197.7  5.1  4.8  0.3   5  62.5 1227.9 375  367  505  138  313  505  192
12 2000 201.6  3.9  3.6  0.3   7  48.9 1276.8 366  351  538  187  283  538  255
13 2001 205.5  3.9  3.6  0.3   7  49.9 1326.7 379  367  513  146  326  513  187
14 2002 208.2  2.7  2.1  0.6  22  35.1 1361.8 416  376  557  181  328  593  265
15 2003 212.7  4.5  3.3  1.2  26  59.5 1421.3 427  380  557  177  351  619  268
16 2004 216.9  4.2  3.3  0.9  21  56.7 1478.0 427  382  594  212  336  608  272
17 2005 221.7  4.8  4.5  0.3   6  66.1 1544.1 398  391  504  113  329  504  175
18 2006 223.5  1.8  1.5  0.3  16  25.2 1569.3 408  380  547  167  323  547  224
19 2007 224.7  1.2  0.9  0.3  25  16.9 1586.2 460  405  625  220  343  625  282
20 2008 225.9  1.2  0.9  0.3  25  17.0 1603.2 428  365  618  253  317  618  301
21 2009 227.1  1.2  1.2  0.0   0  17.1 1620.3 398  398    0    0  356  443   87
22 2010 228.0  0.9  0.6  0.3  33  12.9 1633.1 453  409  541  132  368  541  173
23 2011 229.5  1.5  1.2  0.3  20  21.6 1654.7 371  337  505  168  325  505  180
24 2012 230.7  1.2  0.9  0.3  25  17.3 1672.0 436  404  534  130  355  534  179
25 2013 232.2  1.5  1.2  0.3  20  21.8 1693.8 416  372  593  221  316  593  277
26 2014 233.4  1.2  0.9  0.3  25  17.6 1711.4 422  380  549  169  333  549  216
27 2015 234.3  0.9  0.6  0.3  33  13.2 1724.6 449  384  579  195  350  579  229

Core Length:  234.3 mm
Core Density: 392 kg/m3
Cross-sectional Density:  378 kg/m3
Early/Latewood Threshold: 500 kg/m3
Attenuation Constant: 3.05

ִִִִִִִִִִִִִִִִִִִִִִִִִִִִִִִִִִִִִִִִִִִִִִִִִִִִִִִִִִִִִִִִִִִִִִִִִִִִִִִ
Core : 49
ֲֲֲִִִִִִִִִִִִִִִִִִִִִִִִִִִִִִִִִִִִִִִִִִִִִִִִִִִִִִִִִִִִִִִִִִִִִִִִִִִִ
       ³Widths (mm)              ³ Areas    ³ Densities (kg/m3)
       ³                         ³ (cm‎)    ³
Ring   ³Outer Ring Erly Late   % ³Incr Total³Ring E/Wd L/Wd Unif  Min  Max  Rng
 # Year³ Rad.      Wood Wood  LW ³          ³mean mean mean
ֱֱֱִִִִִִִִִִִִִִִִִִִִִִִִִִִִִִִִִִִִִִִִִִִִִִִִִִִִִִִִִִִִִִִִִִִִִִִִִִִִ

 3 1990  28.1 28.1 19.5  0.6   2  24.8   24.8 365  360  514  154  274  522  248
 4 1991  52.4 24.3 24.3  0.0   0  61.5   86.3 333  333    0    0  264  479  215
 5 1992  78.8 26.4 24.9  1.5   5 108.8  195.1 335  323  545  222  252  570  318
 6 1993  99.8 21.0 18.6  2.4  11 117.8  312.9 371  352  521  169  272  548  276
 7 1994 117.2 17.4 14.1  3.3  18 118.6  431.5 396  354  574  220  298  652  354
 8 1995 133.1 15.9 13.2  2.7  16 125.0  556.6 404  376  540  164  314  570  256
 9 1996 148.7 15.6 12.9  2.7  17 138.1  694.7 401  373  535  162  292  573  281
10 1997 160.7 12.0 12.0  0.0   0 116.6  811.3 395  395    0    0  318  469  151
11 1998 166.4  5.7  5.1  0.6  10  58.6  869.9 389  372  534  162  306  540  234
12 1999 173.6  7.2  7.2  0.0   0  76.9  946.8 395  395    0    0  307  497  190
13 2000 177.2  3.6  2.7  0.9  24  39.7  986.5 413  368  548  180  328  571  243
14 2001 180.8  3.6  2.7  0.9  25  40.5 1026.9 453  404  601  197  345  643  298
15 2002 182.6  1.8  1.2  0.6  33  20.5 1047.5 482  420  608  188  339  629  290
16 2003 185.3  2.7  1.5  1.2  44  31.2 1078.7 496  434  573  139  395  609  214
17 2004 186.8  1.5  0.6  0.9  60  17.5 1096.2 493  412  547  135  396  563  167
18 2005 188.9  2.1  0.9  1.2  57  24.8 1121.0 516  454  562  108  398  607  209
19 2006 192.8  3.9  2.4  1.5  38  46.8 1167.8 477  444  530   86  360  550  190
20 2007 196.4  3.6  2.4  1.2  33  44.0 1211.8 454  413  537  124  359  563  204
21 2008 200.0  3.6  1.5  2.1  58  44.8 1256.6 474  408  521  113  376  547  171
22 2009 203.6  3.6  1.2  2.4  66  45.6 1302.3 486  394  532  138  360  571  211
23 2010 207.8  4.2  3.6  0.6  14  54.3 1356.6 449  432  551  119  347  555  208
24 2011 211.7  3.9  3.0  0.9  23  51.4 1408.0 435  409  521  112  364  530  166
25 2012 215.0  3.3  3.0  0.3   9  44.2 1452.2 425  417  506   89  353  506  153
26 2013 219.5  4.5  2.4  2.1  46  61.4 1513.6 469  404  544  140  367  603  236
27 2014 223.1  3.6  1.5  2.1  58  50.1 1563.7 493  450  523   73  367  546  179
28 2015 226.7  3.6  2.7  0.9  24  50.9 1614.6 441  414  522  108  353  535  182

Core Length:  218.7 mm
Core Density: 432 kg/m3
Cross-sectional Density:  415 kg/m3
Early/Latewood Threshold: 500 kg/m3
Attenuation Constant: 3.05

