File : C:\DENSITOM\GLENGA~1\GLEN25.DAT
Cores :
17
25
39
42
47
52
55
61
70
73
75

ִִִִִִִִִִִִִִִִִִִִִִִִִִִִִִִִִִִִִִִִִִִִִִִִִִִִִִִִִִִִִִִִִִִִִִִִִִִִִִִ
Core : 17
ֲֲֲִִִִִִִִִִִִִִִִִִִִִִִִִִִִִִִִִִִִִִִִִִִִִִִִִִִִִִִִִִִִִִִִִִִִִִִִִִִִ
       ³Widths (mm)              ³ Areas    ³ Densities (kg/m3)
       ³                         ³ (cm‎)    ³
Ring   ³Outer Ring Erly Late   % ³Incr Total³Ring E/Wd L/Wd Unif  Min  Max  Rng
 # Year³ Rad.      Wood Wood  LW ³          ³mean mean mean
ֱֱֱִִִִִִִִִִִִִִִִִִִִִִִִִִִִִִִִִִִִִִִִִִִִִִִִִִִִִִִִִִִִִִִִִִִִִִִִִִִִ

 1 1989   8.6  8.6  6.0  0.6   6   2.3    2.3 384  371  518  147  321  520  199
 2 1990  27.5 18.9 16.8  2.1  11  21.4   23.8 393  371  569  198  329  620  291
 3 1991  45.5 18.0 16.8  1.2   6  41.3   65.0 380  370  534  164  308  564  256
 4 1992  57.2 11.7 10.5  1.2  10  37.7  102.8 375  354  556  202  295  614  319
 5 1993  70.1 12.9 10.5  2.4  18  51.6  154.4 408  370  572  202  329  649  320
 6 1994  76.4  6.3  5.1  1.2  19  29.0  183.4 397  359  558  199  312  612  300
 7 1995  83.6  7.2  6.3  0.9  12  36.2  219.6 380  352  571  219  294  617  323
 8 1996  91.4  7.8  6.3  1.5  19  42.9  262.4 394  356  551  195  260  602  342
 9 1997  96.2  4.8  3.6  1.2  24  28.3  290.7 421  369  579  210  305  643  338
10 1998  99.8  3.6  3.6  0.0   0  22.2  312.9 356  356    0    0  307  469  162
11 1999 101.9  2.1  2.1  0.0   0  13.3  326.2 420  420    0    0  351  491  140
12 2000 104.6  2.7  2.1  0.6  22  17.5  343.7 465  417  635  218  362  681  319
13 2001 108.2  3.6  2.7  0.9  25  24.1  367.8 458  408  609  201  341  664  323
14 2002 110.9  2.7  1.5  1.2  44  18.6  386.4 494  410  600  190  355  710  355
15 2003 113.9  3.0  2.1  0.9  30  21.2  407.6 464  404  602  198  358  663  305
16 2004 117.2  3.3  2.1  1.2  36  24.0  431.5 509  412  680  268  384  748  364
17 2005 122.3  5.1  3.9  1.2  23  38.4  469.9 455  406  611  205  354  638  284
18 2006 127.4  5.1  3.3  1.8  35  40.0  509.9 468  373  640  267  324  705  381
19 2007 130.7  3.3  2.7  0.6  18  26.8  536.7 430  409  527  118  350  538  188
20 2008 132.2  1.5  1.2  0.3  20  12.4  549.1 472  447  571  124  399  571  172
21 2009 134.6  2.4  0.9  1.5  62  20.1  569.2 514  420  571  151  384  675  291
22 2010 137.3  2.7  1.5  1.2  44  23.1  592.2 488  400  599  199  364  686  322
23 2011 138.8  1.5  1.2  0.3  20  13.0  605.2 452  420  580  160  381  580  199
24 2012 140.0  1.2  0.9  0.3  25  10.5  615.8 475  452  543   91  375  543  168
25 2013 141.2  1.2  0.9  0.3  24  10.6  626.4 483  451  580  129  432  580  148
26 2014 143.3  2.1  0.9  1.2  57  18.8  645.1 537  418  627  209  376  717  341
27 2015 145.7  2.4  0.9  1.5  62  21.8  666.9 532  419  599  180  401  726  325

Core Length:  143.7 mm
Core Density: 444 kg/m3
Cross-sectional Density:  436 kg/m3
Early/Latewood Threshold: 500 kg/m3
Attenuation Constant: 3.05

ִִִִִִִִִִִִִִִִִִִִִִִִִִִִִִִִִִִִִִִִִִִִִִִִִִִִִִִִִִִִִִִִִִִִִִִִִִִִִִִ
Core : 25
ֲֲֲִִִִִִִִִִִִִִִִִִִִִִִִִִִִִִִִִִִִִִִִִִִִִִִִִִִִִִִִִִִִִִִִִִִִִִִִִִִִ
       ³Widths (mm)              ³ Areas    ³ Densities (kg/m3)
       ³                         ³ (cm‎)    ³
Ring   ³Outer Ring Erly Late   % ³Incr Total³Ring E/Wd L/Wd Unif  Min  Max  Rng
 # Year³ Rad.      Wood Wood  LW ³          ³mean mean mean
ֱֱֱִִִִִִִִִִִִִִִִִִִִִִִִִִִִִִִִִִִִִִִִִִִִִִִִִִִִִִִִִִִִִִִִִִִִִִִִִִִִ

 2 1989  13.0 13.0  9.0  0.0   0   5.3    5.3 324  324    0    0  252  428  176
 3 1990  36.1 23.1 22.2  0.9   3  35.6   40.9 368  362  508  146  279  516  237
 4 1991  58.6 22.5 22.5  0.0   0  66.9  107.9 328  328    0    0  259  433  174
 5 1992  76.9 18.3 17.7  0.6   3  77.9  185.8 335  329  521  192  261  537  276
 6 1993  94.0 17.1 15.9  1.2   7  91.8  277.6 369  359  508  149  285  528  243
 7 1994 108.1 14.1 12.9  1.2   8  89.5  367.1 382  365  563  198  310  598  288
 8 1995 118.9 10.8 10.5  0.3   2  77.0  444.1 367  362  534  172  303  534  231
 9 1996 127.9  9.0  8.7  0.3   3  69.8  513.9 353  346  548  202  257  548  291
10 1997 136.0  8.1  6.9  1.2  14  67.2  581.1 401  377  544  167  297  573  276
11 1998 141.4  5.4  4.5  0.9  16  47.1  628.1 384  346  575  229  301  602  301
12 1999 146.5  5.1  4.2  0.9  17  46.1  674.3 428  403  547  144  330  571  241
13 2000 150.1  3.6  2.7  0.9  24  33.5  707.8 422  369  584  215  319  655  336
14 2001 153.1  3.0  2.4  0.6  20  28.6  736.4 421  376  605  229  331  637  306
15 2002 156.4  3.3  2.1  1.2  36  32.1  768.5 461  385  593  208  329  680  351
16 2003 159.7  3.3  2.7  0.6  18  32.8  801.2 414  386  545  159  366  552  186
17 2004 162.4  2.7  1.8  0.9  33  27.3  828.6 465  399  597  198  335  642  307
18 2005 164.5  2.1  1.8  0.3  14  21.6  850.1 417  387  595  208  339  595  256
19 2006 166.3  1.8  1.2  0.6  33  18.7  868.8 464  417  558  141  354  605  251
20 2007 169.0  2.7  2.4  0.3  11  28.4  897.3 424  394  663  269  336  663  327
21 2008 171.1  2.1  1.5  0.6  28  22.4  919.7 446  394  578  184  333  610  277
22 2009 172.9  1.8  1.2  0.6  33  19.5  939.2 475  416  594  178  366  606  240
23 2010 174.7  1.8  1.5  0.3  16  19.7  958.8 449  409  646  237  376  646  270
24 2011 175.9  1.2  1.2  0.0   0  13.2  972.0 409  409    0    0  364  475  111
25 2012 178.0  2.1  1.5  0.6  28  23.3  995.4 447  397  574  177  335  620  285
26 2013 180.1  2.1  1.8  0.3  14  23.6 1019.0 438  406  633  227  362  633  271
27 2014 181.6  1.5  1.2  0.3  20  17.0 1036.1 405  381  501  120  338  501  163
28 2015 182.5  0.9  0.6  0.3  33  10.3 1046.3 426  382  514  132  368  514  146

Core Length:  178.5 mm
Core Density: 408 kg/m3
Cross-sectional Density:  392 kg/m3
Early/Latewood Threshold: 500 kg/m3
Attenuation Constant: 3.05

ִִִִִִִִִִִִִִִִִִִִִִִִִִִִִִִִִִִִִִִִִִִִִִִִִִִִִִִִִִִִִִִִִִִִִִִִִִִִִִִ
Core : 39
ֲֲֲִִִִִִִִִִִִִִִִִִִִִִִִִִִִִִִִִִִִִִִִִִִִִִִִִִִִִִִִִִִִִִִִִִִִִִִִִִִִ
       ³Widths (mm)              ³ Areas    ³ Densities (kg/m3)
       ³                         ³ (cm‎)    ³
Ring   ³Outer Ring Erly Late   % ³Incr Total³Ring E/Wd L/Wd Unif  Min  Max  Rng
 # Year³ Rad.      Wood Wood  LW ³          ³mean mean mean
ֱֱֱִִִִִִִִִִִִִִִִִִִִִִִִִִִִִִִִִִִִִִִִִִִִִִִִִִִִִִִִִִִִִִִִִִִִִִִִִִִִ

 1 1989   9.1  9.1  7.2  0.9   9   2.6    2.6 368  349  520  171  310  533  223
 2 1990  28.0 18.9 18.3  0.6   3  22.0   24.6 358  353  512  159  307  519  212
 3 1991  52.6 24.6 24.6  0.0   0  62.3   86.9 344  344    0    0  273  461  188
 4 1992  71.8 19.2 19.2  0.0   0  75.0  162.0 336  336    0    0  261  475  214
 5 1993  96.7 24.9 23.4  1.5   6 131.8  293.8 339  327  529  202  258  540  282
 6 1994 111.7 15.0 13.5  1.5  10  98.2  392.0 377  360  532  172  292  580  288
 7 1995 123.7 12.0 11.4  0.6   5  88.7  480.7 353  344  517  173  298  529  231
 8 1996 133.0  9.3  8.7  0.6   6  75.0  555.7 339  328  510  182  255  519  264
 9 1997 139.6  6.6  6.0  0.6   9  56.5  612.2 383  367  547  180  292  558  266
10 1998 142.6  3.0  2.4  0.6  20  26.6  638.8 372  337  511  174  305  512  207
11 1999 148.0  5.4  5.1  0.3   5  49.3  688.1 394  383  590  207  324  590  266
12 2000 151.6  3.6  3.0  0.6  16  33.9  722.0 387  352  562  210  303  572  269
13 2001 154.9  3.3  2.4  0.9  27  31.8  753.8 439  393  561  168  356  634  278
14 2002 159.7  4.8  4.5  0.3   6  47.4  801.2 378  363  607  244  304  607  303
15 2003 166.0  6.3  5.1  1.2  19  64.5  865.7 415  382  558  176  331  603  272
16 2004 172.6  6.6  5.4  1.2  18  70.2  935.9 421  381  602  221  314  649  335
17 2005 178.0  5.4  4.5  0.9  16  59.5  995.4 438  417  541  124  347  587  240
18 2006 181.3  3.3  2.4  0.9  27  37.2 1032.6 410  364  533  169  308  544  236
19 2007 184.6  3.3  2.7  0.6  18  37.9 1070.6 418  385  567  182  300  589  289
20 2008 188.5  3.9  2.1  1.8  46  45.7 1116.3 507  411  619  208  338  649  311
21 2009 193.6  5.1  3.6  1.5  29  61.2 1177.5 476  420  611  191  365  647  282
22 2010 199.0  5.4  4.2  1.2  22  66.6 1244.1 465  411  654  243  360  671  311
23 2011 202.0  3.0  2.7  0.3  10  37.8 1281.9 424  405  594  189  351  594  243
24 2012 206.8  4.8  3.9  0.9  18  61.6 1343.5 428  390  593  203  320  642  322
25 2013 211.6  4.8  2.7  2.1  43  63.1 1406.6 481  397  588  191  342  665  323
26 2014 217.3  5.7  3.6  2.1  36  76.8 1483.4 447  384  554  170  305  635  330
27 2015 222.4  5.1  3.9  1.2  23  70.4 1553.9 432  386  581  195  328  657  329

Core Length:  221.4 mm
Core Density: 404 kg/m3
Cross-sectional Density:  401 kg/m3
Early/Latewood Threshold: 500 kg/m3
Attenuation Constant: 3.05

ִִִִִִִִִִִִִִִִִִִִִִִִִִִִִִִִִִִִִִִִִִִִִִִִִִִִִִִִִִִִִִִִִִִִִִִִִִִִִִִ
Core : 42
ֲֲֲִִִִִִִִִִִִִִִִִִִִִִִִִִִִִִִִִִִִִִִִִִִִִִִִִִִִִִִִִִִִִִִִִִִִִִִִִִִִ
       ³Widths (mm)              ³ Areas    ³ Densities (kg/m3)
       ³                         ³ (cm‎)    ³
Ring   ³Outer Ring Erly Late   % ³Incr Total³Ring E/Wd L/Wd Unif  Min  Max  Rng
 # Year³ Rad.      Wood Wood  LW ³          ³mean mean mean
ֱֱֱִִִִִִִִִִִִִִִִִִִִִִִִִִִִִִִִִִִִִִִִִִִִִִִִִִִִִִִִִִִִִִִִִִִִִִִִִִִִ

 1 1988   3.3  3.3  3.3  0.0   0   0.3    0.3 335  335    0    0  276  452  176
 2 1989  11.1  7.8  7.8  0.0   0   3.5    3.9 359  359    0    0  271  495  224
 3 1990  33.9 22.8 21.0  1.8   7  32.2   36.1 330  311  548  237  264  590  326
 4 1991  55.2 21.3 21.3  0.0   0  59.6   95.7 327  327    0    0  248  487  239
 5 1992  73.2 18.0 16.5  1.5   8  72.6  168.3 339  320  549  229  247  574  327
 6 1993  91.5 18.3 15.0  3.3  18  94.7  263.0 354  311  547  236  242  617  375
 7 1994 106.5 15.0 12.9  2.1  13  93.3  356.3 374  343  566  223  238  642  404
 8 1995 120.6 14.1 10.8  3.3  23 100.6  456.9 402  350  574  224  275  637  362
 9 1996 132.9 12.3 10.2  2.1  17  98.0  554.9 382  345  561  216  253  605  352
10 1997 142.5  9.6  8.4  1.2  12  83.1  637.9 381  345  630  285  270  660  390
11 1998 147.6  5.1  4.8  0.3   5  46.5  684.4 357  341  614  273  281  614  333
12 1999 153.9  6.3  4.8  1.5  23  59.7  744.1 439  395  581  186  298  654  356
13 2000 159.9  6.0  4.8  1.2  20  59.1  803.2 427  384  599  215  301  668  367
14 2001 163.8  3.9  3.0  0.9  23  39.7  842.9 418  365  596  231  324  703  379
15 2002 167.1  3.3  2.1  1.2  36  34.3  877.2 438  357  578  221  316  651  335
16 2003 170.7  3.6  2.7  0.9  24  38.2  915.4 453  411  580  169  352  614  262
17 2004 175.2  4.5  3.6  0.9  20  48.9  964.3 433  388  613  225  330  675  345
18 2005 179.4  4.2  2.7  1.5  35  46.8 1011.1 465  406  571  165  355  598  243
19 2006 182.1  2.7  2.1  0.6  22  30.7 1041.8 427  385  574  189  357  628  271
20 2007 184.5  2.4  1.2  1.2  50  27.6 1069.4 464  390  539  149  352  580  228
21 2008 186.3  1.8  0.9  0.9  49  21.0 1090.4 493  408  578  170  358  666  308
22 2009 187.8  1.5  0.9  0.6  40  17.6 1108.0 512  442  617  175  392  622  230
23 2010 189.9  2.1  1.8  0.3  14  24.9 1132.9 428  412  524  112  362  524  162
24 2011 191.7  1.8  1.2  0.6  33  21.6 1154.5 437  361  589  228  341  628  287
25 2012 193.2  1.5  1.2  0.3  20  18.1 1172.6 447  420  556  136  342  556  214
26 2013 194.4  1.2  0.9  0.3  25  14.6 1187.3 463  416  603  187  352  603  251
27 2014 196.2  1.8  0.9  0.9  49  22.1 1209.3 448  366  530  164  325  578  253
28 2015 197.1  0.9  0.6  0.3  33  11.1 1220.5 368  288  529  241  151  529  378

Core Length:  197.1 mm
Core Density: 410 kg/m3
Cross-sectional Density:  399 kg/m3
Early/Latewood Threshold: 500 kg/m3
Attenuation Constant: 3.05

ִִִִִִִִִִִִִִִִִִִִִִִִִִִִִִִִִִִִִִִִִִִִִִִִִִִִִִִִִִִִִִִִִִִִִִִִִִִִִִִ
Core : 47
ֲֲֲִִִִִִִִִִִִִִִִִִִִִִִִִִִִִִִִִִִִִִִִִִִִִִִִִִִִִִִִִִִִִִִִִִִִִִִִִִִִ
       ³Widths (mm)              ³ Areas    ³ Densities (kg/m3)
       ³                         ³ (cm‎)    ³
Ring   ³Outer Ring Erly Late   % ³Incr Total³Ring E/Wd L/Wd Unif  Min  Max  Rng
 # Year³ Rad.      Wood Wood  LW ³          ³mean mean mean
ֱֱֱִִִִִִִִִִִִִִִִִִִִִִִִִִִִִִִִִִִִִִִִִִִִִִִִִִִִִִִִִִִִִִִִִִִִִִִִִִִִ

 1 1989   8.6  8.6  6.6  0.0   0   2.3    2.3 315  315    0    0  243  384  141
 2 1990  29.0 20.4 19.2  1.2   5  24.1   26.4 325  312  524  212  264  548  284
 3 1991  47.9 18.9 18.0  0.9   4  45.7   72.1 350  342  512  170  261  521  260
 4 1992  62.6 14.7 13.8  0.9   6  51.0  123.1 344  331  536  205  280  565  285
 5 1993  76.4 13.8 12.0  1.8  13  60.3  183.4 376  350  544  194  291  598  307
 6 1994  85.1  8.7  7.2  1.5  17  44.1  227.5 427  391  601  210  314  667  353
 7 1995  96.2 11.1 10.5  0.6   5  63.2  290.7 377  368  537  169  316  558  242
 8 1996 103.7  7.5  6.3  1.2  16  47.1  337.8 390  359  553  194  291  599  308
 9 1997 111.5  7.8  6.9  0.9  11  52.7  390.6 419  398  578  180  342  612  270
10 1998 116.3  4.8  4.5  0.3   6  34.4  424.9 372  362  532  170  310  532  222
11 1999 121.1  4.8  4.2  0.6  12  35.8  460.7 413  391  568  177  313  630  317
12 2000 125.9  4.8  3.3  1.5  31  37.2  498.0 447  399  551  152  370  586  216
13 2001 130.4  4.5  3.6  0.9  19  36.2  534.2 431  395  573  178  350  655  305
14 2002 133.7  3.3  2.7  0.6  18  27.4  561.6 434  404  572  168  324  621  297
15 2003 137.0  3.3  2.7  0.6  18  28.1  589.6 441  421  529  108  368  547  179
16 2004 140.0  3.0  1.8  1.2  40  26.1  615.8 478  398  598  200  363  624  261
17 2005 143.3  3.3  2.4  0.9  27  29.4  645.1 466  434  553  119  374  575  201
18 2006 145.1  1.8  1.8  0.0   0  16.3  661.4 427  427    0    0  357  484  127
19 2007 146.0  0.9  0.9  0.0   0   8.2  669.7 438  438    0    0  395  467   72
20 2008 147.2  1.2  0.9  0.3  24  11.1  680.7 465  426  583  157  399  583  184
21 2009 148.7  1.5  1.2  0.3  20  13.9  694.7 458  429  575  146  361  575  214
22 2010 149.9  1.2  1.2  0.0   0  11.3  705.9 417  417    0    0  371  455   84
23 2011 150.8  0.9  0.9  0.0   0   8.5  714.4 431  431    0    0  409  463   54
24 2012 151.4  0.6  0.6  0.0   0   5.7  720.1 434  434    0    0  406  462   56
25 2013 152.3  0.9  0.6  0.3  33   8.6  728.7 448  386  573  187  364  573  209
26 2014 153.2  0.9  0.9  0.0   0   8.6  737.3 412  412    0    0  374  482  108
27 2015 153.8  0.6  0.6  0.0   0   5.8  743.1 405  405    0    0  388  423   35

Core Length:  151.8 mm
Core Density: 412 kg/m3
Cross-sectional Density:  404 kg/m3
Early/Latewood Threshold: 500 kg/m3
Attenuation Constant: 3.05

ִִִִִִִִִִִִִִִִִִִִִִִִִִִִִִִִִִִִִִִִִִִִִִִִִִִִִִִִִִִִִִִִִִִִִִִִִִִִִִִ
Core : 52
ֲֲֲִִִִִִִִִִִִִִִִִִִִִִִִִִִִִִִִִִִִִִִִִִִִִִִִִִִִִִִִִִִִִִִִִִִִִִִִִִִִ
       ³Widths (mm)              ³ Areas    ³ Densities (kg/m3)
       ³                         ³ (cm‎)    ³
Ring   ³Outer Ring Erly Late   % ³Incr Total³Ring E/Wd L/Wd Unif  Min  Max  Rng
 # Year³ Rad.      Wood Wood  LW ³          ³mean mean mean
ֱֱֱִִִִִִִִִִִִִִִִִִִִִִִִִִִִִִִִִִִִִִִִִִִִִִִִִִִִִִִִִִִִִִִִִִִִִִִִִִִִ

 2 1990  35.7 35.7 27.9  1.8   5  40.0   40.0 374  363  548  185  102  585  483
 3 1991  56.1 20.4 18.6  1.8   8  58.8   98.9 393  379  533  154  295  555  260
 4 1992  70.8 14.7 14.1  0.6   4  58.6  157.5 380  374  541  167  319  583  264
 5 1993  87.6 16.8 13.5  3.3  19  83.6  241.1 415  382  549  167  320  590  270
 6 1994  97.8 10.2  8.1  2.1  20  59.4  300.5 454  410  625  215  342  682  340
 7 1995 108.0 10.2  6.9  3.3  32  65.9  366.4 458  413  550  137  359  618  259
 8 1996 117.6  9.6  6.9  2.7  28  68.0  434.5 419  370  544  174  290  634  344
 9 1997 124.2  6.6  4.2  2.4  36  50.1  484.6 461  401  567  166  326  669  343
10 1998 127.2  3.0  2.4  0.6  20  23.7  508.3 417  381  559  178  329  577  248
11 1999 129.9  2.7  1.5  1.2  44  21.8  530.1 482  410  571  161  335  626  291
12 2000 132.0  2.1  1.2  0.9  42  17.3  547.4 460  406  533  127  382  549  167
13 2001 133.5  1.5  0.9  0.6  40  12.5  559.9 487  458  532   74  450  563  113
14 2002 134.4  0.9  0.3  0.6  66   7.6  567.5 542  482  572   90  482  616  134
15 2003 135.6  1.2  0.3  0.9  75  10.2  577.7 591  497  622  125  497  664  167
16 2004 138.6  3.0  0.6  2.4  80  25.8  603.5 581  454  613  159  439  748  309
17 2005 141.0  2.4  1.2  1.2  50  21.1  624.6 529  463  595  132  433  648  215
18 2006 142.5  1.5  0.9  0.6  40  13.4  637.9 521  462  610  148  405  640  235

Core Length:  137.4 mm
Core Density: 468 kg/m3
Cross-sectional Density:  441 kg/m3
Early/Latewood Threshold: 500 kg/m3
Attenuation Constant: 3.05

ִִִִִִִִִִִִִִִִִִִִִִִִִִִִִִִִִִִִִִִִִִִִִִִִִִִִִִִִִִִִִִִִִִִִִִִִִִִִִִִ
Core : 55
ֲֲֲִִִִִִִִִִִִִִִִִִִִִִִִִִִִִִִִִִִִִִִִִִִִִִִִִִִִִִִִִִִִִִִִִִִִִִִִִִִִ
       ³Widths (mm)              ³ Areas    ³ Densities (kg/m3)
       ³                         ³ (cm‎)    ³
Ring   ³Outer Ring Erly Late   % ³Incr Total³Ring E/Wd L/Wd Unif  Min  Max  Rng
 # Year³ Rad.      Wood Wood  LW ³          ³mean mean mean
ֱֱֱִִִִִִִִִִִִִִִִִִִִִִִִִִִִִִִִִִִִִִִִִִִִִִִִִִִִִִִִִִִִִִִִִִִִִִִִִִִִ

 3 1990  21.5 21.5 12.3  1.2   5  14.5   14.5 377  362  533  171  307  550  243
 4 1991  41.3 19.8 19.2  0.6   3  39.1   53.6 373  368  521  153  303  526  223
 5 1992  54.8 13.5 13.2  0.3   2  40.8   94.3 361  357  543  186  291  543  252
 6 1993  71.3 16.5 14.7  1.8  10  65.4  159.7 367  344  557  213  272  598  326
 7 1994  83.0 11.7  9.6  2.1  17  56.7  216.4 399  363  562  199  312  624  312
 8 1995  91.4  8.4  7.8  0.6   7  46.0  262.4 390  374  606  232  319  652  333
 9 1996  98.9  7.5  6.6  0.9  12  44.8  307.3 375  347  581  234  288  614  326
10 1997 106.4  7.5  6.3  1.2  16  48.4  355.7 418  380  621  241  308  727  419
11 1998 111.5  5.1  4.2  0.9  17  34.9  390.6 399  354  608  254  299  628  329
12 1999 117.5  6.0  4.2  1.8  30  43.2  433.7 458  408  574  166  317  699  382
13 2000 123.8  6.3  4.2  2.1  33  47.8  481.5 448  387  570  183  346  659  313
14 2001 129.2  5.4  4.8  0.6  11  42.9  524.4 408  375  675  300  323  708  385
15 2002 133.7  4.5  3.9  0.6  13  37.2  561.6 401  374  577  203  307  597  290
16 2003 137.6  3.9  3.0  0.9  23  33.2  594.8 415  372  558  186  338  602  264
17 2004 141.5  3.9  2.7  1.2  30  34.2  629.0 417  347  574  227  330  657  327
18 2005 145.4  3.9  2.7  1.2  30  35.2  664.2 452  413  540  127  341  586  245
19 2006 149.3  3.9  2.7  1.2  30  36.1  700.3 454  387  606  219  327  650  323
20 2007 153.2  3.9  3.0  0.9  23  37.1  737.3 449  410  580  170  357  682  325
21 2008 157.1  3.9  3.0  0.9  23  38.0  775.4 457  402  641  239  342  652  310
22 2009 160.7  3.6  2.4  1.2  33  35.9  811.3 473  411  599  188  335  645  310
23 2010 164.6  3.9  3.3  0.6  15  39.9  851.2 442  416  581  165  377  630  253
24 2011 166.1  1.5  0.9  0.6  40  15.6  866.7 437  378  526  148  358  531  173
25 2012 168.5  2.4  1.8  0.6  25  25.2  892.0 470  429  594  165  346  623  277
26 2013 171.8  3.3  2.4  0.9  27  35.3  927.2 453  388  625  237  355  688  333
27 2014 174.2  2.4  1.8  0.6  24  26.1  953.3 457  405  614  209  321  620  299
28 2015 176.9  2.7  1.2  1.5  55  29.8  983.1 499  378  596  218  332  681  349

Core Length:  168.9 mm
Core Density: 424 kg/m3
Cross-sectional Density:  421 kg/m3
Early/Latewood Threshold: 500 kg/m3
Attenuation Constant: 3.05

ִִִִִִִִִִִִִִִִִִִִִִִִִִִִִִִִִִִִִִִִִִִִִִִִִִִִִִִִִִִִִִִִִִִִִִִִִִִִִִִ
Core : 61
ֲֲֲִִִִִִִִִִִִִִִִִִִִִִִִִִִִִִִִִִִִִִִִִִִִִִִִִִִִִִִִִִִִִִִִִִִִִִִִִִִִ
       ³Widths (mm)              ³ Areas    ³ Densities (kg/m3)
       ³                         ³ (cm‎)    ³
Ring   ³Outer Ring Erly Late   % ³Incr Total³Ring E/Wd L/Wd Unif  Min  Max  Rng
 # Year³ Rad.      Wood Wood  LW ³          ³mean mean mean
ֱֱֱִִִִִִִִִִִִִִִִִִִִִִִִִִִִִִִִִִִִִִִִִִִִִִִִִִִִִִִִִִִִִִִִִִִִִִִִִִִִ

 1 1988   9.3  9.3  3.3  0.0   0   2.7    2.7 437  437    0    0  388  497  109
 2 1989  20.7 11.4 10.8  0.6   5  10.7   13.5 337  326  529  203  271  534  263
 3 1990  43.8 23.1 21.0  2.1   9  46.8   60.3 353  332  556  224  285  596  311
 4 1991  67.2 23.4 21.6  1.8   7  81.6  141.9 373  359  542  183  281  566  285
 5 1992  84.6 17.4 15.6  1.8  10  83.0  224.8 371  352  535  183  289  579  290
 6 1993 108.9 24.3 21.0  3.3  13 147.7  372.6 379  352  553  201  292  603  311
 7 1994 124.5 15.6 13.5  2.1  13 114.4  487.0 411  391  544  153  319  626  307
 8 1995 135.0 10.5  9.9  0.6   5  85.6  572.6 384  373  559  186  326  588  262
 9 1996 146.1 11.1 10.2  0.9   8  98.0  670.6 371  355  560  205  265  583  318
10 1997 157.5 11.4  9.9  1.5  13 108.7  779.3 406  378  590  212  305  628  323
11 1998 165.0  7.5  6.6  0.9  12  76.0  855.3 355  330  541  211  288  580  292
12 1999 170.1  5.1  4.8  0.3   5  53.7  909.0 385  373  588  215  281  588  307
13 2000 174.6  4.5  3.6  0.9  20  48.7  957.7 419  381  569  188  346  614  268
14 2001 178.2  3.6  3.3  0.3   8  39.9  997.6 420  396  683  287  335  683  348
15 2002 180.6  2.4  1.5  0.9  37  27.1 1024.7 445  365  579  214  322  678  356
16 2003 183.6  3.0  1.8  1.2  40  34.3 1059.0 485  420  581  161  368  606  238
17 2004 187.2  3.6  2.4  1.2  33  41.9 1100.9 452  381  595  214  349  695  346
18 2005 190.5  3.3  2.1  1.2  36  39.2 1140.1 470  409  576  167  369  632  263
19 2006 192.9  2.4  1.5  0.9  37  28.9 1169.0 468  383  608  225  366  663  297
20 2007 195.0  2.1  1.5  0.6  28  25.6 1194.6 442  406  533  127  360  559  199
21 2008 196.5  1.5  0.6  0.9  60  18.4 1213.0 528  429  595  166  422  648  226
22 2009 198.6  2.1  0.9  1.2  57  26.1 1239.1 492  410  554  144  385  654  269
23 2010 200.4  1.8  0.9  0.9  49  22.6 1261.7 513  451  576  125  431  677  246
24 2011 202.8  2.4  1.5  0.9  37  30.4 1292.1 479  434  554  120  387  578  191
25 2012 204.9  2.1  0.9  1.2  57  26.9 1319.0 519  418  594  176  387  676  289
26 2013 207.0  2.1  1.2  0.9  42  27.2 1346.1 497  423  595  172  367  671  304
27 2014 208.8  1.8  0.9  0.9  50  23.5 1369.7 501  427  576  149  364  618  254
28 2015 210.6  1.8  0.9  0.9  49  23.7 1393.4 504  426  583  157  406  638  232

Core Length:  204.6 mm
Core Density: 435 kg/m3
Cross-sectional Density:  412 kg/m3
Early/Latewood Threshold: 500 kg/m3
Attenuation Constant: 3.05

ִִִִִִִִִִִִִִִִִִִִִִִִִִִִִִִִִִִִִִִִִִִִִִִִִִִִִִִִִִִִִִִִִִִִִִִִִִִִִִִ
Core : 70
ֲֲֲִִִִִִִִִִִִִִִִִִִִִִִִִִִִִִִִִִִִִִִִִִִִִִִִִִִִִִִִִִִִִִִִִִִִִִִִִִִִ
       ³Widths (mm)              ³ Areas    ³ Densities (kg/m3)
       ³                         ³ (cm‎)    ³
Ring   ³Outer Ring Erly Late   % ³Incr Total³Ring E/Wd L/Wd Unif  Min  Max  Rng
 # Year³ Rad.      Wood Wood  LW ³          ³mean mean mean
ֱֱֱִִִִִִִִִִִִִִִִִִִִִִִִִִִִִִִִִִִִִִִִִִִִִִִִִִִִִִִִִִִִִִִִִִִִִִִִִִִִ

 3 1990  21.8 21.8 15.6  1.2   5  14.9   14.9 360  345  545  200  298  570  272
 4 1991  46.4 24.6 23.4  1.2   4  52.7   67.6 357  349  530  181  280  540  260
 5 1992  68.9 22.5 21.0  1.5   6  81.5  149.1 364  351  547  196  283  583  300
 6 1993  93.8 24.9 21.0  3.9  15 127.3  276.4 372  339  550  211  278  638  360
 7 1994 106.7 12.9 11.4  1.5  11  81.3  357.7 392  367  576  209  300  593  293
 8 1995 116.9 10.2  9.0  1.2  11  71.7  429.3 381  361  535  174  299  559  260
 9 1996 126.8  9.9  9.6  0.3   3  75.8  505.1 344  339  517  178  262  517  255
10 1997 134.6  7.8  6.9  0.9  11  64.1  569.2 384  362  557  195  276  581  305
11 1998 140.6  6.0  5.1  0.9  15  51.9  621.0 352  317  549  232  281  571  290
12 1999 145.4  4.8  4.5  0.3   6  43.1  664.2 359  348  524  176  264  524  260
13 2000 148.7  3.3  3.3  0.0   0  30.5  694.7 365  365    0    0  306  462  156
14 2001 151.7  3.0  2.7  0.3  10  28.3  723.0 377  362  514  152  299  514  215
15 2002 154.1  2.4  2.1  0.3  12  23.1  746.0 393  368  569  201  301  569  268
16 2003 157.1  3.0  2.4  0.6  20  29.3  775.4 422  383  580  197  321  588  267
17 2004 160.4  3.3  2.1  1.2  36  32.9  808.3 443  360  588  228  301  683  382
18 2005 164.6  4.2  3.6  0.6  14  42.9  851.2 417  387  596  209  327  609  282
19 2006 168.2  3.6  3.0  0.6  16  37.6  888.8 389  353  566  213  294  601  307
20 2007 170.6  2.4  1.8  0.6  25  25.5  914.3 427  391  535  144  331  569  238
21 2008 172.7  2.1  1.5  0.6  28  22.6  937.0 457  394  615  221  333  624  291
22 2009 175.1  2.4  1.8  0.6  25  26.2  963.2 454  429  528   99  357  548  191
23 2010 176.6  1.5  1.2  0.3  20  16.6  979.8 435  415  514   99  394  514  120
24 2011 177.8  1.2  1.2  0.0   0  13.4  993.1 390  390    0    0  363  413   50
25 2012 178.7  0.9  0.6  0.3  33  10.1 1003.2 439  400  518  118  362  518  156
26 2013 179.3  0.6  0.6  0.0   0   6.7 1010.0 458  458    0    0  435  481   46
27 2014 180.8  1.5  0.9  0.6  40  17.0 1026.9 445  389  529  140  348  556  208
28 2015 182.3  1.5  0.6  0.9  60  17.1 1044.1 502  418  559  141  389  597  208

Core Length:  177.3 mm
Core Density: 403 kg/m3
Cross-sectional Density:  387 kg/m3
Early/Latewood Threshold: 500 kg/m3
Attenuation Constant: 3.05

ִִִִִִִִִִִִִִִִִִִִִִִִִִִִִִִִִִִִִִִִִִִִִִִִִִִִִִִִִִִִִִִִִִִִִִִִִִִִִִִ
Core : 73
ֲֲֲִִִִִִִִִִִִִִִִִִִִִִִִִִִִִִִִִִִִִִִִִִִִִִִִִִִִִִִִִִִִִִִִִִִִִִִִִִִִ
       ³Widths (mm)              ³ Areas    ³ Densities (kg/m3)
       ³                         ³ (cm‎)    ³
Ring   ³Outer Ring Erly Late   % ³Incr Total³Ring E/Wd L/Wd Unif  Min  Max  Rng
 # Year³ Rad.      Wood Wood  LW ³          ³mean mean mean
ֱֱֱִִִִִִִִִִִִִִִִִִִִִִִִִִִִִִִִִִִִִִִִִִִִִִִִִִִִִִִִִִִִִִִִִִִִִִִִִִִִ

 2 1990  17.7 17.7 16.8  0.9   5   9.8    9.8 353  343  543  200  286  566  280
 3 1991  40.5 22.8 22.8  0.0   0  41.7   51.5 341  341    0    0  265  432  167
 4 1992  61.2 20.7 19.8  0.9   4  66.1  117.7 344  335  532  197  273  538  265
 5 1993  75.9 14.7 12.3  2.4  16  63.3  181.0 382  346  567  221  292  614  322
 6 1994  86.4 10.5  9.6  0.9   8  53.5  234.5 418  395  670  275  320  686  366
 7 1995  97.8 11.4 10.2  1.2  10  66.0  300.5 384  367  530  163  310  570  260
 8 1996 110.4 12.6 11.1  1.5  11  82.4  382.9 386  359  582  223  286  640  354
 9 1997 122.7 12.3 10.2  2.1  17  90.1  473.0 427  398  572  174  335  660  325
10 1998 127.8  5.1  4.5  0.6  11  40.1  513.1 386  362  568  206  335  607  272
11 1999 133.2  5.4  4.8  0.6  11  44.3  557.4 426  402  619  217  341  645  304
12 2000 137.4  4.2  3.3  0.9  21  35.7  593.1 435  402  553  151  362  573  211
13 2001 140.7  3.3  2.4  0.9  27  28.8  621.9 463  392  653  261  371  725  354
14 2002 142.8  2.1  1.5  0.6  28  18.7  640.6 468  422  583  161  380  620  240
15 2003 145.2  2.4  1.2  1.2  49  21.7  662.3 534  464  604  140  435  709  274
16 2004 149.4  4.2  2.1  2.1  50  38.9  701.2 520  419  621  202  370  758  388
17 2005 152.7  3.3  2.4  0.9  27  31.3  732.5 454  427  527  100  385  545  160
18 2006 154.8  2.1  1.5  0.6  28  20.3  752.8 475  422  610  188  377  610  233
19 2007 156.6  1.8  1.2  0.6  33  17.6  770.4 472  430  555  125  388  597  209
20 2008 157.8  1.2  0.6  0.6  50  11.9  782.3 513  449  578  129  443  620  177
21 2009 159.0  1.2  0.3  0.9  75  11.9  794.2 567  447  607  160  447  684  237
22 2010 160.8  1.8  0.9  0.9  49  18.1  812.3 507  442  572  130  410  657  247
23 2011 162.9  2.1  0.9  1.2  57  21.4  833.7 572  459  656  197  441  729  288
24 2012 166.2  3.3  1.2  2.1  63  34.1  867.8 547  404  628  224  378  725  347
25 2013 169.5  3.3  1.2  2.1  63  34.8  902.6 563  420  645  225  400  739  339
26 2014 172.5  3.0  1.2  1.8  60  32.2  934.8 540  408  628  220  377  691  314
27 2015 174.3  1.8  0.6  1.2  66  19.6  954.4 550  422  614  192  411  660  249

Core Length:  174.3 mm
Core Density: 462 kg/m3
Cross-sectional Density:  439 kg/m3
Early/Latewood Threshold: 500 kg/m3
Attenuation Constant: 3.05

ִִִִִִִִִִִִִִִִִִִִִִִִִִִִִִִִִִִִִִִִִִִִִִִִִִִִִִִִִִִִִִִִִִִִִִִִִִִִִִִ
Core : 75
ֲֲֲִִִִִִִִִִִִִִִִִִִִִִִִִִִִִִִִִִִִִִִִִִִִִִִִִִִִִִִִִִִִִִִִִִִִִִִִִִִִ
       ³Widths (mm)              ³ Areas    ³ Densities (kg/m3)
       ³                         ³ (cm‎)    ³
Ring   ³Outer Ring Erly Late   % ³Incr Total³Ring E/Wd L/Wd Unif  Min  Max  Rng
 # Year³ Rad.      Wood Wood  LW ³          ³mean mean mean
ֱֱֱִִִִִִִִִִִִִִִִִִִִִִִִִִִִִִִִִִִִִִִִִִִִִִִִִִִִִִִִִִִִִִִִִִִִִִִִִִִִ

 1 1988   4.9  4.9  3.9  0.0   0   0.8    0.8 403  403    0    0  385  424   39
 2 1989  13.0  8.1  6.0  2.1  25   4.6    5.3 417  382  517  135  332  539  207
 3 1990  34.3 21.3 18.9  2.4  11  31.7   37.0 399  376  583  207  332  640  308
 4 1991  55.3 21.0 18.9  2.1  10  59.1   96.1 392  375  543  168  304  591  287
 5 1992  71.5 16.2 13.5  2.7  16  64.5  160.6 402  371  557  186  315  598  283
 6 1993  87.1 15.6 13.2  2.4  15  77.7  238.3 401  367  586  219  323  663  340
 7 1994  96.4  9.3  8.4  0.9   9  53.6  291.9 401  378  622  244  332  658  326
 8 1995 103.0  6.6  6.0  0.6   9  41.3  333.3 389  376  516  140  338  522  184
 9 1996 108.4  5.4  5.1  0.3   5  35.9  369.2 361  351  539  188  297  539  242
10 1997 112.3  3.9  3.3  0.6  15  27.0  396.2 424  401  552  151  325  601  276
11 1998 114.4  2.1  1.8  0.3  14  15.0  411.2 371  345  522  177  328  522  194
12 1999 116.2  1.8  1.5  0.3  16  13.0  424.2 446  428  538  110  362  538  176
13 2000 117.7  1.5  0.9  0.6  40  11.0  435.2 449  399  525  126  366  525  159
14 2001 118.9  1.2  0.9  0.3  25   8.9  444.1 458  424  561  137  399  561  162
15 2002 120.1  1.2  0.9  0.3  24   9.0  453.1 446  427  501   74  401  501  100
16 2003 120.7  0.6  0.3  0.3  50   4.5  457.7 477  410  545  135  410  545  135
17 2004 121.6  0.9  0.6  0.3  33   6.9  464.5 465  420  557  137  415  557  142

Core Length:  123.6 mm
Core Density: 417 kg/m3
Cross-sectional Density:  402 kg/m3
Early/Latewood Threshold: 500 kg/m3
Attenuation Constant: 3.05

