File : C:\DENSITOM\GLENGA~1\GLEN15.DAT
Cores :
6
12
15
18
19
24
26
28
33
35
40
44
47

ִִִִִִִִִִִִִִִִִִִִִִִִִִִִִִִִִִִִִִִִִִִִִִִִִִִִִִִִִִִִִִִִִִִִִִִִִִִִִִִ
Core : 6
ֲֲֲִִִִִִִִִִִִִִִִִִִִִִִִִִִִִִִִִִִִִִִִִִִִִִִִִִִִִִִִִִִִִִִִִִִִִִִִִִִִ
       ³Widths (mm)              ³ Areas    ³ Densities (kg/m3)
       ³                         ³ (cm‎)    ³
Ring   ³Outer Ring Erly Late   % ³Incr Total³Ring E/Wd L/Wd Unif  Min  Max  Rng
 # Year³ Rad.      Wood Wood  LW ³          ³mean mean mean
ֱֱֱִִִִִִִִִִִִִִִִִִִִִִִִִִִִִִִִִִִִִִִִִִִִִִִִִִִִִִִִִִִִִִִִִִִִִִִִִִִִ

 3 1990  29.0 29.0 20.1  0.9   3  26.4   26.4 347  339  532  193  275  544  269
 4 1991  58.1 29.1 29.1  0.0   0  79.6  106.0 320  320    0    0  252  488  236
 5 1992  86.6 28.5 27.9  0.6   2 129.6  235.6 325  321  530  209  267  560  293
 6 1993 105.2 18.6 15.3  3.3  17 112.1  347.7 386  353  543  190  271  594  323
 7 1994 122.6 17.4 13.5  3.9  22 124.5  472.2 395  347  559  212  290  630  340
 8 1995 140.6 18.0 16.2  1.8  10 148.8  621.0 381  366  517  151  272  536  264
 9 1996 154.7 14.1 12.6  1.5  10 130.8  751.8 378  358  545  187  257  593  336
10 1997 171.2 16.5 12.3  4.2  25 168.9  920.8 418  375  544  169  277  572  295
11 1998 180.8  9.6  8.1  1.5  15 106.2 1026.9 397  354  630  276  281  646  365
12 1999 192.2 11.4 10.8  0.6   5 133.6 1160.5 388  380  532  152  297  562  265
13 2000 197.0  4.8  4.2  0.6  12  58.7 1219.2 371  347  536  189  299  569  270
14 2001 201.2  4.2  3.3  0.9  21  52.5 1271.8 395  344  581  237  310  630  320
15 2002 203.9  2.7  2.4  0.3  11  34.4 1306.1 420  398  594  196  316  594  278
16 2003 208.1  4.2  3.3  0.9  21  54.4 1360.5 419  385  545  160  329  559  230
17 2004 211.7  3.6  2.7  0.9  24  47.5 1408.0 423  366  595  229  325  624  299
18 2005 215.3  3.6  2.7  0.9  25  48.3 1456.3 430  377  590  213  322  626  304
19 2006 218.3  3.0  1.8  1.2  40  40.9 1497.1 465  387  581  194  329  645  316
20 2007 223.1  4.8  3.3  1.5  31  66.6 1563.7 468  395  627  232  314  706  392
21 2008 228.5  5.4  3.3  2.1  38  76.6 1640.3 447  393  531  138  351  547  196
22 2009 233.0  4.5  3.3  1.2  26  65.2 1705.5 438  382  592  210  318  611  293
23 2010 238.7  5.7  3.9  1.8  31  84.5 1790.0 445  377  594  217  322  636  314
24 2011 245.9  7.2  5.1  2.1  29 109.6 1899.6 433  382  558  176  333  589  256
25 2012 251.3  5.4  4.5  0.9  16  84.3 1984.0 436  406  590  184  323  635  312
26 2013 258.8  7.5  4.8  2.7  35 120.2 2104.2 481  398  627  229  345  692  347
27 2014 263.3  4.5  3.3  1.2  26  73.8 2178.0 428  392  526  134  342  549  207
28 2015 266.3  3.0  2.1  0.9  30  49.9 2227.9 473  405  632  227  357  680  323

Core Length:  258.3 mm
Core Density: 411 kg/m3
Cross-sectional Density:  407 kg/m3
Early/Latewood Threshold: 500 kg/m3
Attenuation Constant: 3.05

ִִִִִִִִִִִִִִִִִִִִִִִִִִִִִִִִִִִִִִִִִִִִִִִִִִִִִִִִִִִִִִִִִִִִִִִִִִִִִִִ
Core : 12
ֲֲֲִִִִִִִִִִִִִִִִִִִִִִִִִִִִִִִִִִִִִִִִִִִִִִִִִִִִִִִִִִִִִִִִִִִִִִִִִִִִ
       ³Widths (mm)              ³ Areas    ³ Densities (kg/m3)
       ³                         ³ (cm‎)    ³
Ring   ³Outer Ring Erly Late   % ³Incr Total³Ring E/Wd L/Wd Unif  Min  Max  Rng
 # Year³ Rad.      Wood Wood  LW ³          ³mean mean mean
ֱֱֱִִִִִִִִִִִִִִִִִִִִִִִִִִִִִִִִִִִִִִִִִִִִִִִִִִִִִִִִִִִִִִִִִִִִִִִִִִִִ

 3 1990  26.1 26.1 18.0  2.1   8  21.4   21.4 388  371  534  163  293  563  270
 4 1991  47.7 21.6 21.3  0.3   1  50.1   71.5 352  350  512  162  298  512  214
 5 1992  69.9 22.2 20.4  1.8   8  82.0  153.5 393  381  533  152  322  573  251
 6 1993  86.7 16.8 13.2  3.6  21  82.7  236.2 405  361  567  206  301  618  317
 7 1994 101.4 14.7 11.4  3.3  22  86.9  323.0 408  357  585  228  293  656  363
 8 1995 115.5 14.1 10.8  3.3  23  96.1  419.1 426  389  546  157  310  614  304
 9 1996 132.3 16.8 14.1  2.7  16 130.8  549.9 421  396  548  152  300  573  273
10 1997 148.2 15.9 12.0  3.9  24 140.1  690.0 443  407  554  147  312  580  268
11 1998 157.5  9.3  7.5  1.8  19  89.3  779.3 423  382  596  214  301  664  363
12 1999 167.4  9.9  9.0  0.9   9 101.0  880.4 417  406  528  122  320  536  216
13 2000 174.0  6.6  4.5  2.1  31  70.8  951.1 441  378  575  197  317  661  344
14 2001 180.9  6.9  3.9  3.0  43  76.9 1028.1 490  397  611  214  355  653  298
15 2002 186.0  5.1  3.6  1.5  29  58.8 1086.9 443  394  560  166  332  618  286
16 2003 193.2  7.2  3.9  3.3  45  85.8 1172.6 495  411  594  183  363  681  318
17 2004 201.6  8.4  5.7  2.7  32 104.2 1276.8 455  406  558  152  353  661  308
18 2005 209.1  7.5  5.7  1.8  24  96.8 1373.6 435  396  559  163  322  635  313
19 2006 213.9  4.8  3.0  1.8  37  63.8 1437.4 468  398  585  187  336  667  331
20 2007 219.6  5.7  3.9  1.8  31  77.6 1515.0 482  418  620  202  353  671  318
21 2008 224.1  4.5  2.7  1.8  40  62.7 1577.7 504  423  627  204  366  660  294
22 2009 228.0  3.9  2.1  1.8  46  55.4 1633.1 523  440  620  180  392  721  329
23 2010 232.2  4.2  2.4  1.8  42  60.7 1693.8 472  400  569  169  362  684  322
24 2011 235.8  3.6  2.1  1.5  41  52.9 1746.8 486  414  588  174  381  625  244
25 2012 239.4  3.6  1.8  1.8  49  53.7 1800.5 484  399  569  170  363  616  253
26 2013 242.7  3.3  1.5  1.8  54  50.0 1850.5 517  410  606  196  402  640  238
27 2014 245.4  2.7  0.9  1.8  66  41.4 1891.9 532  422  587  165  403  645  242
28 2015 247.2  1.8  0.9  0.9  49  27.9 1919.8 546  473  618  145  444  685  241

Core Length:  241.2 mm
Core Density: 455 kg/m3
Cross-sectional Density:  449 kg/m3
Early/Latewood Threshold: 500 kg/m3
Attenuation Constant: 3.05

ִִִִִִִִִִִִִִִִִִִִִִִִִִִִִִִִִִִִִִִִִִִִִִִִִִִִִִִִִִִִִִִִִִִִִִִִִִִִִִִ
Core : 15
ֲֲֲִִִִִִִִִִִִִִִִִִִִִִִִִִִִִִִִִִִִִִִִִִִִִִִִִִִִִִִִִִִִִִִִִִִִִִִִִִִִ
       ³Widths (mm)              ³ Areas    ³ Densities (kg/m3)
       ³                         ³ (cm‎)    ³
Ring   ³Outer Ring Erly Late   % ³Incr Total³Ring E/Wd L/Wd Unif  Min  Max  Rng
 # Year³ Rad.      Wood Wood  LW ³          ³mean mean mean
ֱֱֱִִִִִִִִִִִִִִִִִִִִִִִִִִִִִִִִִִִִִִִִִִִִִִִִִִִִִִִִִִִִִִִִִִִִִִִִִִִִ

 3 1990  31.1 31.1 21.0  2.1   6  30.4   30.4 353  333  549  216  287  588  301
 4 1991  56.0 24.9 24.0  0.9   3  68.1   98.5 325  318  523  205  268  534  266
 5 1992  75.8 19.8 19.2  0.6   3  82.0  180.5 333  326  532  206  221  536  315
 6 1993  92.3 16.5 14.4  2.1  12  87.1  267.6 359  332  545  213  279  598  319
 7 1994 107.9 15.6 13.5  2.1  13  98.1  365.8 377  349  552  203  295  617  322
 8 1995 122.6 14.7 13.2  1.5  10 106.4  472.2 364  346  529  183  264  556  292
 9 1996 137.9 15.3 14.1  1.2   7 125.2  597.4 335  317  548  231  224  566  342
10 1997 150.2 12.3 10.2  2.1  17 111.3  708.7 373  333  565  232  243  606  363
11 1998 157.4  7.2  6.9  0.3   4  69.6  778.3 328  317  564  247  249  564  315
12 1999 168.8 11.4 10.5  0.9   7 116.8  895.1 362  347  530  183  255  532  277
13 2000 175.7  6.9  5.4  1.5  21  74.7  969.8 387  346  537  191  273  582  309
14 2001 182.6  6.9  5.1  1.8  26  77.7 1047.5 399  337  577  240  278  645  367
15 2002 189.2  6.6  5.4  1.2  18  77.1 1124.6 392  353  565  212  262  619  357
16 2003 197.0  7.8  6.0  1.8  23  94.6 1219.2 403  364  534  170  293  589  296
17 2004 207.5 10.5  7.8  2.7  25 133.4 1352.7 383  336  521  185  272  541  269
18 2005 214.7  7.2  6.3  0.9  12  95.5 1448.2 376  354  529  175  257  557  300
19 2006 220.4  5.7  4.8  0.9  15  77.9 1526.1 392  358  573  215  276  593  317
20 2007 225.2  4.8  4.2  0.6  12  67.2 1593.3 377  352  554  202  275  585  310
21 2008 230.3  5.1  3.6  1.5  29  73.0 1666.2 416  354  565  211  302  586  284
22 2009 234.2  3.9  3.0  0.9  23  56.9 1723.2 418  367  589  222  305  618  313
23 2010 239.3  5.1  3.3  1.8  35  75.9 1799.0 454  371  605  234  325  653  328
24 2011 245.9  6.6  4.2  2.4  36 100.6 1899.6 450  372  587  215  320  637  317
25 2012 251.9  6.0  4.8  1.2  20  93.8 1993.5 419  376  593  217  308  619  311
26 2013 257.0  5.1  3.3  1.8  35  81.5 2075.0 436  352  590  238  316  640  324
27 2014 261.2  4.2  2.4  1.8  42  68.4 2143.4 444  371  541  170  317  568  251
28 2015 265.7  4.5  3.0  1.5  33  74.5 2217.9 441  362  599  237  317  668  351

Core Length:  257.7 mm
Core Density: 388 kg/m3
Cross-sectional Density:  387 kg/m3
Early/Latewood Threshold: 500 kg/m3
Attenuation Constant: 3.05

ִִִִִִִִִִִִִִִִִִִִִִִִִִִִִִִִִִִִִִִִִִִִִִִִִִִִִִִִִִִִִִִִִִִִִִִִִִִִִִִ
Core : 18
ֲֲֲִִִִִִִִִִִִִִִִִִִִִִִִִִִִִִִִִִִִִִִִִִִִִִִִִִִִִִִִִִִִִִִִִִִִִִִִִִִִ
       ³Widths (mm)              ³ Areas    ³ Densities (kg/m3)
       ³                         ³ (cm‎)    ³
Ring   ³Outer Ring Erly Late   % ³Incr Total³Ring E/Wd L/Wd Unif  Min  Max  Rng
 # Year³ Rad.      Wood Wood  LW ³          ³mean mean mean
ֱֱֱִִִִִִִִִִִִִִִִִִִִִִִִִִִִִִִִִִִִִִִִִִִִִִִִִִִִִִִִִִִִִִִִִִִִִִִִִִִִ

 1 1989   6.3  6.3  6.3  0.0   0   1.2    1.2 312  312    0    0  145  482  337
 2 1990  16.2  9.9  9.6  0.3   3   7.0    8.2 344  339  501  162  283  501  218
 3 1991  36.6 20.4 18.9  1.5   7  33.8   42.1 357  343  529  186  282  542  260
 4 1992  59.7 23.1 22.5  0.6   2  69.9  112.0 358  354  528  174  291  535  244
 5 1993  80.7 21.0 17.7  3.3  15  92.6  204.6 399  373  535  162  312  560  248
 6 1994 101.4 20.7 18.3  2.4  11 118.4  323.0 403  386  537  151  314  575  261
 7 1995 120.9 19.5 18.6  0.9   4 136.2  459.2 384  376  567  191  282  602  320
 8 1996 138.9 18.0 17.4  0.6   3 146.9  606.1 379  373  564  191  276  588  312
 9 1997 155.1 16.2 15.6  0.6   3 149.6  755.7 390  385  538  153  328  545  217
10 1998 162.9  7.8  7.2  0.6   7  77.9  833.7 385  374  511  137  320  516  196
11 1999 170.1  7.2  6.6  0.6   8  75.3  909.0 405  393  531  138  304  551  247
12 2000 175.2  5.1  4.2  0.9  17  55.3  964.3 412  382  551  169  310  603  293
13 2001 181.2  6.0  5.1  0.9  15  67.2 1031.5 394  364  564  200  307  626  319
14 2002 185.1  3.9  3.6  0.3   7  44.9 1076.4 395  383  544  161  310  544  234
15 2003 189.6  4.5  4.5  0.0   0  53.0 1129.3 402  402    0    0  329  489  160
16 2004 193.5  3.9  3.0  0.9  23  46.9 1176.3 423  378  574  196  327  596  269
17 2005 198.0  4.5  3.3  1.2  26  55.3 1231.6 431  395  530  135  321  549  228
18 2006 201.9  3.9  3.0  0.9  23  49.0 1280.6 442  408  555  147  335  586  251
19 2007 206.1  4.2  3.6  0.6  14  53.8 1334.5 415  392  557  165  323  568  245
20 2008 209.7  3.6  2.7  0.9  24  47.0 1381.5 432  387  565  178  331  576  245
21 2009 213.0  3.3  2.4  0.9  27  43.8 1425.3 435  396  540  144  329  551  222
22 2010 216.3  3.3  3.0  0.3   9  44.5 1469.8 402  386  559  173  329  559  230
23 2011 218.7  2.4  2.1  0.3  12  32.8 1502.6 422  399  583  184  348  583  235
24 2012 220.5  1.8  1.5  0.3  16  24.8 1527.5 440  428  502   74  382  502  120
25 2013 221.7  1.2  0.6  0.6  50  16.7 1544.1 520  459  580  121  431  605  174
26 2014 223.5  1.8  0.6  1.2  66  25.2 1569.3 530  439  576  137  425  624  199
27 2015 226.5  3.0  1.2  1.8  60  42.4 1611.7 532  438  594  156  427  674  247

Core Length:  226.5 mm
Core Density: 412 kg/m3
Cross-sectional Density:  405 kg/m3
Early/Latewood Threshold: 500 kg/m3
Attenuation Constant: 3.05

ִִִִִִִִִִִִִִִִִִִִִִִִִִִִִִִִִִִִִִִִִִִִִִִִִִִִִִִִִִִִִִִִִִִִִִִִִִִִִִִ
Core : 19
ֲֲֲִִִִִִִִִִִִִִִִִִִִִִִִִִִִִִִִִִִִִִִִִִִִִִִִִִִִִִִִִִִִִִִִִִִִִִִִִִִִ
       ³Widths (mm)              ³ Areas    ³ Densities (kg/m3)
       ³                         ³ (cm‎)    ³
Ring   ³Outer Ring Erly Late   % ³Incr Total³Ring E/Wd L/Wd Unif  Min  Max  Rng
 # Year³ Rad.      Wood Wood  LW ³          ³mean mean mean
ֱֱֱִִִִִִִִִִִִִִִִִִִִִִִִִִִִִִִִִִִִִִִִִִִִִִִִִִִִִִִִִִִִִִִִִִִִִִִִִִִִ

 3 1990  30.3 30.3 20.7  0.6   1  28.8   28.8 314  309  509  200  232  512  280
 4 1991  63.3 33.0 33.0  0.0   0  97.0  125.9 327  327    0    0  252  486  234
 5 1992  99.9 36.6 34.8  1.8   4 187.7  313.5 374  366  519  153  287  532  245
 6 1993 127.8 27.9 23.7  4.2  15 199.6  513.1 387  361  536  175  299  575  276
 7 1994 147.3 19.5 16.2  3.3  16 168.5  681.6 410  378  571  193  310  618  308
 8 1995 164.1 16.8 14.4  2.4  14 164.4  846.0 398  372  554  182  298  630  332
 9 1996 174.9 10.8  9.3  1.5  13 115.0  961.0 384  355  569  214  303  604  301
10 1997 185.7 10.8  8.4  2.4  22 122.3 1083.4 420  375  580  205  331  634  303
11 1998 192.9  7.2  6.9  0.3   4  85.6 1169.0 348  340  525  185  293  525  232
12 1999 195.0  2.1  1.8  0.3  14  25.6 1194.6 400  383  506  123  328  506  178
13 2000 197.1  2.1  2.1  0.0   0  25.9 1220.5 414  414    0    0  323  497  174
14 2001 199.2  2.1  1.5  0.6  28  26.1 1246.6 413  373  516  143  332  532  200
15 2002 200.1  0.9  0.9  0.0   0  11.3 1257.9 365  365    0    0  358  375   17
16 2003 201.0  0.9  0.9  0.0   0  11.3 1269.2 362  362    0    0  333  384   51
17 2004 202.2  1.2  1.2  0.0   0  15.2 1284.4 393  393    0    0  377  425   48
18 2005 204.0  1.8  1.5  0.3  16  23.0 1307.4 422  390  584  194  385  584  199
19 2006 205.5  1.5  1.5  0.0   0  19.3 1326.7 387  387    0    0  360  426   66
20 2007 207.0  1.5  1.2  0.3  20  19.4 1346.1 413  387  521  134  330  521  191
21 2008 208.5  1.5  1.2  0.3  20  19.6 1365.7 417  389  532  143  360  532  172
22 2009 209.1  0.6  0.3  0.3  50   7.9 1373.6 490  415  566  151  415  566  151
23 2010 209.7  0.6  0.6  0.0   0   7.9 1381.5 407  407    0    0  354  460  106
24 2011 210.3  0.6  0.6  0.0   0   7.9 1389.4 410  410    0    0  377  444   67
25 2012 210.6  0.3  0.3  0.0   0   4.0 1393.4 383  383    0    0  383  383    0
26 2013 211.2  0.6  0.6  0.0   0   8.0 1401.3 389  389    0    0  360  418   58
27 2014 211.8  0.6  0.6  0.0   0   8.0 1409.3 402  402    0    0  337  468  131
28 2015 212.4  0.6  0.6  0.0   0   8.0 1417.3 316  316    0    0  244  388  144

Core Length:  203.4 mm
Core Density: 390 kg/m3
Cross-sectional Density:  386 kg/m3
Early/Latewood Threshold: 500 kg/m3
Attenuation Constant: 3.05

ִִִִִִִִִִִִִִִִִִִִִִִִִִִִִִִִִִִִִִִִִִִִִִִִִִִִִִִִִִִִִִִִִִִִִִִִִִִִִִִ
Core : 24
ֲֲֲִִִִִִִִִִִִִִִִִִִִִִִִִִִִִִִִִִִִִִִִִִִִִִִִִִִִִִִִִִִִִִִִִִִִִִִִִִִִ
       ³Widths (mm)              ³ Areas    ³ Densities (kg/m3)
       ³                         ³ (cm‎)    ³
Ring   ³Outer Ring Erly Late   % ³Incr Total³Ring E/Wd L/Wd Unif  Min  Max  Rng
 # Year³ Rad.      Wood Wood  LW ³          ³mean mean mean
ֱֱֱִִִִִִִִִִִִִִִִִִִִִִִִִִִִִִִִִִִִִִִִִִִִִִִִִִִִִִִִִִִִִִִִִִִִִִִִִִִִ

 1 1989  12.9 12.9 12.6  0.3   2   5.2    5.2 347  341  569  228  210  569  359
 2 1990  35.7 22.8 21.6  1.2   5  34.8   40.0 318  306  524  218  249  535  286
 3 1991  59.4 23.7 22.2  1.5   6  70.8  110.8 340  328  517  189  268  524  256
 4 1992  83.7 24.3 22.5  1.8   7 109.2  220.1 358  344  529  185  287  548  261
 5 1993 105.9 22.2 19.8  2.4  10 132.2  352.3 365  346  527  181  270  551  281
 6 1994 126.9 21.0 16.8  4.2  20 153.6  505.9 403  364  557  193  305  617  312
 7 1995 146.7 19.8 15.0  4.8  24 170.2  676.1 420  381  542  161  299  599  300
 8 1996 164.7 18.0 16.5  1.5   8 176.1  852.2 381  367  537  170  290  568  278
 9 1997 178.2 13.5 10.5  3.0  22 145.4  997.6 430  392  564  172  301  618  317
10 1998 187.8  9.6  7.5  2.1  21 110.4 1108.0 421  382  561  179  300  604  304
11 1999 200.4 12.6 10.8  1.8  14 153.7 1261.7 425  407  532  125  328  602  274
12 2000 208.2  7.8  5.4  2.4  30 100.1 1361.8 450  391  581  190  334  670  336
13 2001 215.7  7.5  5.7  1.8  24  99.9 1461.7 453  410  589  179  350  655  305
14 2002 223.2  7.5  5.1  2.4  32 103.4 1565.1 449  381  593  212  312  681  369
15 2003 232.5  9.3  6.0  3.3  35 133.1 1698.2 457  408  546  138  352  652  300
16 2004 241.8  9.3  5.1  4.2  45 138.6 1836.8 477  387  586  199  357  649  292
17 2005 252.9 11.1  7.5  3.6  32 172.5 2009.3 477  426  581  155  348  637  289
18 2006 259.2  6.3  4.2  2.1  33 101.4 2110.7 450  392  565  173  332  622  290
19 2007 263.7  4.5  3.3  1.2  26  73.9 2184.6 452  406  577  171  349  670  321
20 2008 267.6  3.9  2.7  1.2  30  65.1 2249.7 469  406  612  206  361  653  292
21 2009 270.6  3.0  2.1  0.9  30  50.7 2300.4 479  422  614  192  356  652  296
22 2010 275.4  4.8  2.7  2.1  43  82.3 2382.7 509  418  627  209  346  696  350
23 2011 282.0  6.6  4.2  2.4  36 115.6 2498.3 489  422  605  183  346  670  324
24 2012 286.8  4.8  2.7  2.1  43  85.8 2584.1 489  418  580  162  371  676  305
25 2013 291.3  4.5  3.0  1.5  33  81.7 2665.8 477  410  610  200  352  724  372
26 2014 295.5  4.2  2.4  1.8  42  77.4 2743.2 486  400  601  201  336  642  306
27 2015 300.6  5.1  3.3  1.8  35  95.5 2838.8 462  393  587  194  226  662  436

Core Length:  300.6 mm
Core Density: 419 kg/m3
Cross-sectional Density:  436 kg/m3
Early/Latewood Threshold: 500 kg/m3
Attenuation Constant: 3.05

ִִִִִִִִִִִִִִִִִִִִִִִִִִִִִִִִִִִִִִִִִִִִִִִִִִִִִִִִִִִִִִִִִִִִִִִִִִִִִִִ
Core : 26
ֲֲֲִִִִִִִִִִִִִִִִִִִִִִִִִִִִִִִִִִִִִִִִִִִִִִִִִִִִִִִִִִִִִִִִִִִִִִִִִִִִ
       ³Widths (mm)              ³ Areas    ³ Densities (kg/m3)
       ³                         ³ (cm‎)    ³
Ring   ³Outer Ring Erly Late   % ³Incr Total³Ring E/Wd L/Wd Unif  Min  Max  Rng
 # Year³ Rad.      Wood Wood  LW ³          ³mean mean mean
ֱֱֱִִִִִִִִִִִִִִִִִִִִִִִִִִִִִִִִִִִִִִִִִִִִִִִִִִִִִִִִִִִִִִִִִִִִִִִִִִִִ

 3 1990  30.9 30.9 22.2  2.7   8  30.0   30.0 396  374  572  198  334  607  273
 4 1991  55.5 24.6 22.5  2.1   8  66.8   96.8 381  366  532  166  306  554  248
 5 1992  79.2 23.7 22.2  1.5   6 100.3  197.1 370  357  561  204  292  587  295
 6 1993  96.9 17.7 16.5  1.2   6  97.9  295.0 365  353  539  186  303  580  277
 7 1994 110.7 13.8 10.8  3.0  21  90.0  385.0 418  373  582  209  328  619  291
 8 1995 126.9 16.2 12.9  3.3  20 120.9  505.9 417  385  542  157  310  594  284
 9 1996 139.8 12.9 11.7  1.2   9 108.1  614.0 380  364  533  169  282  553  271
10 1997 150.3 10.5  9.0  1.5  14  95.7  709.7 406  383  542  159  272  567  295
11 1998 157.2  6.9  6.3  0.6   8  66.7  776.3 389  373  556  183  292  581  289
12 1999 164.7  7.5  6.0  1.5  20  75.8  852.2 429  399  551  152  307  605  298
13 2000 168.6  3.9  3.0  0.9  23  40.8  893.0 430  393  553  160  328  580  252
14 2001 174.0  5.4  3.6  1.8  33  58.1  951.1 481  411  620  209  367  667  300
15 2002 178.8  4.8  3.6  1.2  24  53.2 1004.3 465  417  607  190  333  666  333
16 2003 186.0  7.2  5.1  2.1  29  82.5 1086.9 444  406  538  132  319  596  277
17 2004 191.7  5.7  3.9  1.8  31  67.6 1154.5 428  365  563  198  292  605  313
18 2005 196.2  4.5  4.5  0.0   0  54.8 1209.3 381  381    0    0  310  494  184
19 2006 199.8  3.6  2.1  1.5  41  44.8 1254.1 445  357  569  212  288  615  327
20 2007 203.1  3.3  2.7  0.6  18  41.8 1295.9 422  392  554  162  316  593  277
21 2008 206.4  3.3  2.1  1.2  36  42.5 1338.3 477  389  633  244  335  668  333
22 2009 209.4  3.0  2.4  0.6  20  39.2 1377.5 427  399  542  143  321  575  254
23 2010 211.5  2.1  1.5  0.6  28  27.8 1405.3 460  396  619  223  354  650  296
24 2011 213.6  2.1  1.8  0.3  14  28.0 1433.4 412  397  502  105  357  502  145
25 2012 215.7  2.1  1.2  0.9  42  28.3 1461.7 465  373  587  214  343  635  292
26 2013 217.8  2.1  1.5  0.6  28  28.6 1490.3 450  402  570  168  357  607  250
27 2014 219.3  1.5  0.6  0.9  60  20.6 1510.9 493  377  571  194  369  653  284
28 2015 220.8  1.5  1.2  0.3  20  20.7 1531.6 411  362  609  247  201  609  408

Core Length:  214.8 mm
Core Density: 424 kg/m3
Cross-sectional Density:  415 kg/m3
Early/Latewood Threshold: 500 kg/m3
Attenuation Constant: 3.05

ִִִִִִִִִִִִִִִִִִִִִִִִִִִִִִִִִִִִִִִִִִִִִִִִִִִִִִִִִִִִִִִִִִִִִִִִִִִִִִִ
Core : 28
ֲֲֲִִִִִִִִִִִִִִִִִִִִִִִִִִִִִִִִִִִִִִִִִִִִִִִִִִִִִִִִִִִִִִִִִִִִִִִִִִִִ
       ³Widths (mm)              ³ Areas    ³ Densities (kg/m3)
       ³                         ³ (cm‎)    ³
Ring   ³Outer Ring Erly Late   % ³Incr Total³Ring E/Wd L/Wd Unif  Min  Max  Rng
 # Year³ Rad.      Wood Wood  LW ³          ³mean mean mean
ֱֱֱִִִִִִִִִִִִִִִִִִִִִִִִִִִִִִִִִִִִִִִִִִִִִִִִִִִִִִִִִִִִִִִִִִִִִִִִִִִִ

 1 1988   2.1  2.1  2.1  0.0   0   0.1    0.1 369  369    0    0  248  486  238
 2 1989   9.3  7.2  7.2  0.0   0   2.6    2.7 356  356    0    0  288  476  188
 3 1990  27.0 17.7 17.1  0.6   3  20.2   22.9 359  353  527  174  309  550  241
 4 1991  51.6 24.6 22.2  2.4   9  60.7   83.6 365  347  528  181  297  550  253
 5 1992  72.9 21.3 20.7  0.6   2  83.3  167.0 356  352  515  163  281  523  242
 6 1993  82.2  9.3  7.2  2.1  22  45.3  212.3 399  351  565  214  307  658  351
 7 1994  93.9 11.7  9.3  2.4  20  64.7  277.0 423  376  607  231  310  677  367
 8 1995 103.8  9.9  7.5  2.4  24  61.5  338.5 430  386  568  182  309  632  323
 9 1996 117.9 14.1 12.9  1.2   8  98.2  436.7 380  363  567  204  282  617  335
10 1997 135.0 17.1 13.5  3.6  21 135.9  572.6 419  378  573  195  296  632  336
11 1998 143.7  8.7  7.8  0.9  10  76.2  648.7 373  346  612  266  296  627  331
12 1999 153.6  9.9  9.3  0.6   6  92.5  741.2 395  384  560  176  291  581  290
13 2000 157.8  4.2  3.6  0.6  14  41.1  782.3 381  354  540  186  300  575  275
14 2001 161.4  3.6  3.0  0.6  16  36.1  818.4 425  386  622  236  318  677  359
15 2002 165.0  3.6  3.0  0.6  16  36.9  855.3 420  386  588  202  322  670  348
16 2003 170.1  5.1  3.9  1.2  23  53.7  909.0 441  407  554  147  358  633  275
17 2004 176.1  6.0  4.5  1.5  25  65.3  974.2 421  360  605  245  323  649  326
18 2005 180.3  4.2  3.0  1.2  28  47.0 1021.3 430  375  567  192  310  609  299
19 2006 182.7  2.4  1.5  0.9  37  27.4 1048.6 445  367  576  209  314  681  367
20 2007 185.7  3.0  2.7  0.3  10  34.7 1083.4 395  373  597  224  312  597  285
21 2008 187.8  2.1  1.5  0.6  28  24.6 1108.0 481  410  657  247  356  667  311
22 2009 190.5  2.7  2.1  0.6  22  32.1 1140.1 435  386  605  219  363  640  277
23 2010 192.0  1.5  0.9  0.6  40  18.0 1158.1 457  373  584  211  354  646  292
24 2011 193.8  1.8  1.8  0.0   0  21.8 1179.9 376  376    0    0  333  445  112
25 2012 194.7  0.9  0.9  0.0   0  11.0 1190.9 377  377    0    0  321  422  101
26 2013 195.6  0.9  0.6  0.3  33  11.0 1202.0 436  402  504  102  359  504  145
27 2014 197.1  1.5  0.9  0.6  40  18.5 1220.5 480  402  599  197  377  604  227
28 2015 199.5  2.4  1.5  0.9  37  29.9 1250.4 468  375  624  249  257  649  392

Core Length:  199.5 mm
Core Density: 410 kg/m3
Cross-sectional Density:  407 kg/m3
Early/Latewood Threshold: 500 kg/m3
Attenuation Constant: 3.05

ִִִִִִִִִִִִִִִִִִִִִִִִִִִִִִִִִִִִִִִִִִִִִִִִִִִִִִִִִִִִִִִִִִִִִִִִִִִִִִִ
Core : 33
ֲֲֲִִִִִִִִִִִִִִִִִִִִִִִִִִִִִִִִִִִִִִִִִִִִִִִִִִִִִִִִִִִִִִִִִִִִִִִִִִִִ
       ³Widths (mm)              ³ Areas    ³ Densities (kg/m3)
       ³                         ³ (cm‎)    ³
Ring   ³Outer Ring Erly Late   % ³Incr Total³Ring E/Wd L/Wd Unif  Min  Max  Rng
 # Year³ Rad.      Wood Wood  LW ³          ³mean mean mean
ֱֱֱִִִִִִִִִִִִִִִִִִִִִִִִִִִִִִִִִִִִִִִִִִִִִִִִִִִִִִִִִִִִִִִִִִִִִִִִִִִִ

 3 1990  22.9 22.9 13.5  2.4  10  16.5   16.5 435  406  594  188  375  651  276
 4 1991  48.7 25.8 21.9  3.9  15  58.0   74.5 416  388  574  186  325  650  325
 5 1992  71.8 23.1 21.3  1.8   7  87.4  162.0 404  388  601  213  327  661  334
 6 1993  93.4 21.6 16.2  5.4  25 112.1  274.1 438  391  579  188  354  641  287
 7 1994 109.9 16.5 12.6  3.9  23 105.4  379.4 468  418  631  213  379  708  329
 8 1995 126.7 16.8 12.3  4.5  26 124.9  504.3 479  433  605  172  395  693  298
 9 1996 145.9 19.2 15.6  3.6  18 164.4  668.7 464  438  577  139  387  709  322
10 1997 158.5 12.6  9.3  3.3  26 120.5  789.2 495  457  603  146  422  675  253
11 1998 166.0  7.5  6.6  0.9  12  76.5  865.7 439  417  598  181  383  681  298
12 1999 172.9  6.9  5.4  1.5  21  73.5  939.2 483  459  569  110  404  665  261
13 2000 176.2  3.3  1.8  1.5  45  36.2  975.4 489  437  551  114  423  655  232
14 2001 178.6  2.4  2.1  0.3  12  26.8 1002.1 472  450  629  179  423  629  206
15 2002 180.4  1.8  0.9  0.9  49  20.3 1022.4 526  459  593  134  436  635  199
16 2003 182.2  1.8  0.6  1.2  66  20.5 1042.9 520  481  540   59  469  589  120
17 2004 183.7  1.5  0.9  0.6  40  17.2 1060.2 523  476  594  118  475  668  193
18 2005 184.3  0.6  0.0  0.6 100   6.9 1067.1 540    0  540  540  501  579   78
19 2006 184.9  0.6  0.0  0.6  99   7.0 1074.0 580    0  580  580  578  582    4
20 2007 185.5  0.6  0.0  0.6 100   7.0 1081.0 555    0  555  555  549  561   12
21 2008 185.8  0.3  0.3  0.0   0   3.5 1084.5 493  493    0    0  493  493    0
22 2009 186.4  0.6  0.0  0.6  99   7.0 1091.5 588    0  588  588  584  593    9
23 2010 186.7  0.3  0.0  0.3  99   3.5 1095.1 594    0  594  594  594  594    0
24 2011 187.3  0.6  0.0  0.6 100   7.0 1102.1 565    0  565  565  547  583   36
25 2012 187.6  0.3  0.0  0.3  99   3.5 1105.6 546    0  546  546  546  546    0
26 2013 187.9  0.3  0.3  0.0   0   3.5 1109.2 495  495    0    0  495  495    0
27 2014 188.8  0.9  0.3  0.6  66  10.7 1119.8 532  492  552   60  492  573   81
28 2015 189.4  0.6  0.3  0.3  49   7.1 1127.0 434  358  510  152  358  510  152

Core Length:  182.4 mm
Core Density: 498 kg/m3
Cross-sectional Density:  467 kg/m3
Early/Latewood Threshold: 500 kg/m3
Attenuation Constant: 3.05

ִִִִִִִִִִִִִִִִִִִִִִִִִִִִִִִִִִִִִִִִִִִִִִִִִִִִִִִִִִִִִִִִִִִִִִִִִִִִִִִ
Core : 35
ֲֲֲִִִִִִִִִִִִִִִִִִִִִִִִִִִִִִִִִִִִִִִִִִִִִִִִִִִִִִִִִִִִִִִִִִִִִִִִִִִִ
       ³Widths (mm)              ³ Areas    ³ Densities (kg/m3)
       ³                         ³ (cm‎)    ³
Ring   ³Outer Ring Erly Late   % ³Incr Total³Ring E/Wd L/Wd Unif  Min  Max  Rng
 # Year³ Rad.      Wood Wood  LW ³          ³mean mean mean
ֱֱֱִִִִִִִִִִִִִִִִִִִִִִִִִִִִִִִִִִִִִִִִִִִִִִִִִִִִִִִִִִִִִִִִִִִִִִִִִִִִ

 5 1992  21.3 21.3 14.7  0.6   2  14.3   14.3 346  339  520  181  257  522  265
 6 1993  45.0 23.7 21.3  2.4  10  49.4   63.6 365  346  530  184  278  548  270
 7 1994  67.8 22.8 19.2  3.6  15  80.8  144.4 411  385  549  164  307  589  282
 8 1995  90.6 22.8 20.7  2.1   9 113.5  257.9 396  381  540  159  302  563  261
 9 1996 113.7 23.1 19.8  3.3  14 148.3  406.1 401  377  545  168  311  561  250
10 1997 133.2 19.5 15.3  4.2  21 151.3  557.4 435  407  541  134  328  586  258
11 1998 143.7 10.5  9.3  1.2  11  91.3  648.7 402  381  560  179  343  576  233
12 1999 153.6  9.9  9.6  0.3   3  92.5  741.2 411  409  500   91  335  500  165
13 2000 160.2  6.6  5.1  1.5  22  65.1  806.3 412  368  558  190  290  625  335
14 2001 168.6  8.4  5.4  3.0  35  86.8  893.0 443  384  550  166  314  606  292
15 2002 176.4  7.8  6.0  1.8  23  84.5  977.6 424  385  554  169  281  607  326
16 2003 184.2  7.8  6.6  1.2  15  88.4 1065.9 407  385  526  141  315  575  260
17 2004 189.9  5.7  4.2  1.5  26  67.0 1132.9 409  358  551  193  303  562  259
18 2005 195.6  5.7  4.8  0.9  15  69.0 1202.0 424  396  577  181  312  591  279
19 2006 198.9  3.3  2.1  1.2  36  40.9 1242.9 435  357  571  214  300  656  356
20 2007 202.2  3.3  1.8  1.5  45  41.6 1284.4 482  417  561  144  334  604  270
21 2008 204.9  2.7  0.9  1.8  66  34.5 1319.0 527  403  589  186  350  654  304
22 2009 207.6  2.7  1.5  1.2  44  35.0 1354.0 507  425  611  186  377  681  304
23 2010 210.6  3.0  1.8  1.2  40  39.4 1393.4 485  407  603  196  353  671  318
24 2011 214.2  3.6  3.0  0.6  16  48.0 1441.4 433  405  570  165  349  572  223
25 2012 216.6  2.4  1.8  0.6  25  32.5 1473.9 424  386  539  153  325  546  221
26 2013 219.0  2.4  1.5  0.9  37  32.8 1506.7 495  418  623  205  362  653  291
27 2014 221.1  2.1  1.2  0.9  42  29.0 1535.8 480  402  585  183  348  612  264
28 2015 223.5  2.4  1.2  1.2  49  33.5 1569.3 492  411  574  163  381  675  294

Core Length:  217.5 mm
Core Density: 435 kg/m3
Cross-sectional Density:  426 kg/m3
Early/Latewood Threshold: 500 kg/m3
Attenuation Constant: 3.05

ִִִִִִִִִִִִִִִִִִִִִִִִִִִִִִִִִִִִִִִִִִִִִִִִִִִִִִִִִִִִִִִִִִִִִִִִִִִִִִִ
Core : 40
ֲֲֲִִִִִִִִִִִִִִִִִִִִִִִִִִִִִִִִִִִִִִִִִִִִִִִִִִִִִִִִִִִִִִִִִִִִִִִִִִִִ
       ³Widths (mm)              ³ Areas    ³ Densities (kg/m3)
       ³                         ³ (cm‎)    ³
Ring   ³Outer Ring Erly Late   % ³Incr Total³Ring E/Wd L/Wd Unif  Min  Max  Rng
 # Year³ Rad.      Wood Wood  LW ³          ³mean mean mean
ֱֱֱִִִִִִִִִִִִִִִִִִִִִִִִִִִִִִִִִִִִִִִִִִִִִִִִִִִִִִִִִִִִִִִִִִִִִִִִִִִִ

 3 1990  25.0 25.0 16.8  1.2   4  19.6   19.6 356  343  530  187  291  550  259
 4 1991  50.2 25.2 24.6  0.6   2  59.5   79.2 351  347  521  174  281  522  241
 5 1992  75.7 25.5 24.6  0.9   3 100.9  180.0 368  362  531  169  293  552  259
 6 1993  97.6 21.9 18.9  3.0  13 119.2  299.3 387  361  547  186  296  568  272
 7 1994 121.3 23.7 19.5  4.2  17 163.0  462.2 401  370  545  175  312  607  295
 8 1995 147.1 25.8 23.1  2.7  10 217.5  679.8 393  375  553  178  308  590  282
 9 1996 169.9 22.8 21.3  1.5   6 227.1  906.9 399  389  533  144  301  546  245
10 1997 190.9 21.0 18.0  3.0  14 238.0 1144.9 409  392  514  122  312  528  216
11 1998 203.2 12.3 10.8  1.5  12 152.3 1297.2 397  375  555  180  323  595  272
12 1999 216.1 12.9 12.6  0.3   2 169.9 1467.1 402  399  539  140  326  539  213
13 2000 223.6  7.5  6.3  1.2  16 103.6 1570.7 398  375  523  148  309  562  253
14 2001 232.9  9.3  6.6  2.7  29 133.4 1704.1 419  364  555  191  315  610  295
15 2002 241.0  8.1  6.0  2.1  25 120.6 1824.7 432  390  553  163  313  588  275
16 2003 253.9 12.9 11.7  1.2   9 200.6 2025.2 403  388  546  158  325  589  264
17 2004 263.2  9.3  9.3  0.0   0 151.1 2176.3 378  378    0    0  300  490  190
18 2005 271.3  8.1  8.1  0.0   0 136.0 2312.3 368  368    0    0  324  470  146
19 2006 275.8  4.5  3.9  0.6  13  77.3 2389.7 409  384  568  184  300  572  272
20 2007 283.3  7.5  5.7  1.8  24 131.7 2521.4 429  376  594  218  318  655  337
21 2008 292.6  9.3  7.5  1.8  19 168.3 2689.7 409  383  517  134  330  550  220
22 2009 297.7  5.1  4.2  0.9  17  94.6 2784.2 409  379  549  170  331  560  229
23 2010 302.8  5.1  4.2  0.9  17  96.2 2880.5 390  360  532  172  304  542  238
24 2011 309.1  6.3  6.3  0.0   0 121.1 3001.6 383  383    0    0  315  487  172
25 2012 313.6  4.5  4.5  0.0   0  88.0 3089.6 352  352    0    0  292  469  177
26 2013 317.5  3.9  2.7  1.2  30  77.3 3166.9 424  365  556  191  314  604  290
27 2014 320.8  3.3  3.3  0.0   0  66.2 3233.1 385  385    0    0  324  473  149
28 2015 322.9  2.1  2.1  0.0   0  42.5 3275.6 351  351    0    0  325  458  133

Core Length:  315.9 mm
Core Density: 377 kg/m3
Cross-sectional Density:  396 kg/m3
Early/Latewood Threshold: 500 kg/m3
Attenuation Constant: 3.05

ִִִִִִִִִִִִִִִִִִִִִִִִִִִִִִִִִִִִִִִִִִִִִִִִִִִִִִִִִִִִִִִִִִִִִִִִִִִִִִִ
Core : 44
ֲֲֲִִִִִִִִִִִִִִִִִִִִִִִִִִִִִִִִִִִִִִִִִִִִִִִִִִִִִִִִִִִִִִִִִִִִִִִִִִִִ
       ³Widths (mm)              ³ Areas    ³ Densities (kg/m3)
       ³                         ³ (cm‎)    ³
Ring   ³Outer Ring Erly Late   % ³Incr Total³Ring E/Wd L/Wd Unif  Min  Max  Rng
 # Year³ Rad.      Wood Wood  LW ³          ³mean mean mean
ֱֱֱִִִִִִִִִִִִִִִִִִִִִִִִִִִִִִִִִִִִִִִִִִִִִִִִִִִִִִִִִִִִִִִִִִִִִִִִִִִִ

 3 1990  28.4 28.4 23.1  0.3   1  25.3   25.3 313  311  500  189  242  500  258
 4 1991  56.3 27.9 27.9  0.0   0  74.2   99.6 308  308    0    0  244  481  237
 5 1992  83.3 27.0 26.1  0.9   3 118.4  218.0 313  306  523  217  238  525  287
 6 1993 106.1 22.8 22.8  0.0   0 135.7  353.7 351  351    0    0  279  496  217
 7 1994 122.3 16.2 14.7  1.5   9 116.2  469.9 376  357  562  205  299  616  317
 8 1995 142.7 20.4 18.9  1.5   7 169.8  639.7 376  365  519  154  297  531  234
 9 1996 161.6 18.9 18.9  0.0   0 180.7  820.4 331  331    0    0  266  485  219
10 1997 176.6 15.0 15.0  0.0   0 159.4  979.8 350  350    0    0  259  466  207
11 1998 189.5 12.9 12.9  0.0   0 148.4 1128.2 308  308    0    0  239  462  223
12 1999 203.0 13.5 13.5  0.0   0 166.5 1294.6 330  330    0    0  256  422  166
13 2000 210.8  7.8  7.2  0.6   7 101.4 1396.0 339  324  518  194  240  535  295
14 2001 219.2  8.4  7.8  0.6   7 113.5 1509.5 334  320  518  198  263  520  257
15 2002 224.6  5.4  5.1  0.3   5  75.3 1584.8 320  309  509  200  261  509  248
16 2003 229.7  5.1  5.1  0.0   0  72.8 1657.6 322  322    0    0  278  457  179
17 2004 235.4  5.7  4.8  0.9  15  83.3 1740.9 360  333  505  172  272  515  243
18 2005 242.3  6.9  6.6  0.3   4 103.6 1844.4 348  341  517  176  267  517  250
19 2006 245.9  3.6  3.3  0.3   8  55.2 1899.6 327  308  534  226  257  534  277
20 2007 248.6  2.7  2.7  0.0   0  41.9 1941.6 325  325    0    0  272  452  180
21 2008 250.7  2.1  1.5  0.6  28  32.9 1974.5 398  337  551  214  308  595  287
22 2009 252.5  1.8  1.8  0.0   0  28.5 2003.0 361  361    0    0  286  497  211
23 2010 254.3  1.8  1.8  0.0   0  28.7 2031.6 318  318    0    0  269  400  131
24 2011 256.4  2.1  2.1  0.0   0  33.7 2065.3 316  316    0    0  264  486  222
25 2012 258.2  1.8  1.8  0.0   0  29.1 2094.4 333  333    0    0  269  434  165
26 2013 260.6  2.4  1.5  0.9  37  39.1 2133.5 403  309  561  252  283  614  331
27 2014 263.3  2.7  2.1  0.6  22  44.4 2178.0 378  333  535  202  290  570  280
28 2015 265.1  1.8  1.5  0.3  16  29.9 2207.8 370  331  563  232  281  563  282

Core Length:  260.1 mm
Core Density: 342 kg/m3
Cross-sectional Density:  341 kg/m3
Early/Latewood Threshold: 500 kg/m3
Attenuation Constant: 3.05

ִִִִִִִִִִִִִִִִִִִִִִִִִִִִִִִִִִִִִִִִִִִִִִִִִִִִִִִִִִִִִִִִִִִִִִִִִִִִִִִ
Core : 47
ֲֲֲִִִִִִִִִִִִִִִִִִִִִִִִִִִִִִִִִִִִִִִִִִִִִִִִִִִִִִִִִִִִִִִִִִִִִִִִִִִִ
       ³Widths (mm)              ³ Areas    ³ Densities (kg/m3)
       ³                         ³ (cm‎)    ³
Ring   ³Outer Ring Erly Late   % ³Incr Total³Ring E/Wd L/Wd Unif  Min  Max  Rng
 # Year³ Rad.      Wood Wood  LW ³          ³mean mean mean
ֱֱֱִִִִִִִִִִִִִִִִִִִִִִִִִִִִִִִִִִִִִִִִִִִִִִִִִִִִִִִִִִִִִִִִִִִִִִִִִִִִ

 1 1989   6.6  6.6  6.6  0.0   0   1.4    1.4 306  306    0    0  179  393  214
 2 1990  18.6 12.0 11.1  0.9   7   9.5   10.9 342  327  527  200  270  556  286
 3 1991  41.1 22.5 22.2  0.3   1  42.2   53.1 328  326  502  176  263  502  239
 4 1992  67.8 26.7 25.8  0.9   3  91.3  144.4 326  319  522  203  244  541  297
 5 1993  94.5 26.7 24.3  2.4   8 136.1  280.6 347  329  539  210  252  557  305
 6 1994 116.7 22.2 19.5  2.7  12 147.3  427.9 390  367  551  184  295  616  321
 7 1995 135.6 18.9 16.8  2.1  11 149.8  577.7 390  370  552  182  297  572  275
 8 1996 156.3 20.7 19.5  1.2   5 189.8  767.5 346  335  509  174  250  515  265
 9 1997 173.1 16.8 16.2  0.6   3 173.9  941.3 361  355  530  175  281  542  261
10 1998 182.1  9.0  8.7  0.3   3 100.4 1041.8 341  335  524  189  274  524  250
11 1999 192.6 10.5 10.2  0.3   2 123.6 1165.4 374  369  523  154  293  523  230
12 2000 201.6  9.0  6.9  2.1  23 111.5 1276.8 410  365  560  195  288  624  336
13 2001 207.9  6.3  5.1  1.2  19  81.0 1357.9 409  364  602  238  322  628  306
14 2002 212.1  4.2  3.3  0.9  21  55.4 1413.3 401  355  573  218  311  589  278
15 2003 216.9  4.8  4.5  0.3   6  64.7 1478.0 400  392  523  131  345  523  178
16 2004 220.5  3.6  3.0  0.6  16  49.5 1527.5 389  360  534  174  324  542  218
17 2005 223.5  3.0  2.7  0.3  10  41.8 1569.3 423  409  557  148  335  557  222
18 2006 228.0  4.5  2.7  1.8  40  63.8 1633.1 472  384  605  221  332  702  370
19 2007 232.8  4.8  4.2  0.6  12  69.5 1702.6 419  395  583  188  329  648  319
20 2008 235.5  2.7  2.1  0.6  22  39.7 1742.3 421  382  559  177  346  609  263
21 2009 237.6  2.1  1.5  0.6  28  31.2 1773.5 435  387  555  168  357  559  202
22 2010 239.4  1.8  1.2  0.6  33  27.0 1800.5 442  361  602  241  340  650  310
23 2011 240.6  1.2  0.9  0.3  25  18.1 1818.6 434  394  557  163  366  557  191
24 2012 242.1  1.5  1.5  0.0   0  22.7 1841.4 392  392    0    0  339  428   89
25 2013 243.9  1.8  1.2  0.6  33  27.5 1868.8 427  357  568  211  328  585  257
26 2014 245.4  1.5  0.9  0.6  40  23.1 1891.9 472  391  594  203  358  624  266
27 2015 247.5  2.1  1.5  0.6  28  32.5 1924.4 458  407  585  178  348  644  296

Core Length:  247.5 mm
Core Density: 394 kg/m3
Cross-sectional Density:  383 kg/m3
Early/Latewood Threshold: 500 kg/m3
Attenuation Constant: 3.05

