File : C:\DENSITOM\GLENGA~1\GLEN44.DAT
Cores :
2
9
12
14
18
20
31
35
45
46

ִִִִִִִִִִִִִִִִִִִִִִִִִִִִִִִִִִִִִִִִִִִִִִִִִִִִִִִִִִִִִִִִִִִִִִִִִִִִִִִ
Core : 2
ֲֲֲִִִִִִִִִִִִִִִִִִִִִִִִִִִִִִִִִִִִִִִִִִִִִִִִִִִִִִִִִִִִִִִִִִִִִִִִִִִִ
       ³Widths (mm)              ³ Areas    ³ Densities (kg/m3)
       ³                         ³ (cm‎)    ³
Ring   ³Outer Ring Erly Late   % ³Incr Total³Ring E/Wd L/Wd Unif  Min  Max  Rng
 # Year³ Rad.      Wood Wood  LW ³          ³mean mean mean
ֱֱֱִִִִִִִִִִִִִִִִִִִִִִִִִִִִִִִִִִִִִִִִִִִִִִִִִִִִִִִִִִִִִִִִִִִִִִִִִִִִ

 2 1989  16.1 16.1  8.1  0.0   0   8.1    8.1 399  399    0    0  277  496  219
 3 1990  40.7 24.6 21.6  3.0  12  43.9   52.0 374  350  549  199  297  596  299
 4 1991  67.4 26.7 24.6  2.1   7  90.7  142.7 373  358  541  183  292  573  281
 5 1992  91.7 24.3 22.8  1.5   6 121.5  264.2 366  352  566  214  288  625  337
 6 1993 113.3 21.6 17.7  3.9  18 139.1  403.3 408  377  551  174  333  605  272
 7 1994 133.1 19.8 17.1  2.7  13 153.3  556.6 404  379  560  181  315  625  310
 8 1995 152.0 18.9 16.2  2.7  14 169.3  725.8 418  396  548  152  333  600  267
 9 1996 170.0 18.0 17.1  0.9   5 182.1  907.9 385  375  570  195  283  580  297
10 1997 189.2 19.2 17.4  1.8   9 216.7 1124.6 372  355  538  183  297  578  281
11 1998 198.5  9.3  8.1  1.2  12 113.3 1237.9 384  357  567  210  307  629  322
12 1999 210.5 12.0 10.8  1.2   9 154.2 1392.0 415  400  545  145  314  583  269
13 2000 219.2  8.7  6.9  1.8  20 117.4 1509.5 422  376  599  223  325  662  337
14 2001 229.1  9.9  8.1  1.8  18 139.4 1648.9 408  369  584  215  315  623  308
15 2002 237.2  8.1  6.0  2.1  25 118.7 1767.6 418  369  557  188  325  597  272
16 2003 248.3 11.1  9.9  1.2  10 169.3 1936.9 407  390  547  157  324  615  291
17 2004 256.7  8.4  7.2  1.2  14 133.3 2070.1 388  357  575  218  298  586  288
18 2005 263.6  6.9  5.4  1.5  21 112.8 2182.9 436  392  595  203  323  675  352
19 2006 268.4  4.8  3.6  1.2  24  80.2 2263.2 427  367  608  241  321  632  311
20 2007 272.0  3.6  2.7  0.9  25  61.1 2324.3 458  414  589  175  346  655  309
21 2008 278.0  6.0  3.6  2.4  40 103.7 2427.9 485  396  617  221  362  688  326
22 2009 283.4  5.4  3.6  1.8  33  95.2 2523.2 458  394  586  192  347  673  326
23 2010 287.3  3.9  3.3  0.6  15  69.9 2593.1 443  417  587  170  348  615  267
24 2011 291.5  4.2  3.0  1.2  28  76.4 2669.5 465  398  632  234  373  698  325
25 2012 295.4  3.9  3.0  0.9  23  71.9 2741.4 452  409  595  186  363  692  329
26 2013 299.3  3.9  3.0  0.9  23  72.9 2814.3 467  409  663  254  379  725  346
27 2014 302.9  3.6  2.1  1.5  41  68.1 2882.4 532  438  662  224  400  729  329
28 2015 308.6  5.7  3.6  2.1  36 109.5 2991.9 500  427  624  197  398  720  322

Core Length:  300.6 mm
Core Density: 424 kg/m3
Cross-sectional Density:  418 kg/m3
Early/Latewood Threshold: 500 kg/m3
Attenuation Constant: 3.05

ִִִִִִִִִִִִִִִִִִִִִִִִִִִִִִִִִִִִִִִִִִִִִִִִִִִִִִִִִִִִִִִִִִִִִִִִִִִִִִִ
Core : 9
ֲֲֲִִִִִִִִִִִִִִִִִִִִִִִִִִִִִִִִִִִִִִִִִִִִִִִִִִִִִִִִִִִִִִִִִִִִִִִִִִִִ
       ³Widths (mm)              ³ Areas    ³ Densities (kg/m3)
       ³                         ³ (cm‎)    ³
Ring   ³Outer Ring Erly Late   % ³Incr Total³Ring E/Wd L/Wd Unif  Min  Max  Rng
 # Year³ Rad.      Wood Wood  LW ³          ³mean mean mean
ֱֱֱִִִִִִִִִִִִִִִִִִִִִִִִִִִִִִִִִִִִִִִִִִִִִִִִִִִִִִִִִִִִִִִִִִִִִִִִִִִִ

 1 1988   2.4  2.4  1.8  0.6  25   0.2    0.2 400  351  545  194  183  556  373
 2 1989   4.8  2.4  2.4  0.0   0   0.5    0.7 379  379    0    0  351  454  103
 3 1990  24.9 20.1 19.5  0.6   2  18.8   19.5 356  351  520  169  302  523  221
 4 1991  51.3 26.4 25.8  0.6   2  63.2   82.7 369  366  515  149  285  515  230
 5 1992  76.8 25.5 24.3  1.2   4 102.6  185.3 366  358  537  179  294  552  258
 6 1993 100.2 23.4 19.8  3.6  15 130.1  315.4 395  364  562  198  302  617  315
 7 1994 121.5 21.3 16.8  4.5  21 148.4  463.8 432  399  557  158  326  648  322
 8 1995 138.9 17.4 15.3  2.1  12 142.3  606.1 391  368  559  191  307  623  316
 9 1996 154.5 15.6 11.7  3.9  25 143.8  749.9 419  378  542  164  270  588  318
10 1997 170.1 15.6 12.6  3.0  19 159.1  909.0 418  386  552  166  301  617  316
11 1998 177.6  7.5  6.6  0.9  12  81.9  990.9 386  356  607  251  289  611  322
12 1999 186.9  9.3  7.2  2.1  22 106.5 1097.4 433  404  532  128  320  587  267
13 2000 193.5  6.6  5.4  1.2  18  78.9 1176.3 421  383  595  212  320  635  315
14 2001 199.5  6.0  4.8  1.2  20  74.1 1250.4 429  375  647  272  324  685  361
15 2002 204.6  5.1  3.6  1.5  29  64.7 1315.1 438  367  609  242  311  656  345
16 2003 210.9  6.3  5.1  1.2  19  82.2 1397.3 425  392  562  170  359  577  218
17 2004 214.8  3.9  3.0  0.9  23  52.2 1449.5 415  371  562  191  348  605  257
18 2005 219.6  4.8  3.9  0.9  18  65.5 1515.0 418  384  564  180  332  592  260
19 2006 222.9  3.3  2.4  0.9  27  45.9 1560.9 436  378  593  215  320  613  293
20 2007 227.1  4.2  2.7  1.5  35  59.4 1620.3 450  386  565  179  347  694  347
21 2008 230.4  3.3  2.1  1.2  36  47.4 1667.7 441  380  548  168  356  623  267
22 2009 233.7  3.3  2.1  1.2  36  48.1 1715.8 470  402  588  186  346  626  280
23 2010 236.1  2.4  2.1  0.3  12  35.4 1751.2 406  382  575  193  342  575  233
24 2011 239.4  3.3  2.4  0.9  27  49.3 1800.5 432  375  583  208  337  623  286
25 2012 243.9  4.5  3.0  1.5  33  68.3 1868.8 441  385  553  168  329  619  290
26 2013 248.1  4.2  3.0  1.2  28  64.9 1933.8 463  397  626  229  352  651  299
27 2014 252.0  3.9  2.7  1.2  30  61.3 1995.0 426  376  538  162  321  591  270
28 2015 255.9  3.9  2.4  1.5  38  62.2 2057.3 463  386  588  202  322  666  344

Core Length:  255.9 mm
Core Density: 418 kg/m3
Cross-sectional Density:  418 kg/m3
Early/Latewood Threshold: 500 kg/m3
Attenuation Constant: 3.05

ִִִִִִִִִִִִִִִִִִִִִִִִִִִִִִִִִִִִִִִִִִִִִִִִִִִִִִִִִִִִִִִִִִִִִִִִִִִִִִִ
Core : 12
ֲֲֲִִִִִִִִִִִִִִִִִִִִִִִִִִִִִִִִִִִִִִִִִִִִִִִִִִִִִִִִִִִִִִִִִִִִִִִִִִִִ
       ³Widths (mm)              ³ Areas    ³ Densities (kg/m3)
       ³                         ³ (cm‎)    ³
Ring   ³Outer Ring Erly Late   % ³Incr Total³Ring E/Wd L/Wd Unif  Min  Max  Rng
 # Year³ Rad.      Wood Wood  LW ³          ³mean mean mean
ֱֱֱִִִִִִִִִִִִִִִִִִִִִִִִִִִִִִִִִִִִִִִִִִִִִִִִִִִִִִִִִִִִִִִִִִִִִִִִִִִִ

 3 1990  36.2 36.2 20.1  2.1   5  41.2   41.2 357  337  549  212  278  578  300
 4 1991  64.1 27.9 26.1  1.8   6  87.9  129.1 376  365  539  174  301  565  264
 5 1992  86.6 22.5 21.3  1.2   5 106.5  235.6 363  353  555  202  302  601  299
 6 1993 111.5 24.9 21.0  3.9  15 155.0  390.6 387  357  548  191  299  608  309
 7 1994 134.6 23.1 19.5  3.6  15 178.6  569.2 410  384  555  171  322  629  307
 8 1995 154.1 19.5 15.6  3.9  20 176.9  746.0 416  384  542  158  327  603  276
 9 1996 169.4 15.3 13.8  1.5   9 155.5  901.5 380  364  533  169  277  585  308
10 1997 185.6 16.2 13.8  2.4  14 180.7 1082.2 393  370  523  153  322  561  239
11 1998 193.4  7.8  6.3  1.5  19  92.9 1175.1 410  360  619  259  302  671  369
12 1999 202.4  9.0  7.2  1.8  20 111.9 1287.0 434  407  539  132  349  564  215
13 2000 208.7  6.3  5.7  0.6   9  81.4 1368.3 394  375  578  203  301  588  287
14 2001 218.6  9.9  6.6  3.3  33 132.9 1501.2 457  399  573  174  328  611  283
15 2002 226.1  7.5  5.4  2.1  28 104.8 1606.0 417  365  549  184  296  609  313
16 2003 236.3 10.2  7.5  2.7  26 148.2 1754.2 446  409  549  140  351  609  258
17 2004 243.2  6.9  4.8  2.1  30 103.9 1858.1 406  351  532  181  297  562  265
18 2005 251.0  7.8  6.6  1.2  15 121.1 1979.2 404  378  549  171  297  576  279
19 2006 255.5  4.5  3.9  0.6  13  71.6 2050.8 381  361  510  149  290  518  228
20 2007 259.7  4.2  3.0  1.2  28  68.0 2118.8 434  392  538  146  320  565  245
21 2008 264.5  4.8  3.3  1.5  31  79.0 2197.9 447  406  537  131  335  547  212
22 2009 268.4  3.9  3.3  0.6  15  65.3 2263.2 384  359  526  167  307  549  242
23 2010 273.2  4.8  3.9  0.9  18  81.7 2344.8 406  382  511  129  320  518  198
24 2011 277.1  3.9  3.6  0.3   7  67.4 2412.3 370  358  508  150  285  508  223
25 2012 280.4  3.3  2.7  0.6  18  57.8 2470.1 388  361  512  151  286  521  235
26 2013 284.3  3.9  3.0  0.9  23  69.2 2539.2 421  392  518  126  309  524  215
27 2014 289.1  4.8  3.0  1.8  37  86.5 2625.7 429  380  512  132  293  527  234
28 2015 293.9  4.8  3.9  0.9  18  87.9 2713.6 425  394  560  166  320  571  251

Core Length:  279.9 mm
Core Density: 405 kg/m3
Cross-sectional Density:  407 kg/m3
Early/Latewood Threshold: 500 kg/m3
Attenuation Constant: 3.05

ִִִִִִִִִִִִִִִִִִִִִִִִִִִִִִִִִִִִִִִִִִִִִִִִִִִִִִִִִִִִִִִִִִִִִִִִִִִִִִִ
Core : 14
ֲֲֲִִִִִִִִִִִִִִִִִִִִִִִִִִִִִִִִִִִִִִִִִִִִִִִִִִִִִִִִִִִִִִִִִִִִִִִִִִִִ
       ³Widths (mm)              ³ Areas    ³ Densities (kg/m3)
       ³                         ³ (cm‎)    ³
Ring   ³Outer Ring Erly Late   % ³Incr Total³Ring E/Wd L/Wd Unif  Min  Max  Rng
 # Year³ Rad.      Wood Wood  LW ³          ³mean mean mean
ֱֱֱִִִִִִִִִִִִִִִִִִִִִִִִִִִִִִִִִִִִִִִִִִִִִִִִִִִִִִִִִִִִִִִִִִִִִִִִִִִִ

 1 1989  10.5 10.5 10.5  0.0   0   3.5    3.5 307  307    0    0  245  463  218
 2 1990  34.2 23.7 21.3  2.4  10  33.3   36.7 327  303  541  238  252  577  325
 3 1991  59.4 25.2 25.2  0.0   0  74.1  110.8 337  337    0    0  265  498  233
 4 1992  81.0 21.6 21.3  0.3   1  95.3  206.1 332  330  508  178  260  508  248
 5 1993  90.9  9.9  8.7  1.2  12  53.5  259.6 395  375  537  162  324  561  237
 6 1994 105.3 14.4 11.7  2.7  18  88.8  348.3 420  379  595  216  293  636  343
 7 1995 125.1 19.8 16.2  3.6  18 143.3  491.7 418  382  581  199  317  615  298
 8 1996 141.0 15.9 13.2  2.7  16 132.9  624.6 420  391  563  172  307  612  305
 9 1997 161.7 20.7 18.6  2.1  10 196.8  821.4 412  396  556  160  313  576  263
10 1998 173.7 12.0 10.8  1.2  10 126.4  947.9 407  392  543  151  333  590  257
11 1999 183.6  9.9  6.6  3.3  33 111.1 1059.0 463  428  532  104  337  572  235
12 2000 193.2  9.6  6.9  2.7  28 113.6 1172.6 443  400  555  155  346  609  263
13 2001 201.9  8.7  7.2  1.5  17 108.0 1280.6 437  404  593  189  341  636  295
14 2002 206.4  4.5  2.7  1.8  40  57.7 1338.3 478  389  612  223  346  707  361
15 2003 212.7  6.3  3.6  2.7  42  82.9 1421.3 485  438  548  110  383  655  272
16 2004 216.9  4.2  3.0  1.2  28  56.7 1478.0 460  413  580  167  385  624  239
17 2005 221.1  4.2  1.8  2.4  57  57.8 1535.8 514  421  583  162  377  643  266
18 2006 225.3  4.2  1.8  2.4  57  58.9 1594.7 515  432  577  145  390  663  273
19 2007 228.9  3.6  1.2  2.4  66  51.4 1646.0 551  454  600  146  430  710  280
20 2008 232.2  3.3  0.9  2.4  72  47.8 1693.8 579  475  619  144  471  673  202
21 2009 234.6  2.4  0.9  1.5  62  35.2 1729.0 539  450  593  143  435  645  210
22 2010 238.5  3.9  1.5  2.4  61  58.0 1787.0 552  450  616  166  425  756  331
23 2011 242.7  4.2  1.5  2.7  64  63.5 1850.5 550  466  598  132  443  701  258
24 2012 247.5  4.8  1.5  3.3  68  73.9 1924.4 567  453  618  165  437  725  288
25 2013 250.5  3.0  0.9  2.1  70  46.9 1971.4 565  466  608  142  449  699  250
26 2014 251.4  0.9  0.0  0.9 100  14.2 1985.5 572    0  572  572  515  604   89
27 2015 252.3  0.9  0.3  0.6  66  14.2 1999.8 537  421  595  174  421  674  253

Core Length:  252.3 mm
Core Density: 466 kg/m3
Cross-sectional Density:  452 kg/m3
Early/Latewood Threshold: 500 kg/m3
Attenuation Constant: 3.05

ִִִִִִִִִִִִִִִִִִִִִִִִִִִִִִִִִִִִִִִִִִִִִִִִִִִִִִִִִִִִִִִִִִִִִִִִִִִִִִִ
Core : 18
ֲֲֲִִִִִִִִִִִִִִִִִִִִִִִִִִִִִִִִִִִִִִִִִִִִִִִִִִִִִִִִִִִִִִִִִִִִִִִִִִִִ
       ³Widths (mm)              ³ Areas    ³ Densities (kg/m3)
       ³                         ³ (cm‎)    ³
Ring   ³Outer Ring Erly Late   % ³Incr Total³Ring E/Wd L/Wd Unif  Min  Max  Rng
 # Year³ Rad.      Wood Wood  LW ³          ³mean mean mean
ֱֱֱִִִִִִִִִִִִִִִִִִִִִִִִִִִִִִִִִִִִִִִִִִִִִִִִִִִִִִִִִִִִִִִִִִִִִִִִִִִִ

 1 1989  16.1 16.1 14.1  0.0   0   8.1    8.1 327  327    0    0  252  496  244
 2 1990  37.1 21.0 20.4  0.6   2  35.1   43.2 325  318  542  224  262  571  309
 3 1991  62.6 25.5 25.5  0.0   0  79.9  123.1 337  337    0    0  275  491  216
 4 1992  85.7 23.1 22.2  0.9   3 107.6  230.7 345  338  522  184  271  531  260
 5 1993 106.4 20.7 18.6  2.1  10 124.9  355.7 372  352  544  192  280  600  320
 6 1994 126.8 20.4 16.8  3.6  17 149.5  505.1 416  387  550  163  322  615  293
 7 1995 149.3 22.5 19.5  3.0  13 195.2  700.3 416  397  534  137  310  582  272
 8 1996 167.3 18.0 15.6  2.4  13 179.0  879.3 395  373  537  164  286  571  285
 9 1997 181.7 14.4 12.0  2.4  16 157.9 1037.2 406  379  544  165  275  554  279
10 1998 188.9  7.2  6.6  0.6   8  83.8 1121.0 369  354  537  183  276  539  263
11 1999 197.0  8.1  7.5  0.6   7  98.2 1219.2 402  391  546  155  276  582  306
12 2000 203.3  6.3  5.4  0.9  14  79.2 1298.4 393  362  581  219  282  634  352
13 2001 210.2  6.9  6.0  0.9  13  89.6 1388.1 387  358  579  221  276  602  326
14 2002 215.6  5.4  4.2  1.2  22  72.2 1460.3 399  360  536  176  287  576  289
15 2003 221.9  6.3  5.4  0.9  14  86.6 1546.9 394  367  558  191  314  612  298
16 2004 225.8  3.9  3.6  0.3   7  54.9 1601.8 368  356  512  156  302  512  210
17 2005 230.6  4.8  3.6  1.2  24  68.8 1670.6 409  362  550  188  306  614  308
18 2006 235.1  4.5  3.0  1.5  33  65.8 1736.4 438  359  596  237  297  625  328
19 2007 238.7  3.6  2.7  0.9  24  53.6 1790.0 431  383  573  190  295  683  388
20 2008 242.0  3.3  2.1  1.2  36  49.8 1839.8 474  390  621  231  346  655  309
21 2009 245.0  3.0  2.1  0.9  30  45.9 1885.7 418  348  580  232  311  668  357
22 2010 247.7  2.7  2.1  0.6  22  41.8 1927.5 418  381  551  170  316  575  259
23 2011 249.5  1.8  1.5  0.3  16  28.1 1955.6 394  369  521  152  330  521  191
24 2012 251.0  1.5  0.9  0.6  40  23.6 1979.2 420  335  548  213  304  574  270
25 2013 254.3  3.3  2.1  1.2  36  52.4 2031.6 435  365  559  194  295  592  297
26 2014 256.4  2.1  1.2  0.9  42  33.7 2065.3 440  349  562  213  300  607  307
27 2015 257.9  1.5  0.9  0.6  40  24.2 2089.5 460  379  581  202  317  591  274

Core Length:  255.9 mm
Core Density: 399 kg/m3
Cross-sectional Density:  398 kg/m3
Early/Latewood Threshold: 500 kg/m3
Attenuation Constant: 3.05

ִִִִִִִִִִִִִִִִִִִִִִִִִִִִִִִִִִִִִִִִִִִִִִִִִִִִִִִִִִִִִִִִִִִִִִִִִִִִִִִ
Core : 20
ֲֲֲִִִִִִִִִִִִִִִִִִִִִִִִִִִִִִִִִִִִִִִִִִִִִִִִִִִִִִִִִִִִִִִִִִִִִִִִִִִִ
       ³Widths (mm)              ³ Areas    ³ Densities (kg/m3)
       ³                         ³ (cm‎)    ³
Ring   ³Outer Ring Erly Late   % ³Incr Total³Ring E/Wd L/Wd Unif  Min  Max  Rng
 # Year³ Rad.      Wood Wood  LW ³          ³mean mean mean
ֱֱֱִִִִִִִִִִִִִִִִִִִִִִִִִִִִִִִִִִִִִִִִִִִִִִִִִִִִִִִִִִִִִִִִִִִִִִִִִִִִ

 1 1988   4.8  4.8  4.2  0.6  12   0.7    0.7 369  346  532  186  271  552  281
 2 1989   9.0  4.2  1.5  2.7  64   1.8    2.5 522  429  574  145  388  645  257
 3 1990  32.1 23.1 21.3  1.8   7  29.8   32.4 351  335  544  209  286  566  280
 4 1991  57.3 25.2 25.2  0.0   0  70.8  103.1 338  338    0    0  267  494  227
 5 1992  85.2 27.9 25.2  2.7   9 124.9  228.0 386  367  565  198  296  617  321
 6 1993 108.9 23.7 20.1  3.6  15 144.5  372.6 396  367  558  191  304  611  307
 7 1994 126.0 17.1 14.4  2.7  15 126.2  498.8 400  370  556  186  304  592  288
 8 1995 141.6 15.6 12.6  3.0  19 131.1  629.9 391  353  550  197  277  631  354
 9 1996 155.1 13.5 11.7  1.8  13 125.8  755.7 373  345  555  210  261  618  357
10 1997 167.7 12.6 10.5  2.1  16 127.8  883.5 409  370  604  234  288  661  373
11 1998 174.9  7.2  6.9  0.3   4  77.5  961.0 363  354  562  208  311  562  251
12 1999 184.2  9.3  6.9  2.4  25 104.9 1065.9 441  400  559  159  327  640  313
13 2000 191.7  7.5  6.3  1.2  16  88.6 1154.5 427  399  572  173  329  645  316
14 2001 198.3  6.6  4.8  1.8  27  80.9 1235.4 448  389  604  215  342  657  315
15 2002 204.3  6.0  4.5  1.5  25  75.9 1311.3 430  384  570  186  323  661  338
16 2003 210.0  5.7  3.9  1.8  31  74.2 1385.4 459  411  562  151  362  618  256
17 2004 215.4  5.4  3.6  1.8  33  72.2 1457.6 455  400  567  167  339  608  269
18 2005 219.9  4.5  3.0  1.5  33  61.5 1519.1 452  403  550  147  320  607  287
19 2006 223.5  3.6  2.4  1.2  33  50.1 1569.3 462  402  582  180  336  618  282
20 2007 226.5  3.0  2.1  0.9  30  42.4 1611.7 470  418  591  173  351  639  288
21 2008 229.2  2.7  1.5  1.2  44  38.7 1650.4 492  406  600  194  362  646  284
22 2009 231.6  2.4  1.5  0.9  37  34.7 1685.1 471  400  589  189  362  641  279
23 2010 234.6  3.0  1.8  1.2  40  43.9 1729.0 470  386  597  211  341  666  325
24 2011 237.3  2.7  1.8  0.9  33  40.0 1769.1 443  384  559  175  348  596  248
25 2012 240.3  3.0  1.8  1.2  40  45.0 1814.1 441  365  555  190  311  626  315
26 2013 243.3  3.0  2.1  0.9  30  45.6 1859.7 433  356  612  256  321  655  334
27 2014 246.9  3.6  2.4  1.2  33  55.4 1915.1 431  369  556  187  305  585  280
28 2015 249.9  3.0  1.8  1.2  40  46.8 1961.9 458  382  572  190  319  613  294

Core Length:  249.9 mm
Core Density: 427 kg/m3
Cross-sectional Density:  417 kg/m3
Early/Latewood Threshold: 500 kg/m3
Attenuation Constant: 3.05

ִִִִִִִִִִִִִִִִִִִִִִִִִִִִִִִִִִִִִִִִִִִִִִִִִִִִִִִִִִִִִִִִִִִִִִִִִִִִִִִ
Core : 31
ֲֲֲִִִִִִִִִִִִִִִִִִִִִִִִִִִִִִִִִִִִִִִִִִִִִִִִִִִִִִִִִִִִִִִִִִִִִִִִִִִִ
       ³Widths (mm)              ³ Areas    ³ Densities (kg/m3)
       ³                         ³ (cm‎)    ³
Ring   ³Outer Ring Erly Late   % ³Incr Total³Ring E/Wd L/Wd Unif  Min  Max  Rng
 # Year³ Rad.      Wood Wood  LW ³          ³mean mean mean
ֱֱֱִִִִִִִִִִִִִִִִִִִִִִִִִִִִִִִִִִִִִִִִִִִִִִִִִִִִִִִִִִִִִִִִִִִִִִִִִִִִ

 3 1990  31.6 31.6 21.6  0.0   0  31.4   31.4 394  394    0    0  309  494  185
 4 1991  58.9 27.3 27.3  0.0   0  77.6  109.0 370  370    0    0  270  499  229
 5 1992  82.6 23.7 23.1  0.6   2 105.4  214.3 370  366  522  156  310  530  220
 6 1993 105.4 22.8 19.5  3.3  14 134.7  349.0 407  383  546  163  315  584  269
 7 1994 128.5 23.1 19.8  3.3  14 169.7  518.7 418  397  549  152  329  608  279
 8 1995 154.9 26.4 20.4  6.0  22 235.0  753.8 453  421  562  141  326  652  326
 9 1996 176.8 21.9 17.1  4.8  21 228.2  982.0 458  427  566  139  363  619  256
10 1997 195.1 18.3 15.3  3.0  16 213.8 1195.8 447  426  552  126  369  587  218
11 1998 206.5 11.4  7.5  3.9  34 143.8 1339.6 477  406  613  207  345  695  350
12 1999 224.5 18.0 15.3  2.7  15 243.7 1583.4 444  432  515   83  366  554  188
13 2000 233.2  8.7  7.5  1.2  13 125.1 1708.5 404  380  556  176  325  584  259
14 2001 241.9  8.7  6.9  1.8  20 129.9 1838.3 424  381  588  207  337  622  285
15 2002 250.3  8.4  6.9  1.5  17 129.9 1968.2 421  397  529  132  327  574  247
16 2003 259.0  8.7  6.0  2.7  31 139.2 2107.4 442  399  538  139  352  583  231
17 2004 269.8 10.8  7.8  3.0  27 179.4 2286.8 427  387  531  144  309  559  250
18 2005 280.3 10.5  6.9  3.6  34 181.5 2468.3 450  396  552  156  331  599  268
19 2006 285.7  5.4  3.9  1.5  27  96.0 2564.3 433  379  574  195  348  610  262
20 2007 291.4  5.7  4.5  1.2  21 103.3 2667.7 455  410  622  212  345  657  312
21 2008 297.1  5.7  3.9  1.8  31 105.4 2773.0 478  416  610  194  365  651  286
22 2009 299.8  2.7  1.8  0.9  33  50.6 2823.7 455  403  557  154  376  588  212
23 2010 302.5  2.7  1.8  0.9  33  51.1 2874.8 461  410  565  155  380  590  210
24 2011 306.1  3.6  2.4  1.2  33  68.8 2943.6 491  413  647  234  357  674  317
25 2012 310.0  3.9  3.0  0.9  23  75.5 3019.1 435  402  547  145  345  628  283
26 2013 313.6  3.6  2.4  1.2  33  70.5 3089.6 471  414  584  170  380  676  296
27 2014 316.6  3.0  1.8  1.2  40  59.4 3149.0 472  413  559  146  365  633  268
28 2015 319.9  3.3  2.1  1.2  36  66.0 3215.0 508  432  641  209  373  704  331

Core Length:  309.9 mm
Core Density: 440 kg/m3
Cross-sectional Density:  440 kg/m3
Early/Latewood Threshold: 500 kg/m3
Attenuation Constant: 3.05

ִִִִִִִִִִִִִִִִִִִִִִִִִִִִִִִִִִִִִִִִִִִִִִִִִִִִִִִִִִִִִִִִִִִִִִִִִִִִִִִ
Core : 35
ֲֲֲִִִִִִִִִִִִִִִִִִִִִִִִִִִִִִִִִִִִִִִִִִִִִִִִִִִִִִִִִִִִִִִִִִִִִִִִִִִִ
       ³Widths (mm)              ³ Areas    ³ Densities (kg/m3)
       ³                         ³ (cm‎)    ³
Ring   ³Outer Ring Erly Late   % ³Incr Total³Ring E/Wd L/Wd Unif  Min  Max  Rng
 # Year³ Rad.      Wood Wood  LW ³          ³mean mean mean
ֱֱֱִִִִִִִִִִִִִִִִִִִִִִִִִִִִִִִִִִִִִִִִִִִִִִִִִִִִִִִִִִִִִִִִִִִִִִִִִִִִ

 1 1988   1.8  1.8  1.8  0.0   0   0.1    0.1 380  380    0    0  206  475  269
 2 1989   7.5  5.7  5.7  0.0   0   1.7    1.8 373  373    0    0  305  471  166
 3 1990  39.6 32.1 28.2  3.9  12  47.5   49.3 430  414  544  130  299  581  282
 4 1991  61.2 21.6 18.6  3.0  13  68.4  117.7 414  397  521  124  322  537  215
 5 1992  81.9 20.7 20.1  0.6   2  93.1  210.7 405  402  510  108  324  513  189
 6 1993 101.1 19.2 15.0  4.2  21 110.4  321.1 432  399  550  151  334  600  266
 7 1994 118.8 17.7 13.2  4.5  25 122.3  443.4 459  432  537  105  370  609  239
 8 1995 140.4 21.6 17.4  4.2  19 175.9  619.3 453  428  557  129  377  640  263
 9 1996 158.1 17.7 11.4  6.3  35 166.0  785.3 459  413  541  128  347  638  291
10 1997 174.3 16.2 11.7  4.5  27 169.2  954.4 465  428  562  134  346  612  266
11 1998 182.7  8.4  6.3  2.1  24  94.2 1048.6 437  396  562  166  339  627  288
12 1999 193.5 10.8  6.0  4.8  44 127.6 1176.3 483  431  549  118  349  645  296
13 2000 202.5  9.0  6.0  3.0  33 112.0 1288.2 468  412  581  169  327  673  346
14 2001 209.1  6.6  4.5  2.1  31  85.3 1373.6 475  421  589  168  370  637  267
15 2002 215.7  6.6  3.3  3.3  49  88.1 1461.7 505  416  593  177  380  708  328
16 2003 221.7  6.0  3.3  2.7  45  82.4 1544.1 502  451  564  113  391  659  268
17 2004 226.8  5.1  3.3  1.8  35  71.9 1616.0 474  415  584  169  386  701  315
18 2005 230.4  3.6  3.3  0.3   8  51.7 1667.7 457  452  516   64  387  516  129
19 2006 232.2  1.8  1.2  0.6  33  26.2 1693.8 478  446  542   96  411  562  151
20 2007 234.6  2.4  1.5  0.9  37  35.2 1729.0 467  431  529   98  389  537  148
21 2008 236.7  2.1  0.9  1.2  57  31.1 1760.1 509  411  583  172  400  665  265
22 2009 238.8  2.1  0.9  1.2  57  31.4 1791.5 524  428  597  169  415  678  263
23 2010 240.9  2.1  0.9  1.2  57  31.6 1823.2 486  410  543  133  392  610  218
24 2011 243.0  2.1  0.9  1.2  57  31.9 1855.1 534  444  602  158  432  662  230
25 2012 244.8  1.8  1.2  0.6  33  27.6 1882.7 500  458  584  126  411  596  185
26 2013 246.3  1.5  0.9  0.6  40  23.1 1905.8 491  429  585  156  406  603  197
27 2014 247.8  1.5  0.9  0.6  40  23.3 1929.1 498  433  596  163  377  607  230
28 2015 249.0  1.2  0.9  0.3  24  18.7 1947.8 451  425  531  106  393  531  138

Core Length:  249.0 mm
Core Density: 464 kg/m3
Cross-sectional Density:  463 kg/m3
Early/Latewood Threshold: 500 kg/m3
Attenuation Constant: 3.05

ִִִִִִִִִִִִִִִִִִִִִִִִִִִִִִִִִִִִִִִִִִִִִִִִִִִִִִִִִִִִִִִִִִִִִִִִִִִִִִִ
Core : 45
ֲֲֲִִִִִִִִִִִִִִִִִִִִִִִִִִִִִִִִִִִִִִִִִִִִִִִִִִִִִִִִִִִִִִִִִִִִִִִִִִִִ
       ³Widths (mm)              ³ Areas    ³ Densities (kg/m3)
       ³                         ³ (cm‎)    ³
Ring   ³Outer Ring Erly Late   % ³Incr Total³Ring E/Wd L/Wd Unif  Min  Max  Rng
 # Year³ Rad.      Wood Wood  LW ³          ³mean mean mean
ֱֱֱִִִִִִִִִִִִִִִִִִִִִִִִִִִִִִִִִִִִִִִִִִִִִִִִִִִִִִִִִִִִִִִִִִִִִִִִִִִִ

 1 1988   1.8  1.8  1.2  0.6  33   0.1    0.1 448  371  601  230  253  645  392
 2 1989   8.4  6.6  6.3  0.3   4   2.1    2.2 412  408  502   94  328  502  174
 3 1990  30.0 21.6 20.4  1.2   5  26.1   28.3 352  341  540  199  275  572  297
 4 1991  52.5 22.5 22.5  0.0   0  58.3   86.6 359  359    0    0  263  467  204
 5 1992  77.1 24.6 23.7  0.9   3 100.2  186.7 348  341  528  187  273  532  259
 6 1993  96.0 18.9 16.8  2.1  11 102.8  289.5 380  360  546  186  305  602  297
 7 1994 113.1 17.1 13.8  3.3  19 112.3  401.9 407  373  552  179  300  610  310
 8 1995 136.8 23.7 22.2  1.5   6 186.1  587.9 367  355  547  192  269  612  343
 9 1996 156.0 19.2 17.4  1.8   9 176.6  764.5 380  363  543  180  294  580  286
10 1997 175.2 19.2 15.6  3.6  18 199.8  964.3 411  385  525  140  322  560  238
11 1998 184.5  9.3  8.4  0.9   9 105.1 1069.4 371  352  548  196  281  589  308
12 1999 194.7 10.2  9.9  0.3   2 121.5 1190.9 380  376  518  142  299  518  219
13 2000 203.4  8.7  7.2  1.5  17 108.8 1299.7 385  348  564  216  304  608  304
14 2001 210.6  7.2  6.3  0.9  12  93.6 1393.4 390  365  566  201  313  610  297
15 2002 215.1  4.5  3.6  0.9  20  60.2 1453.6 404  363  568  205  297  609  312
16 2003 220.2  5.1  3.6  1.5  29  69.7 1523.3 414  357  549  192  333  587  254
17 2004 225.3  5.1  3.0  2.1  41  71.4 1594.7 448  365  566  201  324  622  298
18 2005 232.8  7.5  6.9  0.6   8 107.9 1702.6 352  335  548  213  292  591  299
19 2006 235.2  2.4  1.8  0.6  24  35.3 1737.9 406  355  561  206  319  581  262
20 2007 237.3  2.1  1.8  0.3  14  31.2 1769.1 407  389  512  123  322  512  190
21 2008 239.4  2.1  1.2  0.9  42  31.4 1800.5 477  383  603  220  353  642  289
22 2009 241.5  2.1  1.2  0.9  42  31.7 1832.2 467  376  589  213  350  643  293
23 2010 244.2  2.7  2.1  0.6  22  41.2 1873.4 433  383  608  225  344  653  309
24 2011 246.3  2.1  1.5  0.6  28  32.4 1905.8 417  368  540  172  341  543  202
25 2012 247.5  1.2  0.6  0.6  49  18.6 1924.4 429  350  508  158  349  513  164
26 2013 248.7  1.2  0.6  0.6  50  18.7 1943.1 451  351  551  200  338  563  225
27 2014 250.8  2.1  1.2  0.9  42  33.0 1976.1 482  395  597  202  341  648  307
28 2015 254.4  3.6  2.1  1.5  41  57.1 2033.2 490  411  602  191  338  650  312

Core Length:  254.4 mm
Core Density: 409 kg/m3
Cross-sectional Density:  395 kg/m3
Early/Latewood Threshold: 500 kg/m3
Attenuation Constant: 3.05

ִִִִִִִִִִִִִִִִִִִִִִִִִִִִִִִִִִִִִִִִִִִִִִִִִִִִִִִִִִִִִִִִִִִִִִִִִִִִִִִ
Core : 46
ֲֲֲִִִִִִִִִִִִִִִִִִִִִִִִִִִִִִִִִִִִִִִִִִִִִִִִִִִִִִִִִִִִִִִִִִִִִִִִִִִִ
       ³Widths (mm)              ³ Areas    ³ Densities (kg/m3)
       ³                         ³ (cm‎)    ³
Ring   ³Outer Ring Erly Late   % ³Incr Total³Ring E/Wd L/Wd Unif  Min  Max  Rng
 # Year³ Rad.      Wood Wood  LW ³          ³mean mean mean
ֱֱֱִִִִִִִִִִִִִִִִִִִִִִִִִִִִִִִִִִִִִִִִִִִִִִִִִִִִִִִִִִִִִִִִִִִִִִִִִִִִ

 3 1990  22.6 22.6 17.7  0.9   3  16.0   16.0 322  312  519  207  248  539  291
 4 1991  46.3 23.7 23.7  0.0   0  51.3   67.3 333  333    0    0  234  463  229
 5 1992  70.3 24.0 22.8  1.2   5  87.9  155.3 351  341  540  199  274  557  283
 6 1993  92.8 22.5 18.6  3.9  17 115.3  270.5 382  346  555  209  289  604  315
 7 1994 111.1 18.3 16.2  2.1  11 117.2  387.8 386  366  539  173  301  587  286
 8 1995 129.1 18.0 16.5  1.5   8 135.8  523.6 383  368  545  177  300  576  276
 9 1996 144.1 15.0 13.5  1.5  10 128.7  652.3 364  346  527  181  268  546  278
10 1997 157.0 12.9 10.5  2.4  18 122.0  774.4 373  340  518  178  291  553  262
11 1998 163.0  6.0  4.8  1.2  20  60.3  834.7 376  337  536  199  292  596  304
12 1999 172.9  9.9  9.3  0.6   6 104.5  939.2 374  363  542  179  293  557  264
13 2000 179.2  6.3  5.4  0.9  14  69.7 1008.8 387  360  550  190  299  587  288
14 2001 186.1  6.9  5.7  1.2  17  79.2 1088.0 401  358  603  245  323  631  308
15 2002 190.6  4.5  3.3  1.2  26  53.3 1141.3 409  349  574  225  296  673  377
16 2003 198.1  7.5  6.0  1.5  20  91.6 1232.9 424  396  537  141  305  581  276
17 2004 203.2  5.1  4.2  0.9  17  64.3 1297.2 400  363  570  207  288  597  309
18 2005 209.2  6.0  4.8  1.2  20  77.7 1374.9 425  386  582  196  303  644  341
19 2006 212.8  3.6  2.4  1.2  33  47.7 1422.6 435  363  580  217  316  683  367
20 2007 215.5  2.7  1.8  0.9  33  36.3 1459.0 465  414  567  153  354  658  304
21 2008 217.9  2.4  1.8  0.6  25  32.7 1491.6 458  396  647  251  369  666  297
22 2009 221.5  3.6  2.1  1.5  41  49.7 1541.3 472  381  600  219  334  712  378
23 2010 224.5  3.0  2.1  0.9  30  42.0 1583.4 448  390  584  194  355  687  332
24 2011 227.5  3.0  1.8  1.2  40  42.6 1626.0 476  385  611  226  351  681  330
25 2012 231.4  3.9  2.4  1.5  38  56.2 1682.2 449  372  574  202  320  658  338
26 2013 236.5  5.1  3.0  2.1  41  75.0 1757.2 480  388  613  225  333  683  350
27 2014 241.0  4.5  2.4  2.1  46  67.5 1824.7 484  396  584  188  345  678  333
28 2015 244.3  3.3  2.4  0.9  27  50.3 1875.0 486  424  651  227  372  708  336

Core Length:  240.3 mm
Core Density: 413 kg/m3
Cross-sectional Density:  405 kg/m3
Early/Latewood Threshold: 500 kg/m3
Attenuation Constant: 3.05

