File : C:\DENSITOM\GLENGA~1\GLEN43.DAT
Cores :
6
8
9
13
15
20
24
26
29
31
33
38
45

ִִִִִִִִִִִִִִִִִִִִִִִִִִִִִִִִִִִִִִִִִִִִִִִִִִִִִִִִִִִִִִִִִִִִִִִִִִִִִִִ
Core : 6
ֲֲֲִִִִִִִִִִִִִִִִִִִִִִִִִִִִִִִִִִִִִִִִִִִִִִִִִִִִִִִִִִִִִִִִִִִִִִִִִִִִ
       ³Widths (mm)              ³ Areas    ³ Densities (kg/m3)
       ³                         ³ (cm‎)    ³
Ring   ³Outer Ring Erly Late   % ³Incr Total³Ring E/Wd L/Wd Unif  Min  Max  Rng
 # Year³ Rad.      Wood Wood  LW ³          ³mean mean mean
ֱֱֱִִִִִִִִִִִִִִִִִִִִִִִִִִִִִִִִִִִִִִִִִִִִִִִִִִִִִִִִִִִִִִִִִִִִִִִִִִִִ

 1 1988   3.9  3.9  3.9  0.0   0   0.5    0.5 337  337    0    0  255  447  192
 2 1989  10.8  6.9  5.4  1.5  21   3.2    3.7 411  382  514  132  304  531  227
 3 1990  34.8 24.0 22.2  1.8   7  34.4   38.0 355  342  517  175  276  550  274
 4 1991  59.7 24.9 24.6  0.3   1  73.9  112.0 389  387  505  118  296  505  209
 5 1992  86.4 26.7 25.2  1.5   5 122.5  234.5 364  354  541  187  293  585  292
 6 1993 106.5 20.1 18.0  2.1  10 121.8  356.3 381  363  536  173  296  573  277
 7 1994 126.9 20.4 17.4  3.0  14 149.6  505.9 404  377  560  183  316  603  287
 8 1995 146.1 19.2 15.0  4.2  21 164.7  670.6 427  395  542  147  312  586  274
 9 1996 170.4 24.3 21.9  2.4   9 241.6  912.2 407  396  513  117  311  539  228
10 1997 193.8 23.4 21.9  1.5   6 267.7 1179.9 395  386  526  140  306  538  232
11 1998 204.0 10.2  9.0  1.2  11 127.5 1307.4 377  356  533  177  298  568  270
12 1999 213.6  9.6  8.1  1.5  15 125.9 1433.4 420  403  508  105  318  519  201
13 2000 219.6  6.0  5.1  0.9  15  81.7 1515.0 402  379  531  152  299  575  276
14 2001 222.9  3.3  3.0  0.3   9  45.9 1560.9 371  356  527  171  326  527  201
15 2002 224.4  1.5  1.2  0.3  20  21.1 1582.0 424  395  540  145  328  540  212
16 2003 226.8  2.4  1.8  0.6  25  34.0 1616.0 438  397  560  163  348  578  230
17 2004 229.8  3.0  2.1  0.9  30  43.0 1659.0 421  349  588  239  325  614  289
18 2005 231.6  1.8  1.8  0.0   0  26.1 1685.1 381  381    0    0  318  467  149
19 2006 232.8  1.2  0.9  0.3  25  17.5 1702.6 440  382  615  233  350  615  265
20 2007 234.3  1.5  1.5  0.0   0  22.0 1724.6 414  414    0    0  343  489  146
21 2008 236.4  2.1  1.8  0.3  14  31.1 1755.7 427  399  600  201  352  600  248
22 2009 237.3  0.9  0.6  0.3  33  13.4 1769.1 451  388  579  191  380  579  199
23 2010 238.2  0.9  0.6  0.3  33  13.4 1782.5 439  401  516  115  373  516  143
24 2011 239.4  1.2  0.6  0.6  50  18.0 1800.5 477  391  564  173  317  583  266
25 2012 240.6  1.2  0.6  0.6  50  18.1 1818.6 509  388  630  242  374  646  272
26 2013 242.7  2.1  0.9  1.2  57  31.9 1850.5 544  445  619  174  386  672  286
27 2014 245.1  2.4  0.9  1.5  62  36.8 1887.3 530  368  628  260  347  685  338
28 2015 246.0  0.9  0.6  0.3  33  13.9 1901.2 502  435  635  200  377  635  258

Core Length:  246.0 mm
Core Density: 422 kg/m3
Cross-sectional Density:  407 kg/m3
Early/Latewood Threshold: 500 kg/m3
Attenuation Constant: 3.05

ִִִִִִִִִִִִִִִִִִִִִִִִִִִִִִִִִִִִִִִִִִִִִִִִִִִִִִִִִִִִִִִִִִִִִִִִִִִִִִִ
Core : 8
ֲֲֲִִִִִִִִִִִִִִִִִִִִִִִִִִִִִִִִִִִִִִִִִִִִִִִִִִִִִִִִִִִִִִִִִִִִִִִִִִִִ
       ³Widths (mm)              ³ Areas    ³ Densities (kg/m3)
       ³                         ³ (cm‎)    ³
Ring   ³Outer Ring Erly Late   % ³Incr Total³Ring E/Wd L/Wd Unif  Min  Max  Rng
 # Year³ Rad.      Wood Wood  LW ³          ³mean mean mean
ֱֱֱִִִִִִִִִִִִִִִִִִִִִִִִִִִִִִִִִִִִִִִִִִִִִִִִִִִִִִִִִִִִִִִִִִִִִִִִִִִִ

 5 1992  20.6 20.6 12.0  0.6   2  13.3   13.3 402  395  547  152  343  557  214
 6 1993  30.5  9.9  8.1  1.8  18  15.9   29.2 418  380  586  206  308  604  296
 7 1994  44.6 14.1 10.8  3.3  23  33.3   62.5 431  384  584  200  318  639  321
 8 1995  62.3 17.7 14.7  3.0  16  59.4  121.9 423  394  563  169  318  617  299
 9 1996  76.1 13.8 11.4  2.4  17  60.0  181.9 409  380  545  165  313  600  287
10 1997  89.0 12.9 10.5  2.4  18  66.9  248.8 424  391  568  177  298  598  300
11 1998  96.8  7.8  6.3  1.5  19  45.5  294.4 405  364  577  213  300  618  318
12 1999 106.4  9.6  7.2  2.4  25  61.3  355.7 446  412  548  136  323  612  289
13 2000 112.1  5.7  4.5  1.2  21  39.1  394.8 427  381  602  221  322  651  329
14 2001 117.5  5.4  4.2  1.2  22  39.0  433.7 432  388  586  198  355  680  325
15 2002 120.5  3.0  1.8  1.2  40  22.4  456.2 475  402  585  183  340  631  291
16 2003 124.4  3.9  3.0  0.9  23  30.0  486.2 439  409  542  133  360  575  215
17 2004 128.0  3.6  1.8  1.8  50  28.5  514.7 496  394  599  205  360  651  291
18 2005 132.5  4.5  2.4  2.1  46  36.8  551.5 493  441  552  111  387  635  248
19 2006 134.9  2.4  0.9  1.5  62  20.2  571.7 544  428  613  185  395  684  289
20 2007 137.3  2.4  0.9  1.5  62  20.5  592.2 504  411  559  148  391  589  198
21 2008 139.1  1.8  0.9  0.9  49  15.6  607.9 486  419  553  134  372  605  233
22 2009 141.5  2.4  0.9  1.5  62  21.2  629.0 514  393  587  194  365  695  330
23 2010 145.4  3.9  2.4  1.5  38  35.2  664.2 484  417  590  173  369  656  287
24 2011 148.4  3.0  2.1  0.9  30  27.7  691.9 475  434  572  138  395  656  261
25 2012 150.2  1.8  0.9  0.9  49  16.9  708.7 476  416  536  120  387  554  167
26 2013 152.0  1.8  0.6  1.2  66  17.1  725.8 548  432  606  174  398  691  293
27 2014 154.1  2.1  0.9  1.2  57  20.2  746.0 533  445  599  154  408  627  219
28 2015 156.5  2.4  1.2  1.2  50  23.4  769.4 502  422  583  161  385  649  264

Core Length:  148.5 mm
Core Density: 466 kg/m3
Cross-sectional Density:  454 kg/m3
Early/Latewood Threshold: 500 kg/m3
Attenuation Constant: 3.05

ִִִִִִִִִִִִִִִִִִִִִִִִִִִִִִִִִִִִִִִִִִִִִִִִִִִִִִִִִִִִִִִִִִִִִִִִִִִִִִִ
Core : 9
ֲֲֲִִִִִִִִִִִִִִִִִִִִִִִִִִִִִִִִִִִִִִִִִִִִִִִִִִִִִִִִִִִִִִִִִִִִִִִִִִִִ
       ³Widths (mm)              ³ Areas    ³ Densities (kg/m3)
       ³                         ³ (cm‎)    ³
Ring   ³Outer Ring Erly Late   % ³Incr Total³Ring E/Wd L/Wd Unif  Min  Max  Rng
 # Year³ Rad.      Wood Wood  LW ³          ³mean mean mean
ֱֱֱִִִִִִִִִִִִִִִִִִִִִִִִִִִִִִִִִִִִִִִִִִִִִִִִִִִִִִִִִִִִִִִִִִִִִִִִִִִִ

 3 1990  22.3 22.3 17.7  0.6   2  15.6   15.6 354  349  513  164  305  514  209
 4 1991  44.8 22.5 22.5  0.0   0  47.4   63.1 339  339    0    0  273  496  223
 5 1992  65.5 20.7 20.4  0.3   1  71.7  134.8 332  329  519  190  284  519  235
 6 1993  77.5 12.0  8.1  3.9  32  53.9  188.7 449  392  567  175  335  630  295
 7 1994  94.6 17.1 13.8  3.3  19  92.5  281.1 417  379  579  200  313  627  314
 8 1995 111.4 16.8 14.1  2.7  16 108.7  389.9 410  381  559  178  312  636  324
 9 1996 125.2 13.8 12.3  1.5  10 102.6  492.4 377  356  547  191  286  566  280
10 1997 141.1 15.9 12.3  3.6  22 133.0  625.5 416  378  548  170  299  587  288
11 1998 150.4  9.3  8.7  0.6   6  85.2  710.6 382  370  557  187  305  588  283
12 1999 161.2 10.8 10.2  0.6   5 105.7  816.4 383  371  586  215  296  623  327
13 2000 168.1  6.9  6.0  0.9  13  71.4  887.7 386  364  535  171  297  555  258
14 2001 175.0  6.9  4.5  2.4  34  74.4  962.1 456  376  606  230  323  661  338
15 2002 181.0  6.0  4.8  1.2  20  67.1 1029.2 426  381  604  223  321  676  355
16 2003 185.8  4.8  4.5  0.3   6  55.3 1084.5 401  388  608  220  321  608  287
17 2004 192.1  6.3  5.1  1.2  19  74.8 1159.3 432  380  654  274  312  678  366
18 2005 197.8  5.7  4.5  1.2  21  69.8 1229.1 423  383  571  188  311  610  299
19 2006 202.3  4.5  2.7  1.8  40  56.6 1285.7 470  377  611  234  325  685  360
20 2007 207.4  5.1  4.5  0.6  11  65.6 1351.3 424  392  661  269  317  731  414
21 2008 211.6  4.2  3.6  0.6  14  55.3 1406.6 431  390  681  291  329  695  366
22 2009 215.2  3.6  2.7  0.9  24  48.3 1454.9 452  393  630  237  335  634  299
23 2010 218.5  3.3  2.4  0.9  27  45.0 1499.9 431  386  550  164  324  593  269
24 2011 223.3  4.8  3.3  1.5  31  66.6 1566.5 482  393  678  285  354  753  399
25 2012 228.1  4.8  3.3  1.5  31  68.1 1634.6 454  386  604  218  340  659  319
26 2013 232.0  3.9  2.7  1.2  30  56.4 1690.9 485  407  660  253  350  749  399
27 2014 236.2  4.2  2.7  1.5  35  61.8 1752.7 500  409  664  255  349  733  384
28 2015 238.6  2.4  1.5  0.9  37  35.8 1788.5 472  407  581  174  374  726  352

Core Length:  234.6 mm
Core Density: 422 kg/m3
Cross-sectional Density:  420 kg/m3
Early/Latewood Threshold: 500 kg/m3
Attenuation Constant: 3.05

ִִִִִִִִִִִִִִִִִִִִִִִִִִִִִִִִִִִִִִִִִִִִִִִִִִִִִִִִִִִִִִִִִִִִִִִִִִִִִִִ
Core : 13
ֲֲֲִִִִִִִִִִִִִִִִִִִִִִִִִִִִִִִִִִִִִִִִִִִִִִִִִִִִִִִִִִִִִִִִִִִִִִִִִִִִ
       ³Widths (mm)              ³ Areas    ³ Densities (kg/m3)
       ³                         ³ (cm‎)    ³
Ring   ³Outer Ring Erly Late   % ³Incr Total³Ring E/Wd L/Wd Unif  Min  Max  Rng
 # Year³ Rad.      Wood Wood  LW ³          ³mean mean mean
ֱֱֱִִִִִִִִִִִִִִִִִִִִִִִִִִִִִִִִִִִִִִִִִִִִִִִִִִִִִִִִִִִִִִִִִִִִִִִִִִִִ

 3 1990  27.1 27.1 17.7  2.4   8  23.1   23.1 397  376  549  173  318  577  259
 4 1991  55.3 28.2 25.5  2.7   9  73.0   96.1 403  391  512  121  309  518  209
 5 1992  78.7 23.4 21.3  2.1   8  98.5  194.6 397  380  566  186  318  599  281
 6 1993  99.1 20.4 16.8  3.6  17 113.9  308.5 416  385  561  176  322  640  318
 7 1994 120.4 21.3 17.1  4.2  19 146.9  455.4 418  386  547  161  325  588  263
 8 1995 142.3 21.9 19.8  2.1   9 180.7  636.2 409  395  541  146  327  570  243
 9 1996 161.2 18.9 16.5  2.4  12 180.2  816.4 411  392  542  150  312  575  263
10 1997 180.4 19.2 16.5  2.7  14 206.0 1022.4 418  403  510  107  334  553  219
11 1998 190.6 10.2  8.7  1.5  14 118.9 1141.3 392  363  560  197  295  599  304
12 1999 206.5 15.9 14.4  1.5   9 198.4 1339.6 390  374  543  169  306  572  266
13 2000 217.0 10.5  7.5  3.0  28 139.7 1479.3 422  376  538  162  315  590  275
14 2001 226.6  9.6  7.2  2.4  25 133.8 1613.1 436  378  609  231  337  666  329
15 2002 234.7  8.1  5.7  2.4  29 117.4 1730.5 440  380  581  201  328  701  373
16 2003 245.5 10.8  9.9  0.9   8 162.9 1893.4 401  388  543  155  341  573  232
17 2004 254.2  8.7  6.3  2.4  27 136.6 2030.0 423  374  554  180  330  607  277
18 2005 260.8  6.6  6.0  0.6   9 106.8 2136.8 443  434  530   96  337  548  211
19 2006 264.4  3.6  2.4  1.2  33  59.4 2196.2 472  425  566  141  368  629  261
20 2007 267.7  3.3  1.8  1.5  45  55.2 2251.4 505  436  587  151  381  682  301
21 2008 274.0  6.3  4.2  2.1  33 107.2 2358.6 444  380  572  192  329  586  257
22 2009 278.2  4.2  3.0  1.2  28  72.9 2431.4 448  411  542  131  335  572  237
23 2010 283.0  4.8  3.9  0.9  18  84.6 2516.1 423  387  575  188  327  618  291
24 2011 286.9  3.9  3.3  0.6  15  69.8 2585.9 414  394  520  126  370  522  152
25 2012 290.5  3.6  3.0  0.6  16  65.3 2651.2 438  404  609  205  344  645  301
26 2013 295.3  4.8  2.4  2.4  49  88.3 2739.5 523  426  621  195  377  684  307
27 2014 303.1  7.8  5.1  2.7  34 146.6 2886.2 450  389  566  177  327  614  287
28 2015 307.6  4.5  3.0  1.5  33  86.3 2972.5 470  410  591  181  349  647  298

Core Length:  300.6 mm
Core Density: 430 kg/m3
Cross-sectional Density:  425 kg/m3
Early/Latewood Threshold: 500 kg/m3
Attenuation Constant: 3.05

ִִִִִִִִִִִִִִִִִִִִִִִִִִִִִִִִִִִִִִִִִִִִִִִִִִִִִִִִִִִִִִִִִִִִִִִִִִִִִִִ
Core : 15
ֲֲֲִִִִִִִִִִִִִִִִִִִִִִִִִִִִִִִִִִִִִִִִִִִִִִִִִִִִִִִִִִִִִִִִִִִִִִִִִִִִ
       ³Widths (mm)              ³ Areas    ³ Densities (kg/m3)
       ³                         ³ (cm‎)    ³
Ring   ³Outer Ring Erly Late   % ³Incr Total³Ring E/Wd L/Wd Unif  Min  Max  Rng
 # Year³ Rad.      Wood Wood  LW ³          ³mean mean mean
ֱֱֱִִִִִִִִִִִִִִִִִִִִִִִִִִִִִִִִִִִִִִִִִִִִִִִִִִִִִִִִִִִִִִִִִִִִִִִִִִִִ

 3 1990  27.3 27.3 20.4  0.9   3  23.4   23.4 301  291  528  237  243  536  293
 4 1991  56.1 28.8 28.8  0.0   0  75.5   98.9 307  307    0    0  235  457  222
 5 1992  79.5 23.4 23.4  0.0   0  99.7  198.6 292  292    0    0  222  433  211
 6 1993  93.3 13.8 13.8  0.0   0  74.9  273.5 320  320    0    0  249  467  218
 7 1994 111.6 18.3 17.4  0.9   4 117.8  391.3 343  332  549  217  268  577  309
 8 1995 131.4 19.8 19.5  0.3   1 151.2  542.4 338  334  538  204  254  538  284
 9 1996 147.9 16.5 15.9  0.6   3 144.8  687.2 343  335  545  210  257  553  296
10 1997 162.9 15.0 13.8  1.2   8 146.5  833.7 345  330  528  198  258  571  313
11 1998 172.2  9.3  9.0  0.3   3  97.9  931.6 320  314  506  192  266  506  240
12 1999 184.8 12.6 12.0  0.6   4 141.3 1072.9 335  325  532  207  245  538  293
13 2000 194.4  9.6  9.3  0.3   3 114.4 1187.3 338  333  505  172  261  505  244
14 2001 204.0  9.6  8.7  0.9   9 120.2 1307.4 355  336  539  203  253  559  306
15 2002 212.4  8.4  7.8  0.6   7 109.9 1417.3 328  309  576  267  256  626  370
16 2003 220.5  8.1  8.1  0.0   0 110.2 1527.5 348  348    0    0  290  493  203
17 2004 229.5  9.0  7.8  1.2  13 127.2 1654.7 354  324  551  227  279  583  304
18 2005 237.9  8.4  7.5  0.9  10 123.3 1778.0 371  352  534  182  280  576  296
19 2006 244.5  6.6  5.7  0.9  13 100.0 1878.1 379  345  598  253  273  626  353
20 2007 249.9  5.4  4.8  0.6  11  83.9 1961.9 379  353  593  240  297  663  366
21 2008 255.6  5.7  4.8  0.9  15  90.5 2052.4 384  349  574  225  299  583  284
22 2009 260.1  4.5  3.6  0.9  20  72.9 2125.4 379  341  532  191  301  548  247
23 2010 264.3  4.2  3.9  0.3   7  69.2 2194.5 366  349  590  241  275  590  315
24 2011 268.5  4.2  3.0  1.2  28  70.3 2264.8 402  336  565  229  308  601  293
25 2012 273.9  5.4  4.2  1.2  22  92.0 2356.9 411  374  540  166  324  591  267
26 2013 280.2  6.3  4.8  1.5  23 109.7 2466.5 402  344  588  244  314  641  327
27 2014 288.0  7.8  6.6  1.2  15 139.2 2605.8 408  381  553  172  277  567  290
28 2015 298.2 10.2  8.4  1.8  17 187.8 2793.6 395  362  548  186  313  604  291

Core Length:  292.2 mm
Core Density: 355 kg/m3
Cross-sectional Density:  357 kg/m3
Early/Latewood Threshold: 500 kg/m3
Attenuation Constant: 3.05

ִִִִִִִִִִִִִִִִִִִִִִִִִִִִִִִִִִִִִִִִִִִִִִִִִִִִִִִִִִִִִִִִִִִִִִִִִִִִִִִ
Core : 20
ֲֲֲִִִִִִִִִִִִִִִִִִִִִִִִִִִִִִִִִִִִִִִִִִִִִִִִִִִִִִִִִִִִִִִִִִִִִִִִִִִִ
       ³Widths (mm)              ³ Areas    ³ Densities (kg/m3)
       ³                         ³ (cm‎)    ³
Ring   ³Outer Ring Erly Late   % ³Incr Total³Ring E/Wd L/Wd Unif  Min  Max  Rng
 # Year³ Rad.      Wood Wood  LW ³          ³mean mean mean
ֱֱֱִִִִִִִִִִִִִִִִִִִִִִִִִִִִִִִִִִִִִִִִִִִִִִִִִִִִִִִִִִִִִִִִִִִִִִִִִִִִ

 2 1989  20.4 20.4 14.4  0.0   0  13.1   13.1 317  317    0    0  255  433  178
 3 1990  42.3 21.9 21.9  0.0   0  43.1   56.2 339  339    0    0  274  490  216
 4 1991  70.5 28.2 28.2  0.0   0  99.9  156.1 331  331    0    0  260  482  222
 5 1992  95.4 24.9 23.7  1.2   4 129.8  285.9 337  326  558  232  246  585  339
 6 1993 113.4 18.0 15.6  2.4  13 118.1  404.0 382  362  515  153  287  529  242
 7 1994 128.4 15.0 14.1  0.9   5 113.9  517.9 368  358  522  164  266  543  277
 8 1995 141.0 12.6 10.8  1.8  14 106.6  624.6 395  372  537  165  298  573  275
 9 1996 155.1 14.1 13.2  0.9   6 131.2  755.7 365  352  556  204  288  561  273
10 1997 165.6 10.5  9.9  0.6   5 105.8  861.5 376  368  504  136  285  508  223
11 1998 172.8  7.2  6.3  0.9  12  76.5  938.1 353  326  539  213  290  555  265
12 1999 186.0 13.2 12.6  0.6   4 148.8 1086.9 355  347  526  179  273  531  258
13 2000 195.6  9.6  8.1  1.5  15 115.1 1202.0 379  350  536  186  285  565  280
14 2001 205.5  9.9  7.8  2.1  21 124.7 1326.7 403  359  563  204  308  608  300
15 2002 212.1  6.6  5.7  0.9  13  86.6 1413.3 403  369  619  250  326  647  321
16 2003 220.2  8.1  7.5  0.6   7 110.0 1523.3 407  398  526  128  353  527  174
17 2004 226.5  6.3  4.8  1.5  23  88.4 1611.7 410  366  552  186  313  588  275
18 2005 232.2  5.7  5.1  0.6  10  82.1 1693.8 394  378  531  153  324  541  217
19 2006 236.1  3.9  3.0  0.9  23  57.4 1751.2 419  376  563  187  320  611  291
20 2007 240.0  3.9  3.3  0.6  15  58.3 1809.6 424  395  582  187  342  590  248
21 2008 243.9  3.9  2.7  1.2  30  59.3 1868.8 439  387  556  169  342  582  240
22 2009 248.4  4.5  3.3  1.2  26  69.6 1938.4 435  376  595  219  341  620  279
23 2010 252.9  4.5  3.3  1.2  26  70.9 2009.3 444  387  599  212  348  680  332
24 2011 256.2  3.3  2.1  1.2  36  52.8 2062.1 453  380  581  201  356  673  317
25 2012 260.7  4.5  3.3  1.2  26  73.1 2135.2 441  392  574  182  351  639  288
26 2013 265.8  5.1  3.3  1.8  35  84.4 2219.5 445  376  571  195  335  665  330
27 2014 270.9  5.1  3.6  1.5  29  86.0 2305.5 461  412  580  168  347  641  294
28 2015 275.7  4.8  3.0  1.8  37  82.4 2387.9 477  409  590  181  373  676  303

Core Length:  269.7 mm
Core Density: 398 kg/m3
Cross-sectional Density:  395 kg/m3
Early/Latewood Threshold: 500 kg/m3
Attenuation Constant: 3.05

ִִִִִִִִִִִִִִִִִִִִִִִִִִִִִִִִִִִִִִִִִִִִִִִִִִִִִִִִִִִִִִִִִִִִִִִִִִִִִִִ
Core : 24
ֲֲֲִִִִִִִִִִִִִִִִִִִִִִִִִִִִִִִִִִִִִִִִִִִִִִִִִִִִִִִִִִִִִִִִִִִִִִִִִִִִ
       ³Widths (mm)              ³ Areas    ³ Densities (kg/m3)
       ³                         ³ (cm‎)    ³
Ring   ³Outer Ring Erly Late   % ³Incr Total³Ring E/Wd L/Wd Unif  Min  Max  Rng
 # Year³ Rad.      Wood Wood  LW ³          ³mean mean mean
ֱֱֱִִִִִִִִִִִִִִִִִִִִִִִִִִִִִִִִִִִִִִִִִִִִִִִִִִִִִִִִִִִִִִִִִִִִִִִִִִִִ

 3 1990  29.0 29.0 24.0  0.0   0  26.4   26.4 316  316    0    0  248  495  247
 4 1991  57.2 28.2 28.2  0.0   0  76.4  102.8 328  328    0    0  253  498  245
 5 1992  83.0 25.8 24.6  1.2   4 113.6  216.4 345  335  552  217  287  585  298
 6 1993 105.5 22.5 20.1  2.4  10 133.2  349.7 360  338  545  207  260  578  318
 7 1994 128.6 23.1 20.1  3.0  12 169.9  519.6 386  364  531  167  291  589  298
 8 1995 155.6 27.0 24.0  3.0  11 241.1  760.6 386  366  545  179  269  593  324
 9 1996 176.9 21.3 18.9  2.4  11 222.5  983.1 382  361  544  183  281  585  304
10 1997 197.0 20.1 17.1  3.0  14 236.1 1219.2 392  365  543  178  297  581  284
11 1998 209.3 12.3 10.8  1.5  12 157.0 1376.2 385  363  543  180  239  572  333
12 1999 227.6 18.3 16.5  1.8   9 251.2 1627.4 396  377  572  195  313  608  295
13 2000 236.9  9.3  7.2  2.1  22 135.7 1763.1 403  358  558  200  309  589  280
14 2001 249.5 12.6  9.6  3.0  23 192.5 1955.6 463  408  638  230  361  676  315
15 2002 258.8  9.3  7.5  1.8  19 148.5 2104.2 448  408  612  204  357  690  333
16 2003 270.5 11.7  9.9  1.8  15 194.6 2298.7 426  404  547  143  341  605  264
17 2004 282.5 12.0  9.0  3.0  25 208.5 2507.2 417  364  576  212  315  614  299
18 2005 293.9 11.4  9.6  1.8  15 206.4 2713.6 432  407  565  158  339  597  258
19 2006 302.3  8.4  6.6  1.8  21 157.3 2871.0 401  361  550  189  298  594  296
20 2007 310.1  7.8  6.6  1.2  15 150.1 3021.0 428  397  595  198  337  636  299
21 2008 319.1  9.0  5.1  3.9  43 177.9 3198.9 483  386  608  222  354  660  306
22 2009 326.0  6.9  4.5  2.4  34 139.8 3338.8 462  392  593  201  366  654  288
23 2010 332.6  6.6  4.5  2.1  31 136.6 3475.3 476  403  632  229  368  711  343
24 2011 338.9  6.3  3.9  2.4  38 132.9 3608.2 492  420  608  188  390  683  293
25 2012 345.2  6.3  4.2  2.1  33 135.4 3743.6 492  431  615  184  389  671  282
26 2013 353.0  7.8  4.8  3.0  38 171.1 3914.7 495  425  607  182  366  697  331
27 2014 359.6  6.6  3.0  3.6  54 147.8 4062.5 521  426  600  174  401  665  264
28 2015 366.2  6.6  3.9  2.7  40 150.5 4213.0 514  430  636  206  379  699  320

Core Length:  361.2 mm
Core Density: 424 kg/m3
Cross-sectional Density:  427 kg/m3
Early/Latewood Threshold: 500 kg/m3
Attenuation Constant: 3.05

ִִִִִִִִִִִִִִִִִִִִִִִִִִִִִִִִִִִִִִִִִִִִִִִִִִִִִִִִִִִִִִִִִִִִִִִִִִִִִִִ
Core : 26
ֲֲֲִִִִִִִִִִִִִִִִִִִִִִִִִִִִִִִִִִִִִִִִִִִִִִִִִִִִִִִִִִִִִִִִִִִִִִִִִִִִ
       ³Widths (mm)              ³ Areas    ³ Densities (kg/m3)
       ³                         ³ (cm‎)    ³
Ring   ³Outer Ring Erly Late   % ³Incr Total³Ring E/Wd L/Wd Unif  Min  Max  Rng
 # Year³ Rad.      Wood Wood  LW ³          ³mean mean mean
ֱֱֱִִִִִִִִִִִִִִִִִִִִִִִִִִִִִִִִִִִִִִִִִִִִִִִִִִִִִִִִִִִִִִִִִִִִִִִִִִִִ

 2 1990  23.5 23.5 19.5  0.0   0  17.3   17.3 301  301    0    0  249  467  218
 3 1991  53.2 29.7 29.7  0.0   0  71.6   88.9 302  302    0    0  240  365  125
 4 1992  83.8 30.6 30.3  0.3   0 131.7  220.6 363  362  504  142  309  504  195
 5 1993 100.3 16.5 15.9  0.6   3  95.4  316.0 357  352  508  156  276  513  237
 6 1994 120.4 20.1 18.9  1.2   5 139.4  455.4 369  357  560  203  273  593  320
 7 1995 135.1 14.7 14.1  0.6   4 118.0  573.4 359  352  537  185  273  545  272
 8 1996 150.4 15.3 13.5  1.8  11 137.2  710.6 382  358  562  204  258  580  322
 9 1997 165.7 15.3 13.5  1.8  11 151.9  862.6 383  366  512  146  268  538  270
10 1998 173.5  7.8  7.5  0.3   3  83.1  945.7 347  340  536  196  268  536  268
11 1999 183.4  9.9  9.3  0.6   6 111.0 1056.7 358  347  517  170  267  535  268
12 2000 190.0  6.6  6.3  0.3   4  77.4 1134.1 371  362  569  207  278  569  291
13 2001 197.5  7.5  5.7  1.8  23  91.3 1225.4 387  334  553  219  277  607  330
14 2002 203.5  6.0  5.7  0.3   5  75.6 1301.0 372  363  548  185  264  548  284
15 2003 214.0 10.5 10.2  0.3   2 137.7 1438.7 354  348  539  191  286  539  253
16 2004 221.5  7.5  7.2  0.3   4 102.6 1541.3 355  348  500  152  278  500  222
17 2005 229.9  8.4  7.2  1.2  14 119.1 1660.5 397  377  521  144  277  537  260
18 2006 235.3  5.4  4.5  0.9  16  78.9 1739.4 397  360  581  221  283  605  322
19 2007 239.8  4.5  3.9  0.6  13  67.2 1806.5 410  382  589  207  308  606  298
20 2008 244.9  5.1  3.6  1.5  29  77.7 1884.2 425  372  552  180  313  586  273
21 2009 249.1  4.2  3.0  1.2  28  65.2 1949.4 415  358  559  201  307  580  273
22 2010 252.1  3.0  1.8  1.2  40  47.2 1996.6 435  361  546  185  312  614  302
23 2011 256.3  4.2  2.7  1.5  35  67.1 2063.7 417  352  533  181  297  567  270
24 2012 260.2  3.9  3.6  0.3   7  63.3 2127.0 381  368  539  171  289  539  250
25 2013 263.2  3.0  1.8  1.2  40  49.3 2176.3 430  332  578  246  293  604  311
26 2014 266.8  3.6  3.3  0.3   8  59.9 2236.3 404  393  524  131  292  524  232
27 2015 269.8  3.0  2.7  0.3  10  50.6 2286.8 383  368  516  148  290  516  226

Core Length:  265.8 mm
Core Density: 379 kg/m3
Cross-sectional Density:  377 kg/m3
Early/Latewood Threshold: 500 kg/m3
Attenuation Constant: 3.05

ִִִִִִִִִִִִִִִִִִִִִִִִִִִִִִִִִִִִִִִִִִִִִִִִִִִִִִִִִִִִִִִִִִִִִִִִִִִִִִִ
Core : 29
ֲֲֲִִִִִִִִִִִִִִִִִִִִִִִִִִִִִִִִִִִִִִִִִִִִִִִִִִִִִִִִִִִִִִִִִִִִִִִִִִִִ
       ³Widths (mm)              ³ Areas    ³ Densities (kg/m3)
       ³                         ³ (cm‎)    ³
Ring   ³Outer Ring Erly Late   % ³Incr Total³Ring E/Wd L/Wd Unif  Min  Max  Rng
 # Year³ Rad.      Wood Wood  LW ³          ³mean mean mean
ֱֱֱִִִִִִִִִִִִִִִִִִִִִִִִִִִִִִִִִִִִִִִִִִִִִִִִִִִִִִִִִִִִִִִִִִִִִִִִִִִִ

 1 1988   4.3  4.3  2.4  0.9  20   0.6    0.6 399  354  518  164  263  525  262
 2 1989  13.6  9.3  9.3  0.0   0   5.2    5.8 361  361    0    0  277  477  200
 3 1990  32.8 19.2 18.6  0.6   3  28.0   33.8 355  350  521  171  291  536  245
 4 1991  55.0 22.2 22.2  0.0   0  61.2   95.0 354  354    0    0  272  499  227
 5 1992  77.8 22.8 22.2  0.6   2  95.1  190.2 317  311  549  238  254  566  312
 6 1993  93.4 15.6 12.6  3.0  19  83.9  274.1 391  354  550  196  298  613  315
 7 1994 113.5 20.1 17.7  2.4  11 130.6  404.7 389  369  535  166  309  586  277
 8 1995 133.6 20.1 16.2  3.9  19 156.0  560.7 409  379  537  158  302  585  283
 9 1996 151.3 17.7 13.5  4.2  23 158.4  719.2 421  374  572  198  303  621  318
10 1997 170.2 18.9 14.7  4.2  22 190.9  910.1 437  398  572  174  343  594  251
11 1998 180.7 10.5  9.6  0.9   8 115.8 1025.8 364  346  555  209  299  585  286
12 1999 195.4 14.7 12.6  2.1  14 173.7 1199.5 403  377  558  181  312  606  294
13 2000 204.4  9.0  7.2  1.8  20 113.0 1312.5 395  348  584  236  296  616  320
14 2001 213.4  9.0  6.6  2.4  26 118.1 1430.7 417  346  610  264  287  661  374
15 2002 221.8  8.4  6.9  1.5  17 114.8 1545.5 406  357  634  277  285  732  447
16 2003 231.4  9.6  8.4  1.2  12 136.7 1682.2 406  383  566  183  336  590  254
17 2004 239.2  7.8  6.3  1.5  19 115.3 1797.5 426  376  633  257  325  654  329
18 2005 246.7  7.5  6.0  1.5  20 114.5 1912.0 415  373  586  213  304  604  300
19 2006 251.8  5.1  3.6  1.5  29  79.9 1991.9 443  378  599  221  309  669  360
20 2007 256.6  4.8  4.2  0.6  12  76.7 2068.5 436  410  619  209  353  702  349
21 2008 260.5  3.9  2.4  1.5  38  63.4 2131.9 508  413  661  248  381  756  375
22 2009 265.0  4.5  3.9  0.6  13  74.3 2206.2 440  405  667  262  361  717  356
23 2010 269.5  4.5  3.3  1.2  26  75.6 2281.7 445  392  591  199  342  655  313
24 2011 272.8  3.3  2.4  0.9  27  56.2 2338.0 479  406  676  270  374  737  363
25 2012 276.7  3.9  3.0  0.9  23  67.3 2405.3 457  411  611  200  351  663  312
26 2013 280.0  3.3  2.1  1.2  36  57.7 2463.0 487  384  669  285  367  727  360
27 2014 284.2  4.2  2.4  1.8  42  74.4 2537.5 527  413  678  265  349  780  431
28 2015 289.0  4.8  3.3  1.5  31  86.4 2623.9 479  417  618  201  388  739  351

Core Length:  288.0 mm
Core Density: 420 kg/m3
Cross-sectional Density:  419 kg/m3
Early/Latewood Threshold: 500 kg/m3
Attenuation Constant: 3.05

ִִִִִִִִִִִִִִִִִִִִִִִִִִִִִִִִִִִִִִִִִִִִִִִִִִִִִִִִִִִִִִִִִִִִִִִִִִִִִִִ
Core : 31
ֲֲֲִִִִִִִִִִִִִִִִִִִִִִִִִִִִִִִִִִִִִִִִִִִִִִִִִִִִִִִִִִִִִִִִִִִִִִִִִִִִ
       ³Widths (mm)              ³ Areas    ³ Densities (kg/m3)
       ³                         ³ (cm‎)    ³
Ring   ³Outer Ring Erly Late   % ³Incr Total³Ring E/Wd L/Wd Unif  Min  Max  Rng
 # Year³ Rad.      Wood Wood  LW ³          ³mean mean mean
ֱֱֱִִִִִִִִִִִִִִִִִִִִִִִִִִִִִִִִִִִִִִִִִִִִִִִִִִִִִִִִִִִִִִִִִִִִִִִִִִִִ

 3 1990  25.1 25.1 17.1  0.0   0  19.8   19.8 316  316    0    0  259  489  230
 4 1991  49.4 24.3 24.3  0.0   0  56.9   76.7 305  305    0    0  244  399  155
 5 1992  73.1 23.7 22.8  0.9   3  91.2  167.9 319  311  528  217  266  537  271
 6 1993  86.3 13.2 12.0  1.2   9  66.1  234.0 364  346  545  199  268  567  299
 7 1994 103.1 16.8 14.4  2.4  14 100.0  333.9 381  353  549  196  288  613  325
 8 1995 119.3 16.2 15.0  1.2   7 113.2  447.1 352  337  538  201  262  565  303
 9 1996 134.3 15.0 14.7  0.3   2 119.5  566.6 325  322  511  189  250  511  261
10 1997 148.4 14.1 14.1  0.0   0 125.2  691.9 340  340    0    0  257  488  231
11 1998 155.0  6.6  6.0  0.6   9  62.9  754.8 330  313  507  194  248  507  259
12 1999 166.7 11.7 11.7  0.0   0 118.2  873.0 338  338    0    0  243  447  204
13 2000 172.1  5.4  5.1  0.3   5  57.5  930.5 327  316  517  201  245  517  272
14 2001 178.1  6.0  4.8  1.2  20  66.0  996.5 364  325  520  195  259  537  278
15 2002 183.5  5.4  4.8  0.6  11  61.3 1057.8 370  351  521  170  253  528  275
16 2003 189.5  6.0  6.0  0.0   0  70.3 1128.2 352  352    0    0  280  459  179
17 2004 194.3  4.8  3.9  0.9  18  57.9 1186.0 376  339  538  199  258  562  304
18 2005 198.5  4.2  3.3  0.9  21  51.8 1237.9 418  388  529  141  323  564  241
19 2006 201.5  3.0  2.4  0.6  19  37.7 1275.6 385  353  514  161  302  523  221
20 2007 203.6  2.1  1.5  0.6  28  26.7 1302.3 430  383  547  164  327  563  236
21 2008 206.0  2.4  1.5  0.9  37  30.9 1333.2 448  388  548  160  338  569  231
22 2009 208.1  2.1  1.2  0.9  42  27.3 1360.5 461  385  562  177  316  612  296
23 2010 210.5  2.4  2.1  0.3  12  31.6 1392.0 417  397  561  164  336  561  225
24 2011 213.2  2.7  1.5  1.2  44  35.9 1428.0 459  383  554  171  339  613  274
25 2012 215.3  2.1  1.8  0.3  14  28.3 1456.3 390  366  533  167  305  533  228
26 2013 217.4  2.1  1.5  0.6  28  28.5 1484.8 433  384  555  171  339  574  235
27 2014 218.6  1.2  1.2  0.0   0  16.4 1501.2 408  408    0    0  340  477  137
28 2015 219.5  0.9  0.9  0.0   0  12.4 1513.6 359  359    0    0  205  482  277

Core Length:  211.5 mm
Core Density: 375 kg/m3
Cross-sectional Density:  361 kg/m3
Early/Latewood Threshold: 500 kg/m3
Attenuation Constant: 3.05

ִִִִִִִִִִִִִִִִִִִִִִִִִִִִִִִִִִִִִִִִִִִִִִִִִִִִִִִִִִִִִִִִִִִִִִִִִִִִִִִ
Core : 33
ֲֲֲִִִִִִִִִִִִִִִִִִִִִִִִִִִִִִִִִִִִִִִִִִִִִִִִִִִִִִִִִִִִִִִִִִִִִִִִִִִִ
       ³Widths (mm)              ³ Areas    ³ Densities (kg/m3)
       ³                         ³ (cm‎)    ³
Ring   ³Outer Ring Erly Late   % ³Incr Total³Ring E/Wd L/Wd Unif  Min  Max  Rng
 # Year³ Rad.      Wood Wood  LW ³          ³mean mean mean
ֱֱֱִִִִִִִִִִִִִִִִִִִִִִִִִִִִִִִִִִִִִִִִִִִִִִִִִִִִִִִִִִִִִִִִִִִִִִִִִִִִ

 3 1990  26.0 26.0 16.2  1.8   6  21.2   21.2 348  328  523  195  277  555  278
 4 1991  51.8 25.8 25.8  0.0   0  63.1   84.3 367  367    0    0  300  487  187
 5 1992  75.2 23.4 22.8  0.6   2  93.4  177.7 355  350  525  175  307  545  238
 6 1993  87.2 12.0  9.9  2.1  17  61.2  238.9 407  375  559  184  314  638  324
 7 1994 105.5 18.3 13.8  4.5  24 110.8  349.7 425  384  550  166  309  612  303
 8 1995 127.1 21.6 19.2  2.4  11 157.8  507.5 392  372  545  173  282  578  296
 9 1996 149.9 22.8 20.1  2.7  11 198.4  705.9 379  360  517  157  279  541  262
10 1997 173.0 23.1 19.8  3.3  14 234.3  940.2 394  369  544  175  292  585  293
11 1998 185.3 12.3  9.6  2.7  21 138.5 1078.7 419  363  616  253  296  664  368
12 1999 202.1 16.8 15.0  1.8  10 204.5 1283.2 400  382  547  165  326  611  285
13 2000 213.5 11.4  9.3  2.1  18 148.8 1432.0 414  384  546  162  298  576  278
14 2001 224.3 10.8  6.9  3.9  36 148.5 1580.6 435  354  577  223  294  653  359
15 2002 234.5 10.2  7.5  2.7  26 147.0 1727.6 437  379  598  219  325  664  339
16 2003 245.6 11.1  9.9  1.2  10 167.4 1895.0 404  382  586  204  325  622  297
17 2004 256.1 10.5  7.8  2.7  25 165.5 2060.5 425  367  592  225  307  686  379
18 2005 266.0  9.9  7.8  2.1  21 162.4 2222.9 413  375  557  182  307  628  321
19 2006 271.7  5.7  4.2  1.5  26  96.3 2319.2 444  382  619  237  332  676  344
20 2007 279.5  7.8  6.6  1.2  15 135.1 2454.2 410  369  636  267  331  690  359
21 2008 287.9  8.4  5.4  3.0  35 149.7 2604.0 458  380  598  218  343  667  324
22 2009 294.5  6.6  4.2  2.4  36 120.8 2724.7 463  386  597  211  354  678  324
23 2010 302.6  8.1  5.7  2.4  29 151.9 2876.7 472  395  655  260  345  699  354
24 2011 311.3  8.7  5.1  3.6  41 167.8 3044.4 486  390  623  233  368  722  354
25 2012 318.8  7.5  4.8  2.7  36 148.5 3192.9 490  421  613  192  377  718  341
26 2013 326.9  8.1  4.8  3.3  40 164.3 3357.2 511  405  665  260  373  762  389
27 2014 332.3  5.4  2.7  2.7  50 111.8 3469.1 522  422  623  201  397  708  311
28 2015 338.0  5.7  3.3  2.4  42 120.0 3589.1 515  419  648  229  393  718  325

Core Length:  330.0 mm
Core Density: 430 kg/m3
Cross-sectional Density:  432 kg/m3
Early/Latewood Threshold: 500 kg/m3
Attenuation Constant: 3.05

ִִִִִִִִִִִִִִִִִִִִִִִִִִִִִִִִִִִִִִִִִִִִִִִִִִִִִִִִִִִִִִִִִִִִִִִִִִִִִִִ
Core : 38
ֲֲֲִִִִִִִִִִִִִִִִִִִִִִִִִִִִִִִִִִִִִִִִִִִִִִִִִִִִִִִִִִִִִִִִִִִִִִִִִִִִ
       ³Widths (mm)              ³ Areas    ³ Densities (kg/m3)
       ³                         ³ (cm‎)    ³
Ring   ³Outer Ring Erly Late   % ³Incr Total³Ring E/Wd L/Wd Unif  Min  Max  Rng
 # Year³ Rad.      Wood Wood  LW ³          ³mean mean mean
ֱֱֱִִִִִִִִִִִִִִִִִִִִִִִִִִִִִִִִִִִִִִִִִִִִִִִִִִִִִִִִִִִִִִִִִִִִִִִִִִִִ

 2 1990  15.9 15.9 14.7  1.2   7   7.9    7.9 350  336  521  185  285  525  240
 3 1991  37.5 21.6 20.7  0.9   4  36.2   44.2 346  339  513  174  253  515  262
 4 1992  58.8 21.3 20.1  1.2   5  64.4  108.6 354  341  572  231  276  637  361
 5 1993  79.2 20.4 18.0  2.4  11  88.4  197.1 387  363  564  201  300  610  310
 6 1994  98.7 19.5 15.0  4.5  23 109.0  306.0 410  369  549  180  320  677  357
 7 1995 120.9 22.2 19.5  2.7  12 153.2  459.2 392  370  552  182  280  628  348
 8 1996 136.8 15.9 13.8  2.1  13 128.7  587.9 396  370  574  204  291  607  316
 9 1997 152.7 15.9 13.2  2.7  16 144.6  732.5 408  371  587  216  291  683  392
10 1998 165.0 12.3  9.3  3.0  24 122.8  855.3 408  346  601  255  274  688  414
11 1999 179.1 14.1 13.2  0.9   6 152.4 1007.7 390  375  602  227  304  673  369
12 2000 187.5  8.4  6.9  1.5  17  96.7 1104.5 393  347  605  258  303  702  399
13 2001 194.7  7.2  5.4  1.8  24  86.5 1190.9 415  345  625  280  299  686  387
14 2002 200.1  5.4  4.5  0.9  16  67.0 1257.9 392  355  577  222  300  631  331
15 2003 205.5  5.4  3.6  1.8  33  68.8 1326.7 456  395  579  184  362  678  316
16 2004 212.4  6.9  5.4  1.5  21  90.6 1417.3 420  367  612  245  321  661  340
17 2005 217.5  5.1  3.9  1.2  23  68.9 1486.2 429  379  592  213  319  624  305
18 2006 221.4  3.9  3.0  0.9  23  53.8 1539.9 436  384  610  226  342  675  333
19 2007 224.4  3.0  2.1  0.9  30  42.0 1582.0 432  379  556  177  334  624  290
20 2008 226.8  2.4  1.8  0.6  25  34.0 1616.0 456  408  600  192  377  655  278
21 2009 229.5  2.7  1.8  0.9  33  38.7 1654.7 485  417  620  203  371  716  345
22 2010 232.2  2.7  2.7  0.0   0  39.2 1693.8 383  383    0    0  341  476  135
23 2011 234.0  1.8  1.5  0.3  16  26.4 1720.2 380  353  516  163  310  516  206
24 2012 235.5  1.5  0.9  0.6  40  22.1 1742.3 517  427  651  224  397  694  297
25 2013 238.2  2.7  2.1  0.6  22  40.2 1782.5 436  382  625  243  334  683  349
26 2014 240.9  2.7  1.2  1.5  55  40.6 1823.2 527  398  630  232  342  707  365
27 2015 243.6  2.7  2.1  0.6  22  41.1 1864.3 489  430  696  266  383  731  348

Core Length:  243.6 mm
Core Density: 418 kg/m3
Cross-sectional Density:  411 kg/m3
Early/Latewood Threshold: 500 kg/m3
Attenuation Constant: 3.05

ִִִִִִִִִִִִִִִִִִִִִִִִִִִִִִִִִִִִִִִִִִִִִִִִִִִִִִִִִִִִִִִִִִִִִִִִִִִִִִִ
Core : 45
ֲֲֲִִִִִִִִִִִִִִִִִִִִִִִִִִִִִִִִִִִִִִִִִִִִִִִִִִִִִִִִִִִִִִִִִִִִִִִִִִִִ
       ³Widths (mm)              ³ Areas    ³ Densities (kg/m3)
       ³                         ³ (cm‎)    ³
Ring   ³Outer Ring Erly Late   % ³Incr Total³Ring E/Wd L/Wd Unif  Min  Max  Rng
 # Year³ Rad.      Wood Wood  LW ³          ³mean mean mean
ֱֱֱִִִִִִִִִִִִִִִִִִִִִִִִִִִִִִִִִִִִִִִִִִִִִִִִִִִִִִִִִִִִִִִִִִִִִִִִִִִִ

 2 1990  20.1 20.1 17.1  0.0   0  12.7   12.7 303  303    0    0  242  480  238
 3 1991  49.2 29.1 29.1  0.0   0  63.4   76.0 296  296    0    0  250  397  147
 4 1992  81.3 32.1 30.6  1.5   4 131.6  207.6 302  290  547  257  228  568  340
 5 1993 105.9 24.6 23.4  1.2   4 144.7  352.3 349  341  516  175  291  526  235
 6 1994 129.6 23.7 22.8  0.9   3 175.3  527.7 357  350  551  201  281  572  291
 7 1995 147.3 17.7 17.1  0.6   3 154.0  681.6 341  335  513  178  265  527  262
 8 1996 167.1 19.8 19.8  0.0   0 195.6  877.2 300  300    0    0  231  482  251
 9 1997 184.2 17.1 17.1  0.0   0 188.7 1065.9 302  302    0    0  239  445  206
10 1998 190.2  6.0  6.0  0.0   0  70.6 1136.5 262  262    0    0  215  424  209
11 1999 196.5  6.3  6.3  0.0   0  76.5 1213.0 300  300    0    0  227  452  225
12 2000 199.8  3.3  3.3  0.0   0  41.1 1254.1 316  316    0    0  243  437  194
13 2001 206.1  6.3  6.0  0.3   4  80.3 1334.5 306  295  528  233  231  528  297
14 2002 210.6  4.5  4.5  0.0   0  58.9 1393.4 289  289    0    0  239  391  152
15 2003 215.4  4.8  4.8  0.0   0  64.2 1457.6 345  345    0    0  265  470  205
16 2004 219.9  4.5  3.9  0.6  13  61.5 1519.1 330  301  521  220  242  532  290
17 2005 225.9  6.0  5.7  0.3   5  84.0 1603.2 379  371  537  166  255  537  282
18 2006 231.0  5.1  4.5  0.6  11  73.2 1676.4 359  333  557  224  255  573  318
19 2007 235.2  4.2  3.6  0.6  14  61.5 1737.9 385  355  562  207  276  589  313
20 2008 240.3  5.1  4.8  0.3   5  76.2 1814.1 343  333  503  170  260  503  243
21 2009 243.6  3.3  3.3  0.0   0  50.2 1864.3 372  372    0    0  279  497  218
22 2010 248.4  4.8  4.8  0.0   0  74.2 1938.4 337  337    0    0  261  492  231
23 2011 252.0  3.6  3.0  0.6  16  56.6 1995.0 388  361  522  161  291  543  252
24 2012 255.6  3.6  2.7  0.9  25  57.4 2052.4 417  379  531  152  289  533  244
25 2013 259.5  3.9  3.0  0.9  23  63.1 2115.6 413  375  539  164  293  565  272
26 2014 264.3  4.8  3.9  0.9  18  79.0 2194.5 415  391  516  125  276  525  249
27 2015 269.1  4.8  4.2  0.6  12  80.4 2275.0 378  356  532  176  269  564  295

Core Length:  266.1 mm
Core Density: 341 kg/m3
Cross-sectional Density:  337 kg/m3
Early/Latewood Threshold: 500 kg/m3
Attenuation Constant: 3.05

