File : C:\DENSITOM\WOODHI~1\WHILL14.DAT
Cores :
2
6
12
13
18
19
25
26
33
37
44
48

ִִִִִִִִִִִִִִִִִִִִִִִִִִִִִִִִִִִִִִִִִִִִִִִִִִִִִִִִִִִִִִִִִִִִִִִִִִִִִִִ
Core : 2
ֲֲֲִִִִִִִִִִִִִִִִִִִִִִִִִִִִִִִִִִִִִִִִִִִִִִִִִִִִִִִִִִִִִִִִִִִִִִִִִִִִ
       ³Widths (mm)              ³ Areas    ³ Densities (kg/m3)
       ³                         ³ (cm‎)    ³
Ring   ³Outer Ring Erly Late   % ³Incr Total³Ring E/Wd L/Wd Unif  Min  Max  Rng
 # Year³ Rad.      Wood Wood  LW ³          ³mean mean mean
ֱֱֱִִִִִִִִִִִִִִִִִִִִִִִִִִִִִִִִִִִִִִִִִִִִִִִִִִִִִִִִִִִִִִִִִִִִִִִִִִִִ

 1 1990  10.5 10.5  9.9  0.6   5   3.5    3.5 404  396  528  132  348  534  186
 2 1991  24.3 13.8 13.2  0.6   4  15.1   18.6 376  370  520  150  312  525  213
 3 1992  47.4 23.1 23.1  0.0   0  52.0   70.6 382  382    0    0  317  488  171
 4 1993  69.9 22.5 18.9  3.6  16  82.9  153.5 366  337  520  183  268  540  272
 5 1994  83.4 13.5 11.7  1.8  13  65.0  218.5 434  415  557  142  364  588  224
 6 1995  92.1  8.7  6.9  1.8  20  48.0  266.5 444  422  531  109  352  573  221
 7 1996  98.1  6.0  4.8  1.2  20  35.9  302.3 416  384  540  156  292  553  261
 8 1997 105.9  7.8  3.0  4.8  61  50.0  352.3 508  386  585  199  317  639  322
 9 1998 113.1  7.2  5.1  2.1  29  49.5  401.9 418  370  533  163  309  552  243
10 1999 119.7  6.6  3.3  3.3  50  48.3  450.1 468  380  557  177  290  599  309
11 2000 125.1  5.4  3.6  1.8  33  41.5  491.7 454  393  574  181  315  648  333
12 2001 131.7  6.6  3.3  3.3  49  53.2  544.9 477  373  582  209  306  659  353
13 2002 137.1  5.4  3.0  2.4  44  45.6  590.5 452  363  563  200  320  617  297
14 2003 146.7  9.6  5.7  3.9  40  85.6  676.1 459  375  582  207  334  632  298
15 2004 151.2  4.5  2.7  1.8  40  42.1  718.2 469  378  607  229  317  646  329
16 2005 155.4  4.2  2.4  1.8  42  40.5  758.7 465  380  579  199  338  634  296
17 2006 158.7  3.3  1.5  1.8  54  32.6  791.2 488  373  583  210  331  626  295
18 2007 162.0  3.3  2.1  1.2  36  33.2  824.5 476  411  588  177  345  678  333
19 2008 168.3  6.3  2.7  3.6  57  65.4  889.9 529  426  605  179  333  663  330
20 2009 174.9  6.6  2.4  4.2  63  71.2  961.0 542  421  611  190  370  676  306
21 2010 179.1  4.2  2.4  1.8  42  46.7 1007.7 482  402  588  186  342  681  339
22 2011 181.2  2.1  0.9  1.2  57  23.8 1031.5 559  417  666  249  377  696  319
23 2012 184.2  3.0  1.8  1.2  40  34.4 1065.9 498  416  622  206  360  671  311
24 2013 186.9  2.7  1.8  0.9  33  31.5 1097.4 452  388  579  191  344  647  303
25 2014 189.0  2.1  1.2  0.9  42  24.8 1122.2 468  370  598  228  316  624  308
26 2015 192.0  3.0  1.8  1.2  40  35.9 1158.1 499  411  632  221  319  699  380
27 2016 195.0  3.0  1.5  1.5  49  36.5 1194.6 496  396  596  200  346  680  334

Core Length:  195.6 mm
Core Density: 462 kg/m3
Cross-sectional Density:  462 kg/m3
Early/Latewood Threshold: 500 kg/m3
Attenuation Constant: 3.19

ִִִִִִִִִִִִִִִִִִִִִִִִִִִִִִִִִִִִִִִִִִִִִִִִִִִִִִִִִִִִִִִִִִִִִִִִִִִִִִִ
Core : 6
ֲֲֲִִִִִִִִִִִִִִִִִִִִִִִִִִִִִִִִִִִִִִִִִִִִִִִִִִִִִִִִִִִִִִִִִִִִִִִִִִִִ
       ³Widths (mm)              ³ Areas    ³ Densities (kg/m3)
       ³                         ³ (cm‎)    ³
Ring   ³Outer Ring Erly Late   % ³Incr Total³Ring E/Wd L/Wd Unif  Min  Max  Rng
 # Year³ Rad.      Wood Wood  LW ³          ³mean mean mean
ֱֱֱִִִִִִִִִִִִִִִִִִִִִִִִִִִִִִִִִִִִִִִִִִִִִִִִִִִִִִִִִִִִִִִִִִִִִִִִִִִִ

 1 1991  11.1 11.1 11.1  0.0   0   3.9    3.9 365  365    0    0  298  435  137
 2 1992  26.4 15.3 13.8  1.5   9  18.0   21.9 397  384  520  136  297  536  239
 3 1993  47.4 21.0 14.1  6.9  32  48.7   70.6 439  386  546  160  302  615  313
 4 1994  61.5 14.1 10.5  3.6  25  48.2  118.8 455  420  557  137  370  632  262
 5 1995  74.7 13.2 11.1  2.1  15  56.5  175.3 426  400  563  163  339  609  270
 6 1996  88.5 13.8  9.9  3.9  28  70.8  246.1 465  426  562  136  340  623  283
 7 1997 103.8 15.3  7.8  7.5  49  92.4  338.5 504  433  578  145  368  671  303
 8 1998 114.3 10.5  7.2  3.3  31  71.9  410.4 458  413  556  143  353  579  226
 9 1999 126.9 12.6  6.9  5.7  45  95.5  505.9 491  432  564  132  387  640  253
10 2000 134.7  7.8  4.8  3.0  38  64.1  570.0 477  416  575  159  372  646  274
11 2001 142.8  8.1  4.2  3.9  48  70.6  640.6 516  455  582  127  382  653  271
12 2002 153.0 10.2  3.9  6.3  61  94.8  735.4 535  433  598  165  397  679  282
13 2003 163.2 10.2  2.4  7.8  76 101.3  836.7 573  464  607  143  407  702  295
14 2004 172.5  9.3  3.6  5.7  61  98.1  934.8 563  462  627  165  408  710  302
15 2005 179.4  6.9  2.1  4.8  69  76.3 1011.1 574  458  625  167  413  739  326
16 2006 186.3  6.9  1.2  5.7  82  79.3 1090.4 612  450  646  196  424  719  295
17 2007 192.0  5.7  1.8  3.9  68  67.7 1158.1 569  467  616  149  433  721  288
18 2008 198.3  6.3  1.8  4.5  71  77.2 1235.4 603  474  655  181  457  755  298
19 2009 205.2  6.9  1.2  5.7  82  87.5 1322.8 605  455  636  181  412  739  327
20 2010 210.0  4.8  1.5  3.3  68  62.6 1385.4 591  454  653  199  430  782  352
21 2011 214.8  4.8  0.9  3.9  81  64.1 1449.5 621  475  654  179  458  716  258
22 2012 221.1  6.3  0.9  5.4  85  86.3 1535.8 641  490  666  176  483  761  278
23 2013 225.0  3.9  0.0  3.9  99  54.7 1590.4 626    0  626  626  505  738  233
24 2014 226.8  1.8  0.0  1.8 100  25.5 1616.0 640    0  640  640  528  706  178
25 2015 230.1  3.3  0.0  3.3  99  47.4 1663.3 675    0  675  675  530  788  258
26 2016 233.1  3.0  0.3  2.7  90  43.7 1707.0 610  404  633  229  404  748  344

Core Length:  233.1 mm
Core Density: 539 kg/m3
Cross-sectional Density:  549 kg/m3
Early/Latewood Threshold: 500 kg/m3
Attenuation Constant: 3.19

ִִִִִִִִִִִִִִִִִִִִִִִִִִִִִִִִִִִִִִִִִִִִִִִִִִִִִִִִִִִִִִִִִִִִִִִִִִִִִִִ
Core : 12
ֲֲֲִִִִִִִִִִִִִִִִִִִִִִִִִִִִִִִִִִִִִִִִִִִִִִִִִִִִִִִִִִִִִִִִִִִִִִִִִִִִ
       ³Widths (mm)              ³ Areas    ³ Densities (kg/m3)
       ³                         ³ (cm‎)    ³
Ring   ³Outer Ring Erly Late   % ³Incr Total³Ring E/Wd L/Wd Unif  Min  Max  Rng
 # Year³ Rad.      Wood Wood  LW ³          ³mean mean mean
ֱֱֱִִִִִִִִִִִִִִִִִִִִִִִִִִִִִִִִִִִִִִִִִִִִִִִִִִִִִִִִִִִִִִִִִִִִִִִִִִִִ

 2 1991  18.6 18.6 15.6  0.0   0  10.9   10.9 320  320    0    0  236  441  205
 3 1992  37.8 19.2 19.2  0.0   0  34.0   44.9 337  337    0    0  276  463  187
 4 1993  57.0 19.2 19.2  0.0   0  57.2  102.1 367  367    0    0  271  490  219
 5 1994  71.4 14.4 12.9  1.5  10  58.1  160.2 409  395  522  127  296  555  259
 6 1995  87.0 15.6 15.0  0.6   3  77.6  237.8 379  375  502  127  287  504  217
 7 1996 100.8 13.8 12.3  1.5  10  81.4  319.2 421  409  521  112  284  540  256
 8 1997 114.3 13.5  8.4  5.1  37  91.2  410.4 463  412  547  135  322  598  276
 9 1998 125.1 10.8  6.9  3.9  36  81.2  491.7 447  401  529  128  317  563  246
10 1999 136.5 11.4  6.6  4.8  42  93.7  585.3 469  408  552  144  330  628  298
11 2000 141.6  5.1  3.0  2.1  41  44.6  629.9 455  383  557  174  305  634  329
12 2001 146.7  5.1  2.7  2.4  47  46.2  676.1 470  382  571  189  324  637  313
13 2002 150.0  3.3  1.5  1.8  54  30.8  706.9 492  387  580  193  315  627  312
14 2003 153.6  3.6  1.2  2.4  66  34.3  741.2 560  413  633  220  340  690  350
15 2004 156.3  2.7  1.2  1.5  55  26.3  767.5 534  412  631  219  352  695  343
16 2005 158.1  1.8  0.6  1.2  66  17.8  785.3 563  445  622  177  420  660  240
17 2006 159.6  1.5  0.6  0.9  60  15.0  800.2 543  445  609  164  401  663  262
18 2007 161.1  1.5  0.3  1.2  80  15.1  815.3 577  477  602  125  477  642  165
19 2008 163.2  2.1  0.6  1.5  71  21.4  836.7 618  491  669  178  485  728  243
20 2009 165.6  2.4  0.6  1.8  75  24.8  861.5 580  449  624  175  416  685  269
21 2010 167.4  1.8  0.6  1.2  66  18.8  880.4 593  471  654  183  459  698  239
22 2011 170.1  2.7  0.0  2.7 100  28.6  909.0 616    0  616  616  524  665  141
23 2012 172.8  2.7  0.3  2.4  88  29.1  938.1 596  434  616  182  434  695  261
24 2013 175.5  2.7  0.6  2.1  77  29.5  967.6 572  448  607  159  438  691  253
25 2014 177.0  1.5  0.3  1.2  80  16.6  984.2 625  481  661  180  481  719  238
26 2015 181.2  4.2  0.9  3.3  78  47.3 1031.5 571  443  606  163  413  677  264
27 2016 184.5  3.3  0.6  2.7  81  37.9 1069.4 581  433  614  181  407  666  259

Core Length:  181.5 mm
Core Density: 506 kg/m3
Cross-sectional Density:  479 kg/m3
Early/Latewood Threshold: 500 kg/m3
Attenuation Constant: 3.19

ִִִִִִִִִִִִִִִִִִִִִִִִִִִִִִִִִִִִִִִִִִִִִִִִִִִִִִִִִִִִִִִִִִִִִִִִִִִִִִִ
Core : 13
ֲֲֲִִִִִִִִִִִִִִִִִִִִִִִִִִִִִִִִִִִִִִִִִִִִִִִִִִִִִִִִִִִִִִִִִִִִִִִִִִִִ
       ³Widths (mm)              ³ Areas    ³ Densities (kg/m3)
       ³                         ³ (cm‎)    ³
Ring   ³Outer Ring Erly Late   % ³Incr Total³Ring E/Wd L/Wd Unif  Min  Max  Rng
 # Year³ Rad.      Wood Wood  LW ³          ³mean mean mean
ֱֱֱִִִִִִִִִִִִִִִִִִִִִִִִִִִִִִִִִִִִִִִִִִִִִִִִִִִִִִִִִִִִִִִִִִִִִִִִִִִִ

 3 1992  22.8 22.8 19.8  0.0   0  16.3   16.3 348  348    0    0  273  464  191
 4 1993  45.6 22.8 22.8  0.0   0  49.0   65.3 350  350    0    0  271  481  210
 5 1994  64.2 18.6 17.7  0.9   4  64.2  129.5 389  382  526  144  308  528  220
 6 1995  65.7  1.5  0.3  1.2  80   6.1  135.6 504  455  516   61  455  528   73
 7 1996  92.1 26.4 21.6  4.8  18 130.9  266.5 426  405  519  114  328  550  222
 8 1997 102.9 10.8  8.7  2.1  19  66.2  332.6 427  404  526  122  351  542  191
 9 1998 112.2  9.3  9.0  0.3   3  62.8  395.5 407  403  525  122  294  525  231
10 1999 123.0 10.8  7.5  3.3  30  79.8  475.3 448  405  546  141  291  584  293
11 2000 128.7  5.7  3.6  2.1  36  45.1  520.4 441  378  548  170  299  596  297
12 2001 135.3  6.6  3.9  2.7  40  54.7  575.1 457  384  561  177  297  636  339
13 2002 137.1  1.8  0.3  1.5  83  15.4  590.5 531  490  539   49  490  588   98
14 2003 154.8 17.7 12.0  5.7  32 162.3  752.8 447  399  550  151  311  596  285
15 2004 159.6  4.8  3.6  1.2  24  47.4  800.2 448  402  587  185  294  603  309
16 2005 164.7  5.1  3.3  1.8  35  52.0  852.2 469  398  600  202  319  640  321
17 2006 171.0  6.3  3.0  3.3  52  66.4  918.6 472  379  556  177  305  647  342
18 2007 176.1  5.1  3.0  2.1  41  55.6  974.2 460  376  580  204  311  639  328
19 2008 180.9  4.8  2.4  2.4  49  53.8 1028.1 485  391  579  188  314  641  327
20 2009 185.7  4.8  2.7  2.1  43  55.3 1083.4 469  406  550  144  352  598  246
21 2010 188.7  3.0  1.8  1.2  40  35.3 1118.6 481  402  599  197  337  654  317
22 2011 191.7  3.0  1.2  1.8  60  35.9 1154.5 505  425  558  133  376  591  215
23 2012 196.5  4.8  2.7  2.1  43  58.5 1213.0 478  412  563  151  353  624  271
24 2013 200.1  3.6  1.5  2.1  58  44.9 1257.9 494  391  568  177  349  666  317
25 2014 203.7  3.6  1.2  2.4  66  45.7 1303.6 533  421  588  167  371  649  278
26 2015 209.1  5.4  2.1  3.3  61  70.0 1373.6 486  394  545  151  342  584  242
27 2016 214.5  5.4  3.6  1.8  33  71.9 1445.5 462  421  544  123  351  574  223

Core Length:  212.1 mm
Core Density: 456 kg/m3
Cross-sectional Density:  451 kg/m3
Early/Latewood Threshold: 500 kg/m3
Attenuation Constant: 3.19

ִִִִִִִִִִִִִִִִִִִִִִִִִִִִִִִִִִִִִִִִִִִִִִִִִִִִִִִִִִִִִִִִִִִִִִִִִִִִִִִ
Core : 18
ֲֲֲִִִִִִִִִִִִִִִִִִִִִִִִִִִִִִִִִִִִִִִִִִִִִִִִִִִִִִִִִִִִִִִִִִִִִִִִִִִִ
       ³Widths (mm)              ³ Areas    ³ Densities (kg/m3)
       ³                         ³ (cm‎)    ³
Ring   ³Outer Ring Erly Late   % ³Incr Total³Ring E/Wd L/Wd Unif  Min  Max  Rng
 # Year³ Rad.      Wood Wood  LW ³          ³mean mean mean
ֱֱֱִִִִִִִִִִִִִִִִִִִִִִִִִִִִִִִִִִִִִִִִִִִִִִִִִִִִִִִִִִִִִִִִִִִִִִִִִִִִ

 2 1990   7.4  7.4  5.4  0.0   0   1.7    1.7 316  316    0    0  262  409  147
 3 1991  24.2 16.8 16.8  0.0   0  16.7   18.4 320  320    0    0  253  444  191
 4 1992  43.1 18.9 18.9  0.0   0  40.0   58.4 343  343    0    0  286  487  201
 5 1993  62.9 19.8 18.0  1.8   9  65.9  124.3 353  335  531  196  265  554  289
 6 1994  73.7 10.8  8.1  2.7  24  46.3  170.6 431  378  588  210  320  642  322
 7 1995  83.6  9.9  9.3  0.6   6  48.9  219.6 386  376  529  153  291  532  241
 8 1996  95.0 11.4 10.5  0.9   7  64.0  283.5 378  364  534  170  271  545  274
 9 1997 110.9 15.9 11.4  4.5  28 102.8  386.4 434  383  565  182  288  604  316
10 1998 122.9 12.0  9.6  2.4  20  88.1  474.5 386  347  543  196  274  606  332
11 1999 131.9  9.0  6.9  2.1  23  72.0  546.6 416  371  564  193  294  630  336
12 2000 137.9  6.0  4.8  1.2  20  50.9  597.4 413  374  566  192  290  606  316
13 2001 145.7  7.8  5.1  2.7  34  69.5  666.9 434  380  536  156  311  631  320
14 2002 150.5  4.8  3.0  1.8  37  44.7  711.6 457  377  589  212  316  631  315
15 2003 156.8  6.3  3.6  2.7  42  60.8  772.4 493  408  606  198  361  658  297
16 2004 161.3  4.5  4.2  0.3   6  45.0  817.4 417  409  529  120  345  529  184
17 2005 165.2  3.9  3.3  0.6  15  40.0  857.4 416  389  567  178  350  588  238
18 2006 170.6  5.4  3.3  2.1  38  57.0  914.3 477  408  586  178  333  642  309
19 2007 174.8  4.2  3.3  0.9  21  45.6  959.9 458  419  602  183  358  631  273
20 2008 177.5  2.7  1.5  1.2  44  29.9  989.8 504  446  576  130  380  650  270
21 2009 180.8  3.3  1.2  2.1  63  37.1 1026.9 524  403  593  190  358  708  350
22 2010 183.2  2.4  0.9  1.5  62  27.4 1054.4 492  392  552  160  372  619  247
23 2011 185.3  2.1  0.9  1.2  57  24.3 1078.7 515  427  581  154  384  664  280
24 2012 187.7  2.4  0.9  1.5  62  28.1 1106.8 516  414  577  163  396  688  292
25 2013 189.8  2.1  1.2  0.9  42  24.9 1131.7 486  443  543  100  401  563  162
26 2014 191.3  1.5  0.6  0.9  60  18.0 1149.7 552  452  619  167  428  655  227
27 2015 193.7  2.4  0.9  1.5  62  29.0 1178.7 526  395  606  211  364  643  279
28 2016 195.5  1.8  0.9  0.9  49  22.0 1200.7 476  378  575  197  299  672  373

Core Length:  193.5 mm
Core Density: 441 kg/m3
Cross-sectional Density:  435 kg/m3
Early/Latewood Threshold: 500 kg/m3
Attenuation Constant: 3.19

ִִִִִִִִִִִִִִִִִִִִִִִִִִִִִִִִִִִִִִִִִִִִִִִִִִִִִִִִִִִִִִִִִִִִִִִִִִִִִִִ
Core : 19
ֲֲֲִִִִִִִִִִִִִִִִִִִִִִִִִִִִִִִִִִִִִִִִִִִִִִִִִִִִִִִִִִִִִִִִִִִִִִִִִִִִ
       ³Widths (mm)              ³ Areas    ³ Densities (kg/m3)
       ³                         ³ (cm‎)    ³
Ring   ³Outer Ring Erly Late   % ³Incr Total³Ring E/Wd L/Wd Unif  Min  Max  Rng
 # Year³ Rad.      Wood Wood  LW ³          ³mean mean mean
ֱֱֱִִִִִִִִִִִִִִִִִִִִִִִִִִִִִִִִִִִִִִִִִִִִִִִִִִִִִִִִִִִִִִִִִִִִִִִִִִִִ

 1 1991  16.8 16.8 16.2  0.6   3   8.9    8.9 323  316  523  207  213  534  321
 2 1992  37.5 20.7 20.4  0.3   1  35.3   44.2 364  362  502  140  264  502  238
 3 1993  66.0 28.5 26.4  2.1   7  92.7  136.8 361  349  518  169  275  532  257
 4 1994  86.7 20.7 16.5  4.2  20  99.3  236.2 438  404  570  166  327  636  309
 5 1995 103.8 17.1 14.4  2.7  15 102.3  338.5 429  405  560  155  333  612  279
 6 1996 118.5 14.7  8.1  6.6  44 102.7  441.2 452  387  531  144  319  599  280
 7 1997 127.8  9.3  5.1  4.2  45  72.0  513.1 486  395  596  201  331  671  340
 8 1998 136.2  8.4  6.0  2.4  28  69.7  582.8 423  371  551  180  284  596  312
 9 1999 143.1  6.9  3.3  3.6  52  60.5  643.3 486  376  586  210  315  688  373
10 2000 147.0  3.9  2.4  1.5  38  35.5  678.9 425  333  571  238  295  647  352
11 2001 150.3  3.3  1.8  1.5  45  30.8  709.7 455  370  558  188  322  635  313
12 2002 152.4  2.1  1.2  0.9  42  20.0  729.7 487  390  616  226  352  664  312
13 2003 154.8  2.4  1.2  1.2  50  23.2  752.8 508  411  604  193  363  703  340
14 2004 156.9  2.1  0.9  1.2  57  20.6  773.4 528  417  611  194  384  712  328
15 2005 158.4  1.5  0.9  0.6  40  14.9  788.2 537  429  699  270  380  704  324
16 2006 160.2  1.8  0.6  1.2  66  18.0  806.3 557  403  633  230  384  742  358
17 2007 161.4  1.2  0.6  0.6  50  12.1  818.4 538  420  656  236  393  687  294
18 2008 162.9  1.5  0.6  0.9  60  15.3  833.7 564  441  646  205  422  725  303
19 2009 164.1  1.2  0.6  0.6  50  12.3  846.0 574  460  688  228  456  756  300
20 2010 165.3  1.2  0.6  0.6  50  12.4  858.4 525  461  589  128  427  595  168
21 2011 165.9  0.6  0.6  0.0   0   6.2  864.7 490  490    0    0  486  494    8
22 2012 166.5  0.6  0.3  0.3  50   6.3  870.9 592  481  703  222  481  703  222
23 2013 167.4  0.9  0.6  0.3  33   9.4  880.4 546  467  704  237  447  704  257
24 2014 168.0  0.6  0.3  0.3  50   6.3  886.7 504  456  553   97  456  553   97
25 2015 169.2  1.2  0.3  0.9  74  12.7  899.4 566  439  608  169  439  727  288
26 2016 170.4  1.2  0.6  0.6  50  12.8  912.2 516  384  648  264  281  668  387

Core Length:  170.4 mm
Core Density: 487 kg/m3
Cross-sectional Density:  453 kg/m3
Early/Latewood Threshold: 500 kg/m3
Attenuation Constant: 3.19

ִִִִִִִִִִִִִִִִִִִִִִִִִִִִִִִִִִִִִִִִִִִִִִִִִִִִִִִִִִִִִִִִִִִִִִִִִִִִִִִ
Core : 25
ֲֲֲִִִִִִִִִִִִִִִִִִִִִִִִִִִִִִִִִִִִִִִִִִִִִִִִִִִִִִִִִִִִִִִִִִִִִִִִִִִִ
       ³Widths (mm)              ³ Areas    ³ Densities (kg/m3)
       ³                         ³ (cm‎)    ³
Ring   ³Outer Ring Erly Late   % ³Incr Total³Ring E/Wd L/Wd Unif  Min  Max  Rng
 # Year³ Rad.      Wood Wood  LW ³          ³mean mean mean
ֱֱֱִִִִִִִִִִִִִִִִִִִִִִִִִִִִִִִִִִִִִִִִִִִִִִִִִִִִִִִִִִִִִִִִִִִִִִִִִִִִ

 1 1989   2.1  2.1  2.1  0.0   0   0.1    0.1 365  365    0    0  276  445  169
 2 1990  10.5  8.4  8.1  0.3   3   3.3    3.5 366  361  515  154  308  515  207
 3 1991  24.6 14.1 14.1  0.0   0  15.5   19.0 367  367    0    0  294  473  179
 4 1992  41.4 16.8 15.6  1.2   7  34.8   53.8 378  368  512  144  296  524  228
 5 1993  61.5 20.1 18.9  1.2   5  65.0  118.8 366  356  513  157  288  524  236
 6 1994  77.1 15.6 11.4  4.2  26  67.9  186.7 422  385  525  140  317  558  241
 7 1995  93.6 16.5 15.6  0.9   5  88.5  275.2 397  391  512  121  304  521  217
 8 1996 109.2 15.6 13.8  1.8  11  99.4  374.6 393  377  520  143  307  542  235
 9 1997 123.6 14.4  8.7  5.7  39 105.3  479.9 456  405  535  130  353  574  221
10 1998 135.6 12.0  8.4  3.6  30  97.7  577.7 414  368  523  155  310  546  236
11 1999 147.9 12.3  7.8  4.5  36 109.5  687.2 444  395  530  135  306  550  244
12 2000 155.1  7.2  5.1  2.1  29  68.5  755.7 423  368  556  188  296  624  328
13 2001 162.3  7.2  5.1  2.1  29  71.8  827.5 426  378  542  164  301  612  311
14 2002 168.3  6.0  3.3  2.7  45  62.3  889.9 449  349  571  222  297  615  318
15 2003 177.3  9.0  5.4  3.6  40  97.7  987.6 460  394  560  166  317  610  293
16 2004 183.9  6.6  4.5  2.1  31  74.9 1062.5 454  387  597  210  319  619  300
17 2005 189.0  5.1  3.9  1.2  23  59.7 1122.2 433  379  609  230  332  647  315
18 2006 192.9  3.9  2.4  1.5  38  46.8 1169.0 460  373  600  227  329  642  313
19 2007 197.7  4.8  2.7  2.1  43  58.9 1227.9 477  386  595  209  329  649  320
20 2008 203.7  6.0  3.3  2.7  45  75.7 1303.6 483  393  592  199  338  659  321
21 2009 210.3  6.6  3.3  3.3  50  85.8 1389.4 482  395  568  173  361  627  266
22 2010 214.8  4.5  3.0  1.5  33  60.1 1449.5 464  394  603  209  336  644  308
23 2011 218.4  3.6  2.1  1.5  41  49.0 1498.5 484  398  603  205  355  631  276
24 2012 222.9  4.5  2.4  2.1  46  62.4 1560.9 458  380  548  168  345  653  308
25 2013 226.8  3.9  2.7  1.2  30  55.1 1616.0 460  399  598  199  358  635  277
26 2014 231.0  4.2  2.7  1.5  35  60.4 1676.4 458  391  580  189  327  643  316
27 2015 236.1  5.1  3.6  1.5  29  74.8 1751.2 442  375  602  227  320  640  320
28 2016 241.5  5.4  3.6  1.8  33  81.0 1832.2 449  378  592  214  333  649  316

Core Length:  242.1 mm
Core Density: 433 kg/m3
Cross-sectional Density:  440 kg/m3
Early/Latewood Threshold: 500 kg/m3
Attenuation Constant: 3.19

ִִִִִִִִִִִִִִִִִִִִִִִִִִִִִִִִִִִִִִִִִִִִִִִִִִִִִִִִִִִִִִִִִִִִִִִִִִִִִִִ
Core : 26
ֲֲֲִִִִִִִִִִִִִִִִִִִִִִִִִִִִִִִִִִִִִִִִִִִִִִִִִִִִִִִִִִִִִִִִִִִִִִִִִִִִ
       ³Widths (mm)              ³ Areas    ³ Densities (kg/m3)
       ³                         ³ (cm‎)    ³
Ring   ³Outer Ring Erly Late   % ³Incr Total³Ring E/Wd L/Wd Unif  Min  Max  Rng
 # Year³ Rad.      Wood Wood  LW ³          ³mean mean mean
ֱֱֱִִִִִִִִִִִִִִִִִִִִִִִִִִִִִִִִִִִִִִִִִִִִִִִִִִִִִִִִִִִִִִִִִִִִִִִִִִִִ

 1 1990   3.0  3.0  3.0  0.0   0   0.3    0.3 340  340    0    0  310  374   64
 2 1991  15.3 12.3 12.3  0.0   0   7.1    7.4 330  330    0    0  289  389  100
 3 1992  35.1 19.8 19.8  0.0   0  31.4   38.7 331  331    0    0  257  458  201
 4 1993  57.3 22.2 21.6  0.6   2  64.4  103.1 351  347  503  156  254  503  249
 5 1994  75.9 18.6 14.7  3.9  20  77.8  181.0 426  398  529  131  319  546  227
 6 1995  91.5 15.6 13.5  2.1  13  82.0  263.0 381  359  522  163  283  548  265
 7 1996 103.8 12.3 10.2  2.1  17  75.5  338.5 403  373  549  176  288  574  286
 8 1997 114.6 10.8  9.3  1.5  13  74.1  412.6 411  391  533  142  320  563  243
 9 1998 124.8 10.2  9.0  1.2  11  76.7  489.3 378  360  518  158  255  545  290
10 1999 136.5 11.7 10.2  1.5  12  96.0  585.3 414  399  521  122  286  531  245
11 2000 144.3  7.8  6.6  1.2  15  68.8  654.2 390  363  536  173  282  559  277
12 2001 150.9  6.6  5.1  1.5  22  61.2  715.4 408  368  544  176  301  617  316
13 2002 156.0  5.1  3.3  1.8  35  49.2  764.5 427  356  556  200  302  588  286
14 2003 161.7  5.7  4.2  1.5  26  56.9  821.4 437  383  587  204  316  641  325
15 2004 166.2  4.5  3.6  0.9  20  46.4  867.8 413  376  562  186  291  568  277
16 2005 170.4  4.2  2.7  1.5  35  44.4  912.2 441  346  613  267  285  673  388
17 2006 174.9  4.5  2.4  2.1  46  48.8  961.0 483  383  596  213  290  661  371
18 2007 178.8  3.9  2.7  1.2  30  43.3 1004.3 457  387  614  227  319  646  327
19 2008 181.5  2.7  1.8  0.9  33  30.6 1034.9 439  371  575  204  320  627  307
20 2009 184.2  2.7  1.5  1.2  44  31.0 1065.9 495  411  600  189  354  645  291
21 2010 186.6  2.4  1.8  0.6  25  28.0 1093.9 466  421  603  182  360  616  256
22 2011 187.8  1.2  0.6  0.6  50  14.1 1108.0 489  432  547  115  399  583  184
23 2012 190.5  2.7  1.2  1.5  55  32.1 1140.1 520  427  594  167  384  640  256
24 2013 192.3  1.8  1.2  0.6  33  21.6 1161.7 481  418  608  190  345  642  297
25 2014 195.0  2.7  1.5  1.2  44  32.9 1194.6 464  364  590  226  319  657  338
26 2015 198.0  3.0  1.5  1.5  50  37.0 1231.6 483  360  606  246  317  689  372
27 2016 200.1  2.1  0.9  1.2  57  26.3 1257.9 492  382  575  193  332  622  290

Core Length:  200.1 mm
Core Density: 427 kg/m3
Cross-sectional Density:  422 kg/m3
Early/Latewood Threshold: 500 kg/m3
Attenuation Constant: 3.19

ִִִִִִִִִִִִִִִִִִִִִִִִִִִִִִִִִִִִִִִִִִִִִִִִִִִִִִִִִִִִִִִִִִִִִִִִִִִִִִִ
Core : 33
ֲֲֲִִִִִִִִִִִִִִִִִִִִִִִִִִִִִִִִִִִִִִִִִִִִִִִִִִִִִִִִִִִִִִִִִִִִִִִִִִִִ
       ³Widths (mm)              ³ Areas    ³ Densities (kg/m3)
       ³                         ³ (cm‎)    ³
Ring   ³Outer Ring Erly Late   % ³Incr Total³Ring E/Wd L/Wd Unif  Min  Max  Rng
 # Year³ Rad.      Wood Wood  LW ³          ³mean mean mean
ֱֱֱִִִִִִִִִִִִִִִִִִִִִִִִִִִִִִִִִִִִִִִִִִִִִִִִִִִִִִִִִִִִִִִִִִִִִִִִִִִִ

 2 1990   8.3  8.3  6.3  0.0   0   2.2    2.2 317  317    0    0  268  435  167
 3 1991  22.1 13.8 13.8  0.0   0  13.2   15.3 333  333    0    0  269  459  190
 4 1992  38.9 16.8 16.5  0.3   1  32.2   47.5 364  361  512  151  286  512  226
 5 1993  57.8 18.9 17.7  1.2   6  57.4  105.0 357  347  506  159  276  518  242
 6 1994  71.6 13.8  9.3  4.5  32  56.1  161.1 435  388  532  144  322  571  249
 7 1995  86.3 14.7 13.2  1.5  10  72.9  234.0 406  392  524  132  310  531  221
 8 1996  98.6 12.3 10.8  1.5  12  71.4  305.4 383  362  535  173  284  576  292
 9 1997 109.7 11.1  6.9  4.2  37  72.6  378.1 462  396  571  175  335  622  287
10 1998 117.8  8.1  4.5  3.6  44  57.9  436.0 470  387  573  186  331  640  309
11 1999 128.3 10.5  5.4  5.1  48  81.2  517.1 484  412  560  148  369  612  243
12 2000 134.6  6.3  3.3  3.0  47  52.0  569.2 481  395  575  180  345  655  310
13 2001 140.3  5.7  3.3  2.4  42  49.2  618.4 482  391  606  215  342  722  380
14 2002 143.0  2.7  1.8  0.9  33  24.0  642.4 474  400  621  221  357  680  323
15 2003 146.3  3.3  2.1  1.2  36  30.0  672.4 480  418  588  170  373  702  329
16 2004 148.4  2.1  1.2  0.9  42  19.4  691.9 537  442  664  222  423  721  298
17 2005 150.8  2.4  1.2  1.2  50  22.6  714.4 519  423  616  193  397  707  310
18 2006 152.3  1.5  0.6  0.9  60  14.3  728.7 550  427  632  205  399  667  268
19 2007 153.8  1.5  0.6  0.9  60  14.4  743.1 541  442  607  165  417  658  241
20 2008 155.0  1.2  0.6  0.6  50  11.6  754.8 525  447  603  156  438  675  237
21 2009 156.8  1.8  0.9  0.9  49  17.6  772.4 505  424  586  162  404  624  220
22 2010 158.3  1.5  0.6  0.9  60  14.8  787.2 521  450  568  118  429  608  179
23 2011 159.2  0.9  0.6  0.3  33   9.0  796.2 492  441  594  153  437  594  157
24 2012 159.8  0.6  0.3  0.3  50   6.0  802.2 478  454  502   48  454  502   48
25 2013 160.4  0.6  0.3  0.3  49   6.0  808.3 513  430  597  167  430  597  167
26 2014 160.7  0.3  0.3  0.0   0   3.0  811.3 425  425    0    0  425  425    0
27 2015 161.3  0.6  0.6  0.0   0   6.1  817.4 494  494    0    0  493  495    2
28 2016 161.9  0.6  0.3  0.3  49   6.1  823.5 516  451  581  130  451  581  130

Core Length:  159.9 mm
Core Density: 464 kg/m3
Cross-sectional Density:  451 kg/m3
Early/Latewood Threshold: 500 kg/m3
Attenuation Constant: 3.19

ִִִִִִִִִִִִִִִִִִִִִִִִִִִִִִִִִִִִִִִִִִִִִִִִִִִִִִִִִִִִִִִִִִִִִִִִִִִִִִִ
Core : 37
ֲֲֲִִִִִִִִִִִִִִִִִִִִִִִִִִִִִִִִִִִִִִִִִִִִִִִִִִִִִִִִִִִִִִִִִִִִִִִִִִִִ
       ³Widths (mm)              ³ Areas    ³ Densities (kg/m3)
       ³                         ³ (cm‎)    ³
Ring   ³Outer Ring Erly Late   % ³Incr Total³Ring E/Wd L/Wd Unif  Min  Max  Rng
 # Year³ Rad.      Wood Wood  LW ³          ³mean mean mean
ֱֱֱִִִִִִִִִִִִִִִִִִִִִִִִִִִִִִִִִִִִִִִִִִִִִִִִִִִִִִִִִִִִִִִִִִִִִִִִִִִִ

 2 1991   9.8  9.8  7.8  0.0   0   3.0    3.0 319  319    0    0  258  414  156
 3 1992  27.2 17.4 17.4  0.0   0  20.2   23.2 343  343    0    0  232  493  261
 4 1993  43.7 16.5 14.7  1.8  10  36.8   60.0 383  367  516  149  299  540  241
 5 1994  69.5 25.8 18.3  7.5  29  91.8  151.7 431  386  540  154  267  586  319
 6 1995  80.6 11.1  9.0  2.1  18  52.3  204.1 449  427  543  116  346  627  281
 7 1996  90.2  9.6  4.8  4.8  50  51.5  255.6 495  438  553  115  380  635  255
 8 1997  97.1  6.9  3.9  3.0  43  40.6  296.2 480  448  522   74  364  538  174
 9 1998 105.5  8.4  4.2  4.2  49  53.5  349.7 484  420  549  129  372  587  215
10 1999 112.7  7.2  4.5  2.7  37  49.4  399.0 488  433  580  147  367  661  294
11 2000 117.2  4.5  3.3  1.2  26  32.5  431.5 419  378  532  154  332  564  232
12 2001 120.5  3.3  2.4  0.9  27  24.6  456.2 456  417  561  144  340  611  271
13 2002 123.2  2.7  0.9  1.8  66  20.7  476.8 516  445  552  107  439  625  186
14 2003 125.9  2.7  1.2  1.5  55  21.1  498.0 524  452  582  130  426  635  209
15 2004 127.7  1.8  0.6  1.2  66  14.3  512.3 556  461  604  143  458  663  205
16 2005 130.1  2.4  0.9  1.5  62  19.4  531.7 556  442  624  182  393  709  316
17 2006 132.2  2.1  0.6  1.5  71  17.3  549.1 553  417  607  190  415  685  270
18 2007 133.7  1.5  0.3  1.2  80  12.5  561.6 560  396  602  206  396  650  254
19 2008 135.8  2.1  0.9  1.2  57  17.8  579.4 545  444  621  177  421  732  311
20 2009 138.2  2.4  1.2  1.2  49  20.7  600.0 528  447  609  162  412  656  244
21 2010 139.7  1.5  0.6  0.9  60  13.1  613.1 539  441  604  163  440  681  241
22 2011 140.6  0.9  0.3  0.6  66   7.9  621.0 540  407  606  199  407  645  238
23 2012 141.5  0.9  0.3  0.6  66   8.0  629.0 542  458  585  127  458  664  206
24 2013 142.4  0.9  0.6  0.3  33   8.0  637.0 506  474  571   97  462  571  109
25 2014 144.2  1.8  0.3  1.5  83  16.2  653.3 573  447  598  151  447  715  268
26 2015 149.0  4.8  0.9  3.9  81  44.2  697.5 614  429  656  227  408  757  349
27 2016 153.5  4.5  1.5  3.0  66  42.8  740.2 557  462  604  142  441  682  241

Core Length:  151.8 mm
Core Density: 498 kg/m3
Cross-sectional Density:  489 kg/m3
Early/Latewood Threshold: 500 kg/m3
Attenuation Constant: 3.19

ִִִִִִִִִִִִִִִִִִִִִִִִִִִִִִִִִִִִִִִִִִִִִִִִִִִִִִִִִִִִִִִִִִִִִִִִִִִִִִִ
Core : 44
ֲֲֲִִִִִִִִִִִִִִִִִִִִִִִִִִִִִִִִִִִִִִִִִִִִִִִִִִִִִִִִִִִִִִִִִִִִִִִִִִִִ
       ³Widths (mm)              ³ Areas    ³ Densities (kg/m3)
       ³                         ³ (cm‎)    ³
Ring   ³Outer Ring Erly Late   % ³Incr Total³Ring E/Wd L/Wd Unif  Min  Max  Rng
 # Year³ Rad.      Wood Wood  LW ³          ³mean mean mean
ֱֱֱִִִִִִִִִִִִִִִִִִִִִִִִִִִִִִִִִִִִִִִִִִִִִִִִִִִִִִִִִִִִִִִִִִִִִִִִִִִִ

 2 1990  12.0 12.0  8.7  0.3   2   4.5    4.5 348  343  504  161  272  504  232
 3 1991  23.4 11.4 11.4  0.0   0  12.7   17.2 355  355    0    0  260  494  234
 4 1992  34.8 11.4 10.2  1.2  10  20.8   38.0 380  362  528  166  279  553  274
 5 1993  51.0 16.2 15.6  0.6   3  43.7   81.7 385  380  512  132  309  522  213
 6 1994  66.9 15.9 11.1  4.8  30  58.9  140.6 429  380  543  163  295  594  299
 7 1995  84.6 17.7 16.8  0.9   5  84.2  224.8 408  402  518  116  322  525  203
 8 1996 101.4 16.8 14.1  2.7  16  98.2  323.0 415  395  521  126  315  547  232
 9 1997 118.8 17.4 12.3  5.1  29 120.4  443.4 437  402  521  119  314  541  227
10 1998 132.0 13.2  9.0  4.2  31 104.0  547.4 427  380  527  147  313  565  252
11 1999 144.0 12.0  7.8  4.2  35 104.0  651.4 446  404  526  122  320  554  234
12 2000 151.5  7.5  5.1  2.4  32  69.6  721.1 444  395  547  152  309  583  274
13 2001 159.6  8.1  5.4  2.7  33  79.2  800.2 458  426  524   98  326  575  249
14 2002 165.9  6.3  4.2  2.1  33  64.4  864.7 434  383  537  154  308  558  250
15 2003 171.6  5.7  3.6  2.1  36  60.4  925.1 441  384  537  153  336  573  237
16 2004 175.5  3.9  2.4  1.5  38  42.5  967.6 461  390  575  185  333  621  288
17 2005 179.1  3.6  1.5  2.1  58  40.1 1007.7 508  383  598  215  341  667  326
18 2006 182.7  3.6  1.5  2.1  58  40.9 1048.6 519  415  594  179  358  626  268
19 2007 186.6  3.9  1.8  2.1  53  45.2 1093.9 493  396  576  180  321  640  319
20 2008 189.9  3.3  1.5  1.8  54  39.0 1132.9 509  388  610  222  331  698  367
21 2009 193.5  3.6  1.2  2.4  66  43.4 1176.3 545  425  605  180  388  647  259
22 2010 196.8  3.3  1.5  1.8  54  40.5 1216.7 518  402  615  213  371  659  288
23 2011 198.6  1.8  0.9  0.9  49  22.4 1239.1 529  440  617  177  378  632  254
24 2012 200.4  1.8  0.3  1.5  83  22.6 1261.7 556  470  573  103  470  643  173
25 2013 201.3  0.9  0.3  0.6  66  11.4 1273.0 504  397  558  161  397  588  191
26 2014 202.8  1.5  0.9  0.6  40  19.0 1292.1 467  412  551  139  345  586  241
27 2015 205.2  2.4  1.5  0.9  37  30.8 1322.8 471  388  609  221  345  683  338
28 2016 207.6  2.4  1.5  0.9  37  31.1 1354.0 494  405  643  238  365  681  316

Core Length:  204.9 mm
Core Density: 458 kg/m3
Cross-sectional Density:  452 kg/m3
Early/Latewood Threshold: 500 kg/m3
Attenuation Constant: 3.19

ִִִִִִִִִִִִִִִִִִִִִִִִִִִִִִִִִִִִִִִִִִִִִִִִִִִִִִִִִִִִִִִִִִִִִִִִִִִִִִִ
Core : 48
ֲֲֲִִִִִִִִִִִִִִִִִִִִִִִִִִִִִִִִִִִִִִִִִִִִִִִִִִִִִִִִִִִִִִִִִִִִִִִִִִִִ
       ³Widths (mm)              ³ Areas    ³ Densities (kg/m3)
       ³                         ³ (cm‎)    ³
Ring   ³Outer Ring Erly Late   % ³Incr Total³Ring E/Wd L/Wd Unif  Min  Max  Rng
 # Year³ Rad.      Wood Wood  LW ³          ³mean mean mean
ֱֱֱִִִִִִִִִִִִִִִִִִִִִִִִִִִִִִִִִִִִִִִִִִִִִִִִִִִִִִִִִִִִִִִִִִִִִִִִִִִִ

 1 1990   9.9  9.9  9.9  0.0   0   3.1    3.1 319  319    0    0  253  435  182
 2 1991  27.3 17.4 17.4  0.0   0  20.3   23.4 335  335    0    0  261  465  204
 3 1992  47.1 19.8 19.8  0.0   0  46.3   69.7 354  354    0    0  297  450  153
 4 1993  65.1 18.0 16.8  1.2   6  63.4  133.1 355  342  538  196  290  571  281
 5 1994  78.0 12.9 10.8  2.1  16  58.0  191.1 417  394  531  137  322  562  240
 6 1995  92.4 14.4 13.2  1.2   8  77.1  268.2 413  401  544  143  316  585  269
 7 1996 107.1 14.7 11.7  3.0  20  92.1  360.4 426  396  545  149  321  590  269
 8 1997 120.0 12.9  8.1  4.8  37  92.0  452.4 474  428  551  123  352  613  261
 9 1998 131.1 11.1  6.9  4.2  37  87.6  540.0 464  419  537  118  352  588  236
10 1999 141.6 10.5  6.9  3.6  34  90.0  629.9 473  432  550  118  354  596  242
11 2000 147.6  6.0  3.3  2.7  45  54.5  684.4 496  412  599  187  336  700  364
12 2001 155.1  7.5  3.3  4.2  56  71.3  755.7 518  427  589  162  377  692  315
13 2002 159.9  4.8  1.5  3.3  68  47.5  803.2 520  403  573  170  380  651  271
14 2003 166.5  6.6  3.3  3.3  50  67.7  870.9 514  447  581  134  386  651  265
15 2004 171.9  5.4  2.7  2.7  49  57.4  928.3 506  425  587  162  389  635  246
16 2005 177.9  6.0  3.0  3.0  50  65.9  994.3 516  437  595  158  378  688  310
17 2006 183.6  5.7  1.8  3.9  68  64.7 1059.0 537  427  588  161  389  670  281
18 2007 187.8  4.2  2.1  2.1  50  49.0 1108.0 514  437  592  155  398  679  281
19 2008 191.1  3.3  1.8  1.5  45  39.3 1147.3 526  435  635  200  395  683  288
20 2009 195.6  4.5  1.8  2.7  60  54.7 1202.0 535  450  592  142  400  654  254
21 2010 198.6  3.0  2.1  0.9  30  37.2 1239.1 491  442  607  165  411  681  270
22 2011 200.7  2.1  1.2  0.9  42  26.3 1265.4 504  460  564  104  438  653  215
23 2012 202.5  1.8  1.5  0.3  16  22.8 1288.2 463  442  570  128  413  570  157
24 2013 203.7  1.2  0.9  0.3  25  15.3 1303.6 455  428  538  110  399  538  139
25 2014 204.9  1.2  0.6  0.6  50  15.4 1319.0 491  423  560  137  403  584  181
26 2015 208.5  3.6  1.5  2.1  58  46.8 1365.7 553  438  635  197  386  707  321
27 2016 211.8  3.3  1.2  2.1  63  43.6 1409.3 518  404  583  179  342  689  347

Core Length:  211.8 mm
Core Density: 469 kg/m3
Cross-sectional Density:  475 kg/m3
Early/Latewood Threshold: 500 kg/m3
Attenuation Constant: 3.19

