File : C:\DENSITOM\WOODHI~1\WHILL21.DAT
Cores :
2
4
9
14
19
25
26
32
34
42
43
49

ִִִִִִִִִִִִִִִִִִִִִִִִִִִִִִִִִִִִִִִִִִִִִִִִִִִִִִִִִִִִִִִִִִִִִִִִִִִִִִִ
Core : 2
ֲֲֲִִִִִִִִִִִִִִִִִִִִִִִִִִִִִִִִִִִִִִִִִִִִִִִִִִִִִִִִִִִִִִִִִִִִִִִִִִִִ
       ³Widths (mm)              ³ Areas    ³ Densities (kg/m3)
       ³                         ³ (cm‎)    ³
Ring   ³Outer Ring Erly Late   % ³Incr Total³Ring E/Wd L/Wd Unif  Min  Max  Rng
 # Year³ Rad.      Wood Wood  LW ³          ³mean mean mean
ֱֱֱִִִִִִִִִִִִִִִִִִִִִִִִִִִִִִִִִִִִִִִִִִִִִִִִִִִִִִִִִִִִִִִִִִִִִִִִִִִִ

 1 1989   3.0  3.0  3.0  0.0   0   0.3    0.3 324  324    0    0  217  376  159
 2 1990  15.6 12.6 12.6  0.0   0   7.4    7.6 326  326    0    0  278  441  163
 3 1991  34.8 19.2 19.2  0.0   0  30.4   38.0 339  339    0    0  251  457  206
 4 1992  51.0 16.2 16.2  0.0   0  43.7   81.7 370  370    0    0  287  478  191
 5 1993  69.6 18.6 17.4  1.2   6  70.5  152.2 348  334  549  215  264  572  308
 6 1994  81.0 11.4  8.1  3.3  28  53.9  206.1 430  381  549  168  295  607  312
 7 1995  92.4 11.4 10.2  1.2  10  62.1  268.2 396  382  516  134  307  522  215
 8 1996 101.7  9.3  7.2  2.1  22  56.7  324.9 440  404  563  159  294  619  325
 9 1997 110.1  8.4  4.2  4.2  49  55.9  380.8 472  389  554  165  307  603  296
10 1998 117.3  7.2  5.1  2.1  29  51.4  432.3 413  360  542  182  271  596  325
11 1999 125.1  7.8  4.5  3.3  42  59.4  491.7 460  394  549  155  288  594  306
12 2000 129.6  4.5  2.7  1.8  40  36.0  527.7 439  356  564  208  296  658  362
13 2001 133.8  4.2  1.8  2.4  57  34.8  562.4 507  378  604  226  319  673  354
14 2002 136.8  3.0  1.5  1.5  50  25.5  587.9 504  393  614  221  322  665  343
15 2003 141.9  5.1  2.1  3.0  58  44.7  632.6 530  434  597  163  337  660  323
16 2004 147.0  5.1  2.1  3.0  58  46.3  678.9 506  394  585  191  343  654  311
17 2005 150.6  3.6  1.8  1.8  49  33.7  712.5 496  396  597  201  349  730  381
18 2006 153.3  2.7  1.2  1.5  55  25.8  738.3 528  408  624  216  343  682  339
19 2007 155.7  2.4  0.9  1.5  62  23.3  761.6 544  431  613  182  386  691  305
20 2008 157.2  1.5  0.9  0.6  40  14.7  776.3 510  427  636  209  387  670  283
21 2009 158.7  1.5  0.6  0.9  60  14.9  791.2 564  404  671  267  376  687  311
22 2010 160.2  1.5  0.6  0.9  60  15.0  806.3 546  410  637  227  394  690  296
23 2011 161.4  1.2  0.6  0.6  50  12.1  818.4 503  394  613  219  363  619  256
24 2012 162.6  1.2  0.6  0.6  50  12.2  830.6 482  389  575  186  379  586  207
25 2013 163.5  0.9  0.6  0.3  33   9.2  839.8 468  432  539  107  428  539  111
26 2014 164.1  0.6  0.3  0.3  49   6.2  846.0 513  424  602  178  424  602  178
27 2015 165.0  0.9  0.6  0.3  33   9.3  855.3 474  422  580  158  365  580  215
28 2016 165.6  0.6  0.6  0.0   0   6.2  861.5 451  451    0    0  443  460   17

Core Length:  165.6 mm
Core Density: 460 kg/m3
Cross-sectional Density:  450 kg/m3
Early/Latewood Threshold: 500 kg/m3
Attenuation Constant: 3.19

ִִִִִִִִִִִִִִִִִִִִִִִִִִִִִִִִִִִִִִִִִִִִִִִִִִִִִִִִִִִִִִִִִִִִִִִִִִִִִִִ
Core : 4
ֲֲֲִִִִִִִִִִִִִִִִִִִִִִִִִִִִִִִִִִִִִִִִִִִִִִִִִִִִִִִִִִִִִִִִִִִִִִִִִִִִ
       ³Widths (mm)              ³ Areas    ³ Densities (kg/m3)
       ³                         ³ (cm‎)    ³
Ring   ³Outer Ring Erly Late   % ³Incr Total³Ring E/Wd L/Wd Unif  Min  Max  Rng
 # Year³ Rad.      Wood Wood  LW ³          ³mean mean mean
ֱֱֱִִִִִִִִִִִִִִִִִִִִִִִִִִִִִִִִִִִִִִִִִִִִִִִִִִִִִִִִִִִִִִִִִִִִִִִִִִִִ

 1 1989   6.4  6.4  5.4  0.0   0   1.3    1.3 347  347    0    0  307  427  120
 2 1990  17.8 11.4 11.4  0.0   0   8.7   10.0 329  329    0    0  270  448  178
 3 1991  36.1 18.3 18.3  0.0   0  31.0   40.9 351  351    0    0  259  460  201
 4 1992  53.8 17.7 17.1  0.6   3  50.0   90.9 377  372  516  144  291  520  229
 5 1993  71.8 18.0 16.5  1.5   8  71.0  162.0 384  373  507  134  299  516  217
 6 1994  84.4 12.6  9.6  3.0  23  61.8  223.8 444  412  547  135  338  567  229
 7 1995  94.6 10.2  9.6  0.6   5  57.4  281.1 418  410  544  134  323  551  228
 8 1996 104.2  9.6  8.4  1.2  12  60.0  341.1 409  393  525  132  292  548  256
 9 1997 114.1  9.9  6.9  3.0  30  67.9  409.0 434  387  541  154  284  586  302
10 1998 120.7  6.6  5.4  1.2  18  48.7  457.7 410  384  526  142  292  559  267
11 1999 125.8  5.1  3.0  2.1  41  39.5  497.2 468  405  558  153  353  591  238
12 2000 130.6  4.8  3.0  1.8  37  38.7  535.8 453  379  575  196  297  670  373
13 2001 136.3  5.7  3.6  2.1  36  47.8  583.6 461  396  574  178  295  660  365
14 2002 140.5  4.2  2.7  1.5  35  36.5  620.2 471  395  607  212  306  644  338
15 2003 144.7  4.2  2.7  1.5  35  37.6  657.8 489  429  596  167  382  637  255
16 2004 147.7  3.0  1.5  1.5  50  27.6  685.3 484  408  561  153  367  689  322
17 2005 149.5  1.8  0.9  0.9  50  16.8  702.2 509  438  580  142  408  654  246
18 2006 151.3  1.8  0.6  1.2  66  17.0  719.2 523  423  574  151  390  642  252
19 2007 152.8  1.5  0.9  0.6  40  14.3  733.5 493  436  580  144  425  609  184
20 2008 154.0  1.2  0.3  0.9  75  11.6  745.1 537  498  551   53  498  610  112
21 2009 154.9  0.9  0.0  0.9  99   8.7  753.8 581    0  581  581  504  658  154
22 2010 155.5  0.6  0.3  0.3  50   5.9  759.6 551  493  609  116  493  609  116
23 2011 156.1  0.6  0.3  0.3  49   5.9  765.5 562  483  642  159  483  642  159
24 2012 157.0  0.9  0.6  0.3  33   8.9  774.4 476  427  574  147  418  574  156
25 2013 157.3  0.3  0.0  0.3  99   3.0  777.3 529    0  529  529  529  529    0
26 2014 157.6  0.3  0.3  0.0   0   3.0  780.3 461  461    0    0  461  461    0
27 2015 158.2  0.6  0.3  0.3  49   6.0  786.3 500  488  513   25  488  513   25
28 2016 158.5  0.3  0.0  0.3 100   3.0  789.2 500    0  500  500  500  500    0

Core Length:  157.5 mm
Core Density: 462 kg/m3
Cross-sectional Density:  439 kg/m3
Early/Latewood Threshold: 500 kg/m3
Attenuation Constant: 3.19

ִִִִִִִִִִִִִִִִִִִִִִִִִִִִִִִִִִִִִִִִִִִִִִִִִִִִִִִִִִִִִִִִִִִִִִִִִִִִִִִ
Core : 9
ֲֲֲִִִִִִִִִִִִִִִִִִִִִִִִִִִִִִִִִִִִִִִִִִִִִִִִִִִִִִִִִִִִִִִִִִִִִִִִִִִִ
       ³Widths (mm)              ³ Areas    ³ Densities (kg/m3)
       ³                         ³ (cm‎)    ³
Ring   ³Outer Ring Erly Late   % ³Incr Total³Ring E/Wd L/Wd Unif  Min  Max  Rng
 # Year³ Rad.      Wood Wood  LW ³          ³mean mean mean
ֱֱֱִִִִִִִִִִִִִִִִִִִִִִִִִִִִִִִִִִִִִִִִִִִִִִִִִִִִִִִִִִִִִִִִִִִִִִִִִִִִ

 2 1990  13.0 13.0 11.7  0.3   2   5.3    5.3 354  350  509  159  292  509  217
 3 1991  30.4 17.4 17.4  0.0   0  23.7   29.0 359  359    0    0  297  475  178
 4 1992  46.0 15.6 13.2  2.4  15  37.4   66.5 392  370  512  142  293  524  231
 5 1993  62.8 16.8 14.4  2.4  14  57.4  123.9 402  372  581  209  312  645  333
 6 1994  73.0 10.2  5.4  4.8  47  43.5  167.4 486  409  572  163  351  665  314
 7 1995  81.1  8.1  4.5  3.6  44  39.2  206.6 474  409  556  147  331  655  324
 8 1996  88.0  6.9  3.9  3.0  43  36.7  243.3 475  413  555  142  340  621  281
 9 1997  96.1  8.1  2.4  5.7  70  46.8  290.1 517  383  573  190  341  662  321
10 1998 101.8  5.7  3.0  2.7  47  35.4  325.6 481  375  599  224  298  659  361
11 1999 111.7  9.9  3.3  6.6  66  66.4  392.0 514  423  560  137  333  635  302
12 2000 115.9  4.2  1.8  2.4  57  30.0  422.0 503  370  602  232  333  702  369
13 2001 120.7  4.8  1.8  3.0  62  35.7  457.7 528  389  611  222  338  677  339
14 2002 125.5  4.8  1.5  3.3  68  37.1  494.8 556  398  627  229  356  669  313
15 2003 132.4  6.9  2.1  4.8  69  55.9  550.7 545  421  598  177  363  669  306
16 2004 135.7  3.3  1.2  2.1  63  27.8  578.5 553  410  635  225  377  686  309
17 2005 139.3  3.6  1.2  2.4  66  31.1  609.6 574  425  649  224  367  694  327
18 2006 143.8  4.5  0.9  3.6  80  40.0  649.6 567  430  601  171  388  649  261
19 2007 148.3  4.5  1.2  3.3  73  41.3  690.9 549  437  590  153  402  646  244
20 2008 152.2  3.9  1.2  2.7  69  36.8  727.7 557  425  616  191  384  678  294
21 2009 155.8  3.6  0.9  2.7  75  34.8  762.6 571  455  610  155  437  641  204
22 2010 159.1  3.3  1.2  2.1  63  32.6  795.2 563  418  645  227  366  690  324
23 2011 161.2  2.1  0.6  1.5  71  21.1  816.4 565  421  622  201  404  672  268
24 2012 163.0  1.8  0.6  1.2  66  18.3  834.7 589  433  667  234  423  680  257
25 2013 165.4  2.4  0.6  1.8  74  24.8  859.5 576  443  620  177  440  698  258
26 2014 166.9  1.5  0.3  1.2  80  15.7  875.1 614  434  659  225  434  703  269
27 2015 170.5  3.6  0.9  2.7  75  38.2  913.3 576  434  624  190  409  684  275
28 2016 172.0  1.5  0.6  0.9  60  16.1  929.4 527  387  621  234  323  662  339

Core Length:  171.0 mm
Core Density: 517 kg/m3
Cross-sectional Density:  516 kg/m3
Early/Latewood Threshold: 500 kg/m3
Attenuation Constant: 3.19

ִִִִִִִִִִִִִִִִִִִִִִִִִִִִִִִִִִִִִִִִִִִִִִִִִִִִִִִִִִִִִִִִִִִִִִִִִִִִִִִ
Core : 14
ֲֲֲִִִִִִִִִִִִִִִִִִִִִִִִִִִִִִִִִִִִִִִִִִִִִִִִִִִִִִִִִִִִִִִִִִִִִִִִִִִִ
       ³Widths (mm)              ³ Areas    ³ Densities (kg/m3)
       ³                         ³ (cm‎)    ³
Ring   ³Outer Ring Erly Late   % ³Incr Total³Ring E/Wd L/Wd Unif  Min  Max  Rng
 # Year³ Rad.      Wood Wood  LW ³          ³mean mean mean
ֱֱֱִִִִִִִִִִִִִִִִִִִִִִִִִִִִִִִִִִִִִִִִִִִִִִִִִִִִִִִִִִִִִִִִִִִִִִִִִִִִ

 2 1991  14.9 14.9 11.1  1.8  12   7.0    7.0 431  410  567  157  342  595  253
 3 1992  30.5 15.6 11.4  4.2  26  22.3   29.2 454  414  563  149  355  603  248
 4 1993  46.1 15.6 12.6  3.0  19  37.5   66.8 433  402  561  159  336  644  308
 5 1994  57.5 11.4  4.8  6.6  57  37.1  103.9 516  474  546   72  447  651  204
 6 1995  68.3 10.8  6.9  3.9  36  42.7  146.6 484  444  553  109  405  618  213
 7 1996  80.6 12.3  5.4  6.9  56  57.5  204.1 503  424  565  141  371  640  269
 8 1997  90.2  9.6  4.5  5.1  53  51.5  255.6 509  446  565  119  355  650  295
 9 1998  97.7  7.5  4.5  3.0  40  44.3  299.9 468  399  571  172  343  652  309
10 1999 106.7  9.0  4.8  4.2  46  57.8  357.7 514  461  575  114  436  670  234
11 2000 111.8  5.1  3.0  2.1  41  35.0  392.7 482  426  561  135  373  665  292
12 2001 116.6  4.8  2.7  2.1  43  34.4  427.1 492  427  575  148  383  699  316
13 2002 121.1  4.5  1.8  2.7  60  33.6  460.7 535  442  597  155  396  681  285
14 2003 126.5  5.4  0.6  4.8  88  42.0  502.7 559  483  568   85  470  698  228
15 2004 130.4  3.9  1.8  2.1  53  31.5  534.2 545  467  612  145  447  731  284
16 2005 133.7  3.3  0.9  2.4  72  27.4  561.6 566  463  605  142  446  777  331
17 2006 135.8  2.1  0.9  1.2  57  17.8  579.4 580  476  658  182  459  760  301
18 2007 137.9  2.1  0.6  1.5  71  18.1  597.4 584  473  628  155  448  770  322
19 2008 139.1  1.2  0.0  1.2 100  10.4  607.9 605    0  605  605  522  728  206
20 2009 140.9  1.8  0.3  1.5  83  15.8  623.7 616  486  642  156  486  712  226
21 2010 142.1  1.2  0.3  0.9  75  10.7  634.4 676  496  736  240  496  795  299
22 2011 143.6  1.5  0.3  1.2  80  13.5  647.8 595  453  630  177  453  754  301
23 2012 145.1  1.5  0.3  1.2  80  13.6  661.4 611  481  643  162  481  683  202
24 2013 146.3  1.2  0.3  0.9  75  11.0  672.4 599  481  639  158  481  740  259
25 2014 147.8  1.5  0.3  1.2  80  13.9  686.3 615  469  652  183  469  722  253
26 2015 149.3  1.5  0.3  1.2  80  14.0  700.3 623  452  666  214  452  745  293
27 2016 150.2  0.9  0.3  0.6  66   8.5  708.7 567  365  668  303  365  741  376

Core Length:  148.2 mm
Core Density: 544 kg/m3
Cross-sectional Density:  524 kg/m3
Early/Latewood Threshold: 500 kg/m3
Attenuation Constant: 3.19

ִִִִִִִִִִִִִִִִִִִִִִִִִִִִִִִִִִִִִִִִִִִִִִִִִִִִִִִִִִִִִִִִִִִִִִִִִִִִִִִ
Core : 19
ֲֲֲִִִִִִִִִִִִִִִִִִִִִִִִִִִִִִִִִִִִִִִִִִִִִִִִִִִִִִִִִִִִִִִִִִִִִִִִִִִִ
       ³Widths (mm)              ³ Areas    ³ Densities (kg/m3)
       ³                         ³ (cm‎)    ³
Ring   ³Outer Ring Erly Late   % ³Incr Total³Ring E/Wd L/Wd Unif  Min  Max  Rng
 # Year³ Rad.      Wood Wood  LW ³          ³mean mean mean
ֱֱֱִִִִִִִִִִִִִִִִִִִִִִִִִִִִִִִִִִִִִִִִִִִִִִִִִִִִִִִִִִִִִִִִִִִִִִִִִִִִ

 3 1991  23.2 23.2 13.2  0.0   0  16.9   16.9 376  376    0    0  311  455  144
 4 1992  40.9 17.7 15.9  1.8  10  35.6   52.6 369  351  521  170  280  546  266
 5 1993  59.2 18.3 15.9  2.4  13  57.5  110.1 377  353  534  181  289  568  279
 6 1994  70.9 11.7  7.8  3.9  33  47.8  157.9 448  390  562  172  323  656  333
 7 1995  80.2  9.3  7.5  1.8  19  44.1  202.1 428  403  533  130  304  560  256
 8 1996  88.0  7.8  4.8  3.0  38  41.2  243.3 440  371  551  180  313  585  272
 9 1997  95.5  7.5  4.8  2.7  36  43.2  286.5 439  376  550  174  294  615  321
10 1998 101.8  6.3  6.0  0.3   4  39.0  325.6 383  376  517  141  278  517  239
11 1999 108.1  6.3  3.3  3.0  47  41.5  367.1 443  351  544  193  289  602  313
12 2000 112.3  4.2  3.0  1.2  28  29.1  396.2 420  357  580  223  284  601  317
13 2001 118.3  6.0  4.8  1.2  20  43.5  439.7 421  386  562  176  291  588  297
14 2002 123.1  4.8  3.3  1.5  31  36.4  476.1 440  384  565  181  291  586  295
15 2003 130.6  7.5  4.5  3.0  40  59.8  535.8 446  367  564  197  316  615  299
16 2004 134.8  4.2  2.4  1.8  42  35.0  570.9 473  394  579  185  298  623  325
17 2005 141.1  6.3  4.5  1.8  28  54.6  625.5 453  396  596  200  327  666  339
18 2006 145.9  4.8  3.3  1.5  31  43.3  668.7 455  398  579  181  291  620  329
19 2007 149.5  3.6  3.0  0.6  16  33.4  702.2 408  371  594  223  309  622  313
20 2008 152.5  3.0  1.8  1.2  40  28.5  730.6 458  370  590  220  310  646  336
21 2009 155.5  3.0  1.8  1.2  40  29.0  759.6 468  400  569  169  324  610  286
22 2010 158.8  3.3  1.8  1.5  45  32.6  792.2 481  385  597  212  332  679  347
23 2011 162.1  3.3  1.8  1.5  45  33.3  825.5 474  407  555  148  338  611  273
24 2012 165.4  3.3  1.8  1.5  45  34.0  859.5 468  369  587  218  303  648  345
25 2013 167.8  2.4  1.5  0.9  37  25.1  884.6 470  402  583  181  344  640  296
26 2014 169.9  2.1  0.9  1.2  57  22.3  906.9 514  392  606  214  347  684  337
27 2015 172.3  2.4  1.2  1.2  50  25.8  932.7 484  390  577  187  331  622  291
28 2016 174.4  2.1  1.5  0.6  28  22.9  955.5 438  391  556  165  302  564  262

Core Length:  164.4 mm
Core Density: 441 kg/m3
Cross-sectional Density:  439 kg/m3
Early/Latewood Threshold: 500 kg/m3
Attenuation Constant: 3.19

ִִִִִִִִִִִִִִִִִִִִִִִִִִִִִִִִִִִִִִִִִִִִִִִִִִִִִִִִִִִִִִִִִִִִִִִִִִִִִִִ
Core : 25
ֲֲֲִִִִִִִִִִִִִִִִִִִִִִִִִִִִִִִִִִִִִִִִִִִִִִִִִִִִִִִִִִִִִִִִִִִִִִִִִִִִ
       ³Widths (mm)              ³ Areas    ³ Densities (kg/m3)
       ³                         ³ (cm‎)    ³
Ring   ³Outer Ring Erly Late   % ³Incr Total³Ring E/Wd L/Wd Unif  Min  Max  Rng
 # Year³ Rad.      Wood Wood  LW ³          ³mean mean mean
ֱֱֱִִִִִִִִִִִִִִִִִִִִִִִִִִִִִִִִִִִִִִִִִִִִִִִִִִִִִִִִִִִִִִִִִִִִִִִִִִִִ

 1 1990  18.3 18.3 18.3  0.0   0  10.5   10.5 321  321    0    0  264  471  207
 2 1991  38.1 19.8 19.8  0.0   0  35.1   45.6 327  327    0    0  262  418  156
 3 1992  54.3 16.2 15.0  1.2   7  47.0   92.6 347  333  516  183  274  522  248
 4 1993  67.2 12.9 10.8  2.1  16  49.2  141.9 381  349  545  196  290  574  284
 5 1994  75.3  8.1  6.6  1.5  18  36.3  178.1 411  372  587  215  315  621  306
 6 1995  81.9  6.6  5.7  0.9  13  32.6  210.7 399  374  557  183  264  583  319
 7 1996  90.0  8.1  6.3  1.8  22  43.7  254.5 420  378  567  189  298  620  322
 8 1997  96.6  6.6  3.6  3.0  45  38.7  293.2 477  406  561  155  311  621  310
 9 1998 103.5  6.9  4.8  2.1  30  43.4  336.5 423  357  574  217  253  639  386
10 1999 109.2  5.7  2.7  3.0  52  38.1  374.6 492  401  574  173  344  653  309
11 2000 113.1  3.9  1.8  2.1  53  27.2  401.9 490  347  613  266  298  725  427
12 2001 117.0  3.9  1.2  2.7  69  28.2  430.1 537  381  607  226  354  663  309
13 2002 119.7  2.7  1.2  1.5  55  20.1  450.1 537  413  636  223  364  702  338
14 2003 123.0  3.3  0.9  2.4  72  25.2  475.3 564  469  599  130  443  691  248
15 2004 125.7  2.7  1.2  1.5  55  21.1  496.4 523  434  593  159  381  625  244
16 2005 127.5  1.8  0.6  1.2  66  14.3  510.7 577  433  649  216  422  743  321
17 2006 129.6  2.1  0.9  1.2  57  17.0  527.7 543  433  625  192  400  676  276
18 2007 131.4  1.8  0.6  1.2  66  14.8  542.4 579  467  635  168  441  686  245
19 2008 132.9  1.5  0.3  1.2  80  12.5  554.9 575  427  612  185  427  674  247
20 2009 133.8  0.9  0.3  0.6  66   7.5  562.4 568  452  626  174  452  673  221
21 2010 135.3  1.5  0.6  0.9  60  12.7  575.1 572  460  647  187  430  710  280
22 2011 136.8  1.5  0.6  0.9  60  12.8  587.9 572  451  652  201  413  656  243
23 2012 138.9  2.1  0.9  1.2  57  18.2  606.1 571  465  650  185  422  711  289
24 2013 140.7  1.8  0.9  0.9  49  15.8  621.9 573  474  671  197  446  730  284
25 2014 141.9  1.2  0.3  0.9  75  10.7  632.6 624  483  671  188  483  745  262
26 2015 144.3  2.4  0.6  1.8  75  21.6  654.2 600  485  638  153  480  724  244
27 2016 145.8  1.5  0.3  1.2  80  13.7  667.8 571  345  628  283  345  676  331

Core Length:  145.8 mm
Core Density: 502 kg/m3
Cross-sectional Density:  471 kg/m3
Early/Latewood Threshold: 500 kg/m3
Attenuation Constant: 3.19

ִִִִִִִִִִִִִִִִִִִִִִִִִִִִִִִִִִִִִִִִִִִִִִִִִִִִִִִִִִִִִִִִִִִִִִִִִִִִִִִ
Core : 26
ֲֲֲִִִִִִִִִִִִִִִִִִִִִִִִִִִִִִִִִִִִִִִִִִִִִִִִִִִִִִִִִִִִִִִִִִִִִִִִִִִִ
       ³Widths (mm)              ³ Areas    ³ Densities (kg/m3)
       ³                         ³ (cm‎)    ³
Ring   ³Outer Ring Erly Late   % ³Incr Total³Ring E/Wd L/Wd Unif  Min  Max  Rng
 # Year³ Rad.      Wood Wood  LW ³          ³mean mean mean
ֱֱֱִִִִִִִִִִִִִִִִִִִִִִִִִִִִִִִִִִִִִִִִִִִִִִִִִִִִִִִִִִִִִִִִִִִִִִִִִִִִ

 1 1989   6.1  6.1  5.1  0.0   0   1.2    1.2 340  340    0    0  315  388   73
 2 1990  16.0  9.9  9.9  0.0   0   6.9    8.0 354  354    0    0  313  452  139
 3 1991  34.9 18.9 18.9  0.0   0  30.2   38.3 335  335    0    0  260  427  167
 4 1992  47.8 12.9 12.3  0.6   4  33.5   71.8 386  379  538  159  311  543  232
 5 1993  60.7 12.9 10.8  2.1  16  44.0  115.8 403  370  575  205  299  613  314
 6 1994  67.6  6.9  5.1  1.8  26  27.8  143.6 446  397  582  185  358  633  275
 7 1995  75.7  8.1  6.3  1.8  22  36.5  180.0 440  407  553  146  331  680  349
 8 1996  83.2  7.5  5.1  2.4  32  37.4  217.5 446  383  579  196  332  625  293
 9 1997  92.8  9.6  5.1  4.5  46  53.1  270.5 505  415  607  192  378  700  322
10 1998 100.3  7.5  5.1  2.4  32  45.5  316.0 459  405  573  168  342  678  336
11 1999 109.6  9.3  4.8  4.5  48  61.3  377.4 501  422  585  163  389  655  266
12 2000 115.6  6.0  4.2  1.8  30  42.4  419.8 476  410  629  219  376  701  325
13 2001 120.4  4.8  3.0  1.8  37  35.6  455.4 514  450  621  171  394  705  311
14 2002 123.4  3.0  1.2  1.8  60  23.0  478.4 529  426  598  172  401  705  304
15 2003 126.7  3.3  1.8  1.5  45  25.9  504.3 538  477  611  134  441  687  246
16 2004 129.1  2.4  1.2  1.2  49  19.3  523.6 503  451  555  104  408  644  236
17 2005 130.9  1.8  0.3  1.5  83  14.7  538.3 560  430  587  157  430  700  270
18 2006 132.7  1.8  0.9  0.9  49  14.9  553.2 557  466  647  181  421  673  252
19 2007 134.5  1.8  0.6  1.2  66  15.1  568.3 546  453  592  139  438  646  208
20 2008 136.3  1.8  0.3  1.5  83  15.3  583.6 583  478  604  126  478  677  199
21 2009 137.5  1.2  0.0  1.2 100  10.3  594.0 586    0  586  586  508  665  157
22 2010 138.4  0.9  0.0  0.9  99   7.8  601.8 583    0  583  583  546  617   71
23 2011 139.6  1.2  0.3  0.9  75  10.5  612.2 578  477  612  135  477  665  188
24 2012 141.7  2.1  0.3  1.8  85  18.6  630.8 604  465  627  162  465  705  240
25 2013 142.9  1.2  0.0  1.2 100  10.7  641.5 606    0  606  606  549  667  118
26 2014 143.8  0.9  0.0  0.9 100   8.1  649.6 576    0  576  576  519  657  138
27 2015 145.0  1.2  0.0  1.2 100  10.9  660.5 591    0  591  591  512  676  164
28 2016 145.9  0.9  0.3  0.6  66   8.2  668.7 519  464  547   83  464  574  110

Core Length:  144.9 mm
Core Density: 502 kg/m3
Cross-sectional Density:  485 kg/m3
Early/Latewood Threshold: 500 kg/m3
Attenuation Constant: 3.19

ִִִִִִִִִִִִִִִִִִִִִִִִִִִִִִִִִִִִִִִִִִִִִִִִִִִִִִִִִִִִִִִִִִִִִִִִִִִִִִִ
Core : 32
ֲֲֲִִִִִִִִִִִִִִִִִִִִִִִִִִִִִִִִִִִִִִִִִִִִִִִִִִִִִִִִִִִִִִִִִִִִִִִִִִִִ
       ³Widths (mm)              ³ Areas    ³ Densities (kg/m3)
       ³                         ³ (cm‎)    ³
Ring   ³Outer Ring Erly Late   % ³Incr Total³Ring E/Wd L/Wd Unif  Min  Max  Rng
 # Year³ Rad.      Wood Wood  LW ³          ³mean mean mean
ֱֱֱִִִִִִִִִִִִִִִִִִִִִִִִִִִִִִִִִִִִִִִִִִִִִִִִִִִִִִִִִִִִִִִִִִִִִִִִִִִִ

 2 1990  18.4 18.4 17.4  0.0   0  10.6   10.6 349  349    0    0  291  465  174
 3 1991  38.5 20.1 20.1  0.0   0  35.9   46.6 386  386    0    0  306  480  174
 4 1992  54.7 16.2 13.5  2.7  16  47.4   94.0 399  374  525  151  328  559  231
 5 1993  67.9 13.2 12.3  0.9   6  50.8  144.8 367  355  542  187  293  562  269
 6 1994  75.1  7.2  5.1  2.1  29  32.3  177.2 460  392  623  231  341  670  329
 7 1995  83.5  8.4  5.4  3.0  35  41.9  219.0 448  387  557  170  308  672  364
 8 1996  91.3  7.8  5.1  2.7  34  42.8  261.9 453  386  582  196  327  635  308
 9 1997  97.9  6.6  4.5  2.1  31  39.2  301.1 453  382  606  224  317  658  341
10 1998 103.6  5.7  4.2  1.5  26  36.1  337.2 411  360  553  193  283  595  312
11 1999 111.4  7.8  5.4  2.4  30  52.7  389.9 450  403  556  153  309  601  292
12 2000 117.1  5.7  4.5  1.2  21  40.9  430.8 404  358  574  216  304  630  326
13 2001 121.6  4.5  2.7  1.8  40  33.7  464.5 471  402  575  173  325  604  279
14 2002 127.6  6.0  3.3  2.7  45  47.0  511.5 487  400  594  194  326  650  324
15 2003 135.4  7.8  4.8  3.0  38  64.4  576.0 491  420  605  185  372  685  313
16 2004 140.8  5.4  3.0  2.4  44  46.9  622.8 479  399  578  179  357  644  287
17 2005 145.9  5.1  2.7  2.4  47  45.9  668.7 500  418  592  174  361  659  298
18 2006 151.3  5.4  2.7  2.7  50  50.4  719.2 521  429  613  184  361  699  338
19 2007 157.0  5.7  3.0  2.7  47  55.2  774.4 523  428  629  201  376  706  330
20 2008 162.7  5.7  3.0  2.7  47  57.2  831.6 521  433  619  186  381  725  344
21 2009 168.7  6.0  2.4  3.6  60  62.5  894.1 551  457  614  157  426  715  289
22 2010 173.5  4.8  2.4  2.4  50  51.6  945.7 531  448  614  166  407  757  350
23 2011 177.4  3.9  0.9  3.0  76  43.0  988.7 569  452  604  152  431  698  267
24 2012 182.5  5.1  2.7  2.4  47  57.7 1046.3 536  453  629  176  429  749  320
25 2013 186.4  3.9  1.8  2.1  53  45.2 1091.5 547  450  630  180  396  749  353
26 2014 189.1  2.7  1.2  1.5  55  31.9 1123.4 596  460  705  245  423  779  356
27 2015 193.6  4.5  1.5  3.0  66  54.1 1177.5 568  472  616  144  447  750  303
28 2016 196.9  3.3  1.8  1.5  45  40.5 1218.0 539  470  623  153  449  728  279

Core Length:  196.2 mm
Core Density: 481 kg/m3
Cross-sectional Density:  488 kg/m3
Early/Latewood Threshold: 500 kg/m3
Attenuation Constant: 3.19

ִִִִִִִִִִִִִִִִִִִִִִִִִִִִִִִִִִִִִִִִִִִִִִִִִִִִִִִִִִִִִִִִִִִִִִִִִִִִִִִ
Core : 34
ֲֲֲִִִִִִִִִִִִִִִִִִִִִִִִִִִִִִִִִִִִִִִִִִִִִִִִִִִִִִִִִִִִִִִִִִִִִִִִִִִִ
       ³Widths (mm)              ³ Areas    ³ Densities (kg/m3)
       ³                         ³ (cm‎)    ³
Ring   ³Outer Ring Erly Late   % ³Incr Total³Ring E/Wd L/Wd Unif  Min  Max  Rng
 # Year³ Rad.      Wood Wood  LW ³          ³mean mean mean
ֱֱֱִִִִִִִִִִִִִִִִִִִִִִִִִִִִִִִִִִִִִִִִִִִִִִִִִִִִִִִִִִִִִִִִִִִִִִִִִִִִ

 2 1990  14.8 14.8 13.8  0.0   0   6.9    6.9 324  324    0    0  249  494  245
 3 1991  34.3 19.5 17.4  2.1  10  30.1   37.0 347  326  517  191  226  530  304
 4 1992  53.5 19.2 18.3  0.9   4  53.0   89.9 358  351  518  167  268  524  256
 5 1993  67.3 13.8 12.0  1.8  13  52.4  142.3 380  349  590  241  276  634  358
 6 1994  78.1 10.8  7.2  3.6  33  49.3  191.6 458  398  577  179  316  635  319
 7 1995  89.2 11.1  6.9  4.2  37  58.3  250.0 452  400  539  139  308  600  292
 8 1996 101.5 12.3  7.8  4.5  36  73.7  323.7 450  386  560  174  293  657  364
 9 1997 111.4  9.9  4.8  5.1  51  66.2  389.9 494  396  586  190  318  670  352
10 1998 120.1  8.7  4.2  4.5  51  63.3  453.1 469  362  569  207  287  643  356
11 1999 128.8  8.7  3.0  5.7  65  68.0  521.2 518  406  577  171  363  676  313
12 2000 134.2  5.4  2.7  2.7  49  44.6  565.8 502  400  604  204  321  713  392
13 2001 140.2  6.0  1.8  4.2  70  51.7  617.5 547  405  607  202  338  714  376
14 2002 147.1  6.9  2.1  4.8  69  62.3  679.8 560  402  629  227  330  683  353
15 2003 155.2  8.1  2.7  5.4  66  76.9  756.7 548  427  608  181  388  716  328
16 2004 160.3  5.1  1.8  3.3  64  50.5  807.3 548  415  621  206  354  731  377
17 2005 165.4  5.1  1.5  3.6  70  52.2  859.5 577  431  638  207  376  744  368
18 2006 169.6  4.2  1.5  2.7  64  44.2  903.7 552  395  639  244  363  716  353
19 2007 173.5  3.9  1.2  2.7  69  42.0  945.7 537  395  601  206  382  727  345
20 2008 177.4  3.9  1.5  2.4  61  43.0  988.7 565  459  631  172  405  725  320
21 2009 180.7  3.3  0.9  2.4  72  37.1 1025.8 566  385  634  249  353  730  377
22 2010 183.4  2.7  0.9  1.8  66  30.9 1056.7 580  451  645  194  412  727  315
23 2011 186.4  3.0  0.9  2.1  70  34.9 1091.5 568  458  615  157  404  703  299
24 2012 189.4  3.0  0.9  2.1  70  35.4 1127.0 573  441  629  188  384  740  356
25 2013 192.1  2.7  0.9  1.8  66  32.4 1159.3 554  448  607  159  433  687  254
26 2014 193.0  0.9  0.3  0.6  66  10.9 1170.2 595  492  647  155  492  666  174
27 2015 196.0  3.0  0.9  2.1  69  36.7 1206.9 560  408  625  217  392  749  357
28 2016 197.8  1.8  0.3  1.5  83  22.3 1229.1 549  416  575  159  416  682  266

Core Length:  196.8 mm
Core Density: 508 kg/m3
Cross-sectional Density:  507 kg/m3
Early/Latewood Threshold: 500 kg/m3
Attenuation Constant: 3.19

ִִִִִִִִִִִִִִִִִִִִִִִִִִִִִִִִִִִִִִִִִִִִִִִִִִִִִִִִִִִִִִִִִִִִִִִִִִִִִִִ
Core : 42
ֲֲֲִִִִִִִִִִִִִִִִִִִִִִִִִִִִִִִִִִִִִִִִִִִִִִִִִִִִִִִִִִִִִִִִִִִִִִִִִִִִ
       ³Widths (mm)              ³ Areas    ³ Densities (kg/m3)
       ³                         ³ (cm‎)    ³
Ring   ³Outer Ring Erly Late   % ³Incr Total³Ring E/Wd L/Wd Unif  Min  Max  Rng
 # Year³ Rad.      Wood Wood  LW ³          ³mean mean mean
ֱֱֱִִִִִִִִִִִִִִִִִִִִִִִִִִִִִִִִִִִִִִִִִִִִִִִִִִִִִִִִִִִִִִִִִִִִִִִִִִִִ

 3 1991  19.6 19.6 10.2  2.4  12  12.1   12.1 405  366  570  204  287  603  316
 4 1992  37.0 17.4 14.7  2.7  15  30.9   43.0 410  385  546  161  336  569  233
 5 1993  53.5 16.5 13.8  2.7  16  46.9   89.9 387  351  570  219  284  625  341
 6 1994  63.1  9.6  6.6  3.0  31  35.2  125.1 450  389  584  195  355  647  292
 7 1995  71.8  8.7  6.9  1.8  20  36.9  162.0 430  402  536  134  333  625  292
 8 1996  79.6  7.8  5.1  2.7  34  37.1  199.1 468  399  600  201  325  687  362
 9 1997  88.3  8.7  6.3  2.4  27  45.9  244.9 456  398  608  210  333  712  379
10 1998  94.9  6.6  4.2  2.4  36  38.0  282.9 460  379  603  224  322  693  371
11 1999 100.9  6.0  3.6  2.4  40  36.9  319.8 504  428  617  189  381  709  328
12 2000 104.8  3.9  1.8  2.1  53  25.2  345.0 536  426  630  204  364  691  327
13 2001 108.7  3.9  1.2  2.7  69  26.2  371.2 556  417  617  200  358  756  398
14 2002 112.3  3.6  1.2  2.4  66  25.0  396.2 585  437  660  223  369  778  409
15 2003 117.4  5.1  0.9  4.2  82  36.8  433.0 584  429  617  188  387  760  373
16 2004 121.6  4.2  1.5  2.7  64  31.5  464.5 568  440  640  200  402  779  377
17 2005 124.6  3.0  0.9  2.1  70  23.2  487.7 608  453  674  221  433  801  368
18 2006 127.0  2.4  0.6  1.8  74  19.0  506.7 620  442  680  238  409  810  401
19 2007 129.1  2.1  0.3  1.8  85  16.9  523.6 649  496  674  178  496  787  291
20 2008 130.9  1.8  0.6  1.2  66  14.7  538.3 601  478  663  185  470  757  287
21 2009 132.1  1.2  0.3  0.9  75   9.9  548.2 621  444  681  237  444  794  350
22 2010 134.2  2.1  0.3  1.8  85  17.6  565.8 649  440  683  243  440  781  341
23 2011 136.0  1.8  0.0  1.8 100  15.3  581.1 648    0  648  648  508  784  276
24 2012 138.4  2.4  0.9  1.5  62  20.7  601.8 597  459  680  221  441  740  299
25 2013 140.2  1.8  0.3  1.5  83  15.8  617.5 644  494  674  180  494  757  263
26 2014 141.7  1.5  0.3  1.2  80  13.3  630.8 662  481  708  227  481  813  332
27 2015 143.8  2.1  0.3  1.8  85  18.8  649.6 645  461  676  215  461  763  302
28 2016 145.9  2.1  0.3  1.8  85  19.1  668.7 611  356  654  298  356  751  395

Core Length:  138.9 mm
Core Density: 552 kg/m3
Cross-sectional Density:  526 kg/m3
Early/Latewood Threshold: 500 kg/m3
Attenuation Constant: 3.19

ִִִִִִִִִִִִִִִִִִִִִִִִִִִִִִִִִִִִִִִִִִִִִִִִִִִִִִִִִִִִִִִִִִִִִִִִִִִִִִִ
Core : 43
ֲֲֲִִִִִִִִִִִִִִִִִִִִִִִִִִִִִִִִִִִִִִִִִִִִִִִִִִִִִִִִִִִִִִִִִִִִִִִִִִִִ
       ³Widths (mm)              ³ Areas    ³ Densities (kg/m3)
       ³                         ³ (cm‎)    ³
Ring   ³Outer Ring Erly Late   % ³Incr Total³Ring E/Wd L/Wd Unif  Min  Max  Rng
 # Year³ Rad.      Wood Wood  LW ³          ³mean mean mean
ֱֱֱִִִִִִִִִִִִִִִִִִִִִִִִִִִִִִִִִִִִִִִִִִִִִִִִִִִִִִִִִִִִִִִִִִִִִִִִִִִִ

 1 1989   6.9  6.9  6.9  0.0   0   1.5    1.5 384  384    0    0  248  491  243
 2 1990  14.1  7.2  4.5  2.7  37   4.8    6.2 445  392  533  141  340  564  224
 3 1991  31.2 17.1 17.1  0.0   0  24.3   30.6 365  365    0    0  305  467  162
 4 1992  48.0 16.8 16.2  0.6   3  41.8   72.4 399  395  505  110  350  507  157
 5 1993  64.5 16.5 14.7  1.8  10  58.3  130.7 405  388  542  154  321  585  264
 6 1994  74.4  9.9  6.6  3.3  33  43.2  173.9 454  403  554  151  353  593  240
 7 1995  83.4  9.0  7.5  1.5  16  44.6  218.5 422  396  554  158  335  602  267
 8 1996  92.1  8.7  6.0  2.7  31  48.0  266.5 454  405  561  156  331  594  263
 9 1997 101.4  9.3  7.5  1.8  19  56.5  323.0 454  434  538  104  380  557  177
10 1998 106.2  4.8  4.2  0.6  12  31.3  354.3 414  398  530  132  324  543  219
11 1999 113.7  7.5  3.9  3.6  48  51.8  406.1 473  412  539  127  320  566  246
12 2000 120.0  6.3  3.9  2.4  38  46.3  452.4 465  405  562  157  330  621  291
13 2001 126.0  6.0  2.7  3.3  55  46.4  498.8 490  418  550  132  340  613  273
14 2002 131.7  5.7  2.7  3.0  52  46.1  544.9 482  400  555  155  329  592  263
15 2003 140.1  8.4  4.8  3.6  42  71.7  616.6 483  429  555  126  346  611  265
16 2004 145.2  5.1  2.4  2.7  52  45.7  662.3 476  395  549  154  332  602  270
17 2005 149.1  3.9  1.2  2.7  69  36.1  698.4 524  405  576  171  363  667  304
18 2006 155.1  6.0  2.1  3.9  65  57.3  755.7 508  416  558  142  346  604  258
19 2007 159.9  4.8  2.7  2.1  43  47.5  803.2 484  424  562  138  349  597  248
20 2008 166.2  6.3  1.8  4.5  71  64.5  867.8 520  426  558  132  353  609  256
21 2009 172.8  6.6  3.3  3.3  50  70.3  938.1 491  435  547  112  369  589  220
22 2010 177.0  4.2  2.1  2.1  50  46.2  984.2 499  429  569  140  364  657  293
23 2011 180.9  3.9  1.8  2.1  53  43.9 1028.1 490  403  564  161  353  612  259
24 2012 185.4  4.5  2.4  2.1  46  51.8 1079.9 487  427  555  128  364  609  245
25 2013 189.0  3.6  2.1  1.5  41  42.3 1122.2 481  410  580  170  343  647  304
26 2014 191.4  2.4  0.9  1.5  62  28.7 1150.9 507  392  577  185  363  634  271
27 2015 195.3  3.9  2.1  1.8  46  47.4 1198.3 499  414  599  185  346  651  305
28 2016 197.1  1.8  1.2  0.6  33  22.2 1220.5 478  416  603  187  368  636  268

Core Length:  197.1 mm
Core Density: 465 kg/m3
Cross-sectional Density:  472 kg/m3
Early/Latewood Threshold: 500 kg/m3
Attenuation Constant: 3.19

ִִִִִִִִִִִִִִִִִִִִִִִִִִִִִִִִִִִִִִִִִִִִִִִִִִִִִִִִִִִִִִִִִִִִִִִִִִִִִִִ
Core : 49
ֲֲֲִִִִִִִִִִִִִִִִִִִִִִִִִִִִִִִִִִִִִִִִִִִִִִִִִִִִִִִִִִִִִִִִִִִִִִִִִִִִ
       ³Widths (mm)              ³ Areas    ³ Densities (kg/m3)
       ³                         ³ (cm‎)    ³
Ring   ³Outer Ring Erly Late   % ³Incr Total³Ring E/Wd L/Wd Unif  Min  Max  Rng
 # Year³ Rad.      Wood Wood  LW ³          ³mean mean mean
ֱֱֱִִִִִִִִִִִִִִִִִִִִִִִִִִִִִִִִִִִִִִִִִִִִִִִִִִִִִִִִִִִִִִִִִִִִִִִִִִִִ

 2 1990  11.9 11.9  9.9  0.0   0   4.4    4.4 302  302    0    0  192  420  228
 3 1991  25.4 13.5 13.5  0.0   0  15.8   20.3 327  327    0    0  261  457  196
 4 1992  39.8 14.4 14.4  0.0   0  29.5   49.8 336  336    0    0  277  463  186
 5 1993  52.7 12.9 10.5  2.4  18  37.5   87.3 370  326  562  236  274  599  325
 6 1994  61.4  8.7  5.7  3.0  34  31.2  118.4 471  402  601  199  338  662  324
 7 1995  70.4  9.0  5.7  3.3  36  37.3  155.7 457  409  539  130  316  623  307
 8 1996  79.1  8.7  6.9  1.8  20  40.9  196.6 443  414  553  139  298  574  276
 9 1997  87.5  8.4  4.2  4.2  50  44.0  240.5 493  415  572  157  326  630  304
10 1998  94.1  6.6  3.0  3.6  54  37.7  278.2 471  361  562  201  300  622  322
11 1999 100.4  6.3  2.4  3.9  61  38.5  316.7 510  386  586  200  336  672  336
12 2000 103.7  3.3  1.8  1.5  45  21.2  337.8 481  395  584  189  321  642  321
13 2001 108.2  4.5  1.5  3.0  66  30.0  367.8 543  398  615  217  361  687  326
14 2002 111.8  3.6  1.5  2.1  58  24.9  392.7 514  383  608  225  353  691  338
15 2003 115.1  3.3  0.9  2.4  72  23.5  416.2 561  444  605  161  413  692  279
16 2004 117.8  2.7  0.9  1.8  66  19.8  436.0 571  453  630  177  422  706  284
17 2005 120.2  2.4  0.6  1.8  74  17.9  453.9 574  430  622  192  426  703  277
18 2006 122.0  1.8  0.3  1.5  83  13.7  467.6 566  445  590  145  445  654  209
19 2007 123.8  1.8  0.0  1.8 100  13.9  481.5 601    0  601  601  508  678  170
20 2008 125.0  1.2  0.3  0.9  74   9.4  490.9 603  474  647  173  474  706  232
21 2009 126.2  1.2  0.0  1.2 100   9.5  500.3 598    0  598  598  540  646  106
22 2010 127.1  0.9  0.3  0.6  66   7.2  507.5 560  477  601  124  477  634  157
23 2011 128.3  1.2  0.0  1.2 100   9.6  517.1 588    0  588  588  511  667  156
24 2012 128.9  0.6  0.0  0.6  99   4.8  522.0 609    0  609  609  601  617   16
25 2013 129.2  0.3  0.0  0.3  99   2.4  524.4 567    0  567  567  567  567    0
26 2014 129.5  0.3  0.0  0.3 100   2.4  526.9 535    0  535  535  535  535    0
27 2015 130.4  0.9  0.0  0.9  99   7.3  534.2 606    0  606  606  556  652   96
28 2016 131.0  0.6  0.3  0.3  50   4.9  539.1 508  398  619  221  398  619  221

Core Length:  129.0 mm
Core Density: 509 kg/m3
Cross-sectional Density:  487 kg/m3
Early/Latewood Threshold: 500 kg/m3
Attenuation Constant: 3.19

