File : C:\DENSITOM\WOODHI~1\WHILL44.DAT
Cores :
2
4
16
20
23
24
27
32
37
45
49

ִִִִִִִִִִִִִִִִִִִִִִִִִִִִִִִִִִִִִִִִִִִִִִִִִִִִִִִִִִִִִִִִִִִִִִִִִִִִִִִ
Core : 2
ֲֲֲִִִִִִִִִִִִִִִִִִִִִִִִִִִִִִִִִִִִִִִִִִִִִִִִִִִִִִִִִִִִִִִִִִִִִִִִִִִִ
       ³Widths (mm)              ³ Areas    ³ Densities (kg/m3)
       ³                         ³ (cm‎)    ³
Ring   ³Outer Ring Erly Late   % ³Incr Total³Ring E/Wd L/Wd Unif  Min  Max  Rng
 # Year³ Rad.      Wood Wood  LW ³          ³mean mean mean
ֱֱֱִִִִִִִִִִִִִִִִִִִִִִִִִִִִִִִִִִִִִִִִִִִִִִִִִִִִִִִִִִִִִִִִִִִִִִִִִִִִ

 3 1991  19.7 19.7 14.7  0.0   0  12.2   12.2 337  337    0    0  290  459  169
 4 1992  38.9 19.2 19.2  0.0   0  35.3   47.5 349  349    0    0  297  466  169
 5 1993  55.1 16.2 14.7  1.5   9  47.8   95.4 351  333  522  189  263  538  275
 6 1994  65.9 10.8  8.7  2.1  19  41.1  136.4 423  394  545  151  310  577  267
 7 1995  81.8 15.9 15.0  0.9   5  73.8  210.2 387  379  520  141  313  537  224
 8 1996  98.6 16.8 15.6  1.2   7  95.2  305.4 388  378  515  137  301  521  220
 9 1997 116.9 18.3 16.8  1.5   8 123.9  429.3 400  388  535  147  308  549  241
10 1998 129.5 12.6 10.8  1.8  14  97.5  526.9 391  370  519  149  291  551  260
11 1999 141.8 12.3 10.5  1.8  14 104.8  631.7 425  408  522  114  331  533  202
12 2000 148.7  6.9  5.4  1.5  21  63.0  694.7 423  391  538  147  315  607  292
13 2001 160.7 12.0  8.1  3.9  32 116.6  811.3 461  420  545  125  331  623  292
14 2002 176.0 15.3 11.4  3.9  25 161.8  973.1 442  407  545  138  367  602  235
15 2003 191.0 15.0 13.5  1.5  10 172.9 1146.1 420  404  568  164  347  604  257
16 2004 196.4  5.4  4.5  0.9  16  65.7 1211.8 398  367  554  187  307  571  264
17 2005 200.9  4.5  3.3  1.2  26  56.2 1268.0 422  377  547  170  345  612  267
18 2006 206.6  5.7  4.2  1.5  26  73.0 1340.9 449  404  577  173  321  607  286
19 2007 213.8  7.2  4.2  3.0  41  95.1 1436.0 479  413  571  158  356  621  265
20 2008 221.9  8.1  5.4  2.7  33 110.9 1546.9 465  424  549  125  364  634  270
21 2009 227.3  5.4  3.3  2.1  38  76.2 1623.1 464  405  556  151  340  625  285
22 2010 230.0  2.7  2.1  0.6  22  38.8 1661.9 443  405  578  173  366  630  264
23 2011 232.1  2.1  1.2  0.9  42  30.5 1692.4 489  407  599  192  359  625  266
24 2012 234.8  2.7  2.1  0.6  22  39.6 1732.0 464  428  591  163  367  621  254
25 2013 238.1  3.3  2.4  0.9  27  49.0 1781.0 419  372  545  173  331  563  232
26 2014 240.8  2.7  2.1  0.6  22  40.6 1821.6 430  396  548  152  341  574  233
27 2015 245.0  4.2  2.7  1.5  35  64.1 1885.7 457  394  571  177  301  596  295
28 2016 249.2  4.2  3.3  0.9  21  65.2 1950.9 432  400  551  151  347  582  235

Core Length:  244.5 mm
Core Density: 423 kg/m3
Cross-sectional Density:  427 kg/m3
Early/Latewood Threshold: 500 kg/m3
Attenuation Constant: 3.19

ִִִִִִִִִִִִִִִִִִִִִִִִִִִִִִִִִִִִִִִִִִִִִִִִִִִִִִִִִִִִִִִִִִִִִִִִִִִִִִִ
Core : 4
ֲֲֲִִִִִִִִִִִִִִִִִִִִִִִִִִִִִִִִִִִִִִִִִִִִִִִִִִִִִִִִִִִִִִִִִִִִִִִִִִִִ
       ³Widths (mm)              ³ Areas    ³ Densities (kg/m3)
       ³                         ³ (cm‎)    ³
Ring   ³Outer Ring Erly Late   % ³Incr Total³Ring E/Wd L/Wd Unif  Min  Max  Rng
 # Year³ Rad.      Wood Wood  LW ³          ³mean mean mean
ֱֱֱִִִִִִִִִִִִִִִִִִִִִִִִִִִִִִִִִִִִִִִִִִִִִִִִִִִִִִִִִִִִִִִִִִִִִִִִִִִִ

 2 1990  18.4 18.4 13.5  0.9   4  10.6   10.6 389  379  542  163  336  551  215
 3 1991  37.9 19.5 18.3  1.2   6  34.5   45.1 392  383  527  144  308  542  234
 4 1992  57.7 19.8 16.5  3.3  16  59.5  104.6 416  394  526  132  325  544  219
 5 1993  78.1 20.4 12.3  8.1  39  87.0  191.6 449  389  540  151  311  585  274
 6 1994  92.5 14.4  8.1  6.3  43  77.2  268.8 487  411  585  174  365  628  263
 7 1995 106.0 13.5  8.7  4.8  35  84.2  353.0 479  443  543  100  362  636  274
 8 1996 115.3  9.3  5.4  3.9  41  64.7  417.6 456  395  541  146  340  564  224
 9 1997 125.2  9.9  6.0  3.9  39  74.8  492.4 468  407  563  156  301  611  310
10 1998 131.8  6.6  3.3  3.3  50  53.3  545.7 459  369  549  180  325  597  272
11 1999 139.9  8.1  3.3  4.8  59  69.1  614.9 517  416  587  171  370  644  274
12 2000 144.1  4.2  1.5  2.7  64  37.5  652.3 513  390  582  192  361  707  346
13 2001 149.8  5.7  2.4  3.3  57  52.6  705.0 532  430  606  176  355  669  314
14 2002 157.9  8.1  3.3  4.8  59  78.3  783.3 516  425  579  154  368  658  290
15 2003 168.1 10.2  6.6  3.6  35 104.5  887.7 508  453  608  155  413  664  251
16 2004 174.1  6.0  2.7  3.3  55  64.5  952.2 526  442  595  153  391  668  277
17 2005 178.6  4.5  2.1  2.4  53  49.9 1002.1 533  451  605  154  408  732  324
18 2006 182.5  3.9  2.4  1.5  38  44.2 1046.3 517  429  657  228  375  728  353
19 2007 185.5  3.0  1.8  1.2  40  34.7 1081.0 502  419  627  208  382  704  322
20 2008 188.2  2.7  1.2  1.5  55  31.7 1112.7 561  457  644  187  419  733  314
21 2009 191.5  3.3  1.5  1.8  54  39.4 1152.1 525  404  625  221  384  700  316
22 2010 194.2  2.7  1.5  1.2  44  32.7 1184.8 494  421  586  165  382  700  318
23 2011 196.3  2.1  0.9  1.2  57  25.8 1210.6 554  425  650  225  402  692  290
24 2012 199.3  3.0  1.5  1.5  50  37.3 1247.9 525  428  623  195  399  701  302
25 2013 201.4  2.1  1.5  0.6  28  26.4 1274.3 510  445  671  226  408  716  308
26 2014 203.2  1.8  0.9  0.9  49  22.9 1297.2 479  399  559  160  376  603  227
27 2015 205.9  2.7  1.2  1.5  55  34.7 1331.9 538  433  623  190  395  682  287
28 2016 207.7  1.8  0.6  1.2  66  23.4 1355.3 558  479  597  118  461  704  243

Core Length:  203.7 mm
Core Density: 496 kg/m3
Cross-sectional Density:  494 kg/m3
Early/Latewood Threshold: 500 kg/m3
Attenuation Constant: 3.19

ִִִִִִִִִִִִִִִִִִִִִִִִִִִִִִִִִִִִִִִִִִִִִִִִִִִִִִִִִִִִִִִִִִִִִִִִִִִִִִִ
Core : 16
ֲֲֲִִִִִִִִִִִִִִִִִִִִִִִִִִִִִִִִִִִִִִִִִִִִִִִִִִִִִִִִִִִִִִִִִִִִִִִִִִִִ
       ³Widths (mm)              ³ Areas    ³ Densities (kg/m3)
       ³                         ³ (cm‎)    ³
Ring   ³Outer Ring Erly Late   % ³Incr Total³Ring E/Wd L/Wd Unif  Min  Max  Rng
 # Year³ Rad.      Wood Wood  LW ³          ³mean mean mean
ֱֱֱִִִִִִִִִִִִִִִִִִִִִִִִִִִִִִִִִִִִִִִִִִִִִִִִִִִִִִִִִִִִִִִִִִִִִִִִִִִִ

 2 1990  17.9 17.9 12.9  0.0   0  10.1   10.1 344  344    0    0  281  458  177
 3 1991  40.7 22.8 22.8  0.0   0  42.0   52.0 353  353    0    0  274  435  161
 4 1992  63.2 22.5 22.5  0.0   0  73.4  125.5 371  371    0    0  304  493  189
 5 1993  79.1 15.9 13.5  2.4  15  71.1  196.6 392  362  561  199  316  587  271
 6 1994  87.8  8.7  6.9  1.8  20  45.6  242.2 441  410  560  150  344  599  255
 7 1995  98.6 10.8  7.8  3.0  27  63.2  305.4 445  404  552  148  330  618  288
 8 1996 110.6 12.0  9.0  3.0  25  78.9  384.3 424  384  545  161  328  612  284
 9 1997 120.2  9.6  8.4  1.2  12  69.6  453.9 397  370  584  214  297  599  302
10 1998 127.4  7.2  6.9  0.3   4  56.0  509.9 374  366  561  195  267  561  294
11 1999 136.1  8.7  7.2  1.5  17  72.0  581.9 416  386  563  177  293  599  306
12 2000 142.1  6.0  3.9  2.1  35  52.4  634.4 423  357  545  188  293  579  286
13 2001 148.4  6.3  4.5  1.8  28  57.5  691.9 446  405  550  145  304  629  325
14 2002 155.0  6.6  4.8  1.8  27  62.9  754.8 421  369  561  192  312  607  295
15 2003 163.4  8.4  6.0  2.4  28  84.0  838.8 441  398  546  148  339  576  237
16 2004 169.1  5.7  4.5  1.2  21  59.5  898.3 418  377  570  193  301  645  344
17 2005 174.2  5.1  4.2  0.9  17  55.0  953.3 417  386  562  176  316  601  285
18 2006 178.1  3.9  2.7  1.2  30  43.2  996.5 457  398  591  193  322  626  304
19 2007 182.9  4.8  2.4  2.4  49  54.4 1050.9 451  365  538  173  292  589  297
20 2008 185.3  2.4  2.1  0.3  12  27.8 1078.7 391  375  503  128  299  503  204
21 2009 187.4  2.1  1.5  0.6  28  24.6 1103.3 445  405  547  142  315  593  278
22 2010 189.2  1.8  1.2  0.6  33  21.3 1124.6 439  386  545  159  327  562  235
23 2011 191.0  1.8  0.9  0.9  50  21.5 1146.1 492  398  586  188  319  634  315
24 2012 194.3  3.3  1.5  1.8  54  39.9 1186.0 515  408  604  196  320  667  347
25 2013 197.0  2.7  1.5  1.2  44  33.2 1219.2 462  372  574  202  314  636  322
26 2014 200.0  3.0  1.5  1.5  49  37.4 1256.6 475  373  577  204  319  621  302
27 2015 204.5  4.5  2.4  2.1  46  57.2 1313.8 474  374  589  215  333  687  354
28 2016 208.4  3.9  2.1  1.8  46  50.6 1364.4 464  382  559  177  341  661  320

Core Length:  203.7 mm
Core Density: 429 kg/m3
Cross-sectional Density:  427 kg/m3
Early/Latewood Threshold: 500 kg/m3
Attenuation Constant: 3.19

ִִִִִִִִִִִִִִִִִִִִִִִִִִִִִִִִִִִִִִִִִִִִִִִִִִִִִִִִִִִִִִִִִִִִִִִִִִִִִִִ
Core : 20
ֲֲֲִִִִִִִִִִִִִִִִִִִִִִִִִִִִִִִִִִִִִִִִִִִִִִִִִִִִִִִִִִִִִִִִִִִִִִִִִִִִ
       ³Widths (mm)              ³ Areas    ³ Densities (kg/m3)
       ³                         ³ (cm‎)    ³
Ring   ³Outer Ring Erly Late   % ³Incr Total³Ring E/Wd L/Wd Unif  Min  Max  Rng
 # Year³ Rad.      Wood Wood  LW ³          ³mean mean mean
ֱֱֱִִִִִִִִִִִִִִִִִִִִִִִִִִִִִִִִִִִִִִִִִִִִִִִִִִִִִִִִִִִִִִִִִִִִִִִִִִִִ

 3 1991  22.7 22.7 17.7  0.0   0  16.2   16.2 315  315    0    0  252  433  181
 4 1992  40.7 18.0 18.0  0.0   0  35.9   52.0 332  332    0    0  267  466  199
 5 1993  52.4 11.7 11.4  0.3   2  34.2   86.3 328  324  512  188  274  512  238
 6 1994  58.4  6.0  4.5  1.5  25  20.9  107.1 383  332  537  205  267  567  300
 7 1995  65.9  7.5  6.9  0.6   8  29.3  136.4 382  372  502  130  272  504  232
 8 1996  74.6  8.7  7.5  1.2  13  38.4  174.8 386  364  519  155  278  530  252
 9 1997  83.9  9.3  7.5  1.8  19  46.3  221.1 392  357  536  179  294  558  264
10 1998  90.5  6.6  6.0  0.6   9  36.2  257.3 340  323  512  189  266  524  258
11 1999  98.3  7.8  6.0  1.8  23  46.3  303.6 413  368  562  194  318  594  276
12 2000 102.5  4.2  3.3  0.9  21  26.5  330.1 380  336  541  205  294  593  299
13 2001 108.8  6.3  4.8  1.5  23  41.8  371.9 443  405  566  161  298  616  318
14 2002 114.8  6.0  4.2  1.8  30  42.1  414.0 429  378  548  170  293  596  303
15 2003 121.1  6.3  3.6  2.7  42  46.7  460.7 476  408  567  159  358  615  257
16 2004 125.9  4.8  2.7  2.1  43  37.2  498.0 464  383  569  186  299  599  300
17 2005 131.3  5.4  3.6  1.8  33  43.6  541.6 468  406  593  187  304  626  322
18 2006 136.1  4.8  3.0  1.8  37  40.3  581.9 463  385  593  208  300  658  358
19 2007 140.0  3.9  2.7  1.2  30  33.8  615.8 423  357  570  213  312  606  294
20 2008 143.0  3.0  2.1  0.9  30  26.7  642.4 443  375  602  227  312  625  313
21 2009 145.4  2.4  1.2  1.2  49  21.7  664.2 469  361  577  216  334  656  322
22 2010 147.2  1.8  1.2  0.6  33  16.5  680.7 462  406  575  169  347  637  290
23 2011 149.0  1.8  0.6  1.2  66  16.7  697.5 508  411  557  146  391  615  224
24 2012 152.6  3.6  2.1  1.5  41  34.1  731.6 477  406  577  171  356  632  276
25 2013 155.6  3.0  2.4  0.6  20  29.0  760.6 457  416  621  205  345  672  327
26 2014 158.0  2.4  1.2  1.2  50  23.6  784.3 498  408  588  180  347  642  295
27 2015 161.6  3.6  2.1  1.5  41  36.1  820.4 490  392  627  235  336  686  350
28 2016 163.4  1.8  1.5  0.3  16  18.4  838.8 395  369  526  157  293  526  233

Core Length:  158.4 mm
Core Density: 423 kg/m3
Cross-sectional Density:  424 kg/m3
Early/Latewood Threshold: 500 kg/m3
Attenuation Constant: 3.19

ִִִִִִִִִִִִִִִִִִִִִִִִִִִִִִִִִִִִִִִִִִִִִִִִִִִִִִִִִִִִִִִִִִִִִִִִִִִִִִִ
Core : 23
ֲֲֲִִִִִִִִִִִִִִִִִִִִִִִִִִִִִִִִִִִִִִִִִִִִִִִִִִִִִִִִִִִִִִִִִִִִִִִִִִִִ
       ³Widths (mm)              ³ Areas    ³ Densities (kg/m3)
       ³                         ³ (cm‎)    ³
Ring   ³Outer Ring Erly Late   % ³Incr Total³Ring E/Wd L/Wd Unif  Min  Max  Rng
 # Year³ Rad.      Wood Wood  LW ³          ³mean mean mean
ֱֱֱִִִִִִִִִִִִִִִִִִִִִִִִִִִִִִִִִִִִִִִִִִִִִִִִִִִִִִִִִִִִִִִִִִִִִִִִִִִִ

 1 1989   1.5  1.5  1.5  0.0   0   0.0    0.0 382  382    0    0  308  482  174
 2 1990  18.9 17.4 17.4  0.0   0  11.2   11.2 314  314    0    0  254  467  213
 3 1991  39.6 20.7 20.7  0.0   0  38.0   49.3 333  333    0    0  251  479  228
 4 1992  59.1 19.5 18.3  1.2   6  60.5  109.7 366  357  513  156  292  519  227
 5 1993  73.5 14.4 13.2  1.2   8  60.0  169.7 351  332  556  224  280  567  287
 6 1994  81.9  8.4  6.3  2.1  24  41.0  210.7 425  366  600  234  313  637  324
 7 1995  91.5  9.6  6.6  3.0  31  52.3  263.0 414  362  527  165  305  601  296
 8 1996 100.5  9.0  6.3  2.7  29  54.3  317.3 414  343  580  237  270  612  342
 9 1997 110.1  9.6  6.3  3.3  34  63.5  380.8 442  367  585  218  279  645  366
10 1998 117.9  7.8  5.1  2.7  34  55.9  436.7 418  335  574  239  268  623  355
11 1999 125.4  7.5  4.8  2.7  36  57.3  494.0 465  383  610  227  320  665  345
12 2000 130.5  5.1  3.9  1.2  23  41.0  535.0 424  370  600  230  299  630  331
13 2001 138.0  7.5  4.5  3.0  40  63.3  598.3 480  407  589  182  314  676  362
14 2002 143.7  5.7  3.9  1.8  31  50.4  648.7 465  398  609  211  337  664  327
15 2003 154.8 11.1  6.6  4.5  40 104.1  752.8 489  421  589  168  369  681  312
16 2004 161.4  6.6  3.9  2.7  40  65.6  818.4 485  402  604  202  336  703  367
17 2005 166.5  5.1  3.6  1.5  29  52.5  870.9 496  431  653  222  359  728  369
18 2006 172.5  6.0  3.6  2.4  40  63.9  934.8 513  432  634  202  373  704  331
19 2007 175.8  3.3  1.5  1.8  54  36.1  970.9 487  384  573  189  350  707  357
20 2008 179.1  3.3  2.1  1.2  36  36.8 1007.7 480  409  604  195  350  708  358
21 2009 182.1  3.0  1.2  1.8  60  34.0 1041.8 507  405  574  169  375  710  335
22 2010 184.2  2.1  0.9  1.2  57  24.2 1065.9 499  408  567  159  371  633  262
23 2011 186.0  1.8  0.6  1.2  66  20.9 1086.9 555  419  623  204  418  699  281
24 2012 188.4  2.4  1.2  1.2  49  28.2 1115.1 515  400  631  231  340  694  354
25 2013 190.2  1.8  0.9  0.9  49  21.4 1136.5 506  426  586  160  382  611  229
26 2014 192.6  2.4  0.9  1.5  62  28.9 1165.4 548  406  634  228  378  720  342
27 2015 195.9  3.3  2.1  1.2  36  40.3 1205.6 499  415  645  230  361  718  357
28 2016 198.9  3.0  1.8  1.2  40  37.2 1242.9 499  427  606  179  368  663  295

Core Length:  199.2 mm
Core Density: 456 kg/m3
Cross-sectional Density:  456 kg/m3
Early/Latewood Threshold: 500 kg/m3
Attenuation Constant: 3.19

ִִִִִִִִִִִִִִִִִִִִִִִִִִִִִִִִִִִִִִִִִִִִִִִִִִִִִִִִִִִִִִִִִִִִִִִִִִִִִִִ
Core : 24
ֲֲֲִִִִִִִִִִִִִִִִִִִִִִִִִִִִִִִִִִִִִִִִִִִִִִִִִִִִִִִִִִִִִִִִִִִִִִִִִִִִ
       ³Widths (mm)              ³ Areas    ³ Densities (kg/m3)
       ³                         ³ (cm‎)    ³
Ring   ³Outer Ring Erly Late   % ³Incr Total³Ring E/Wd L/Wd Unif  Min  Max  Rng
 # Year³ Rad.      Wood Wood  LW ³          ³mean mean mean
ֱֱֱִִִִִִִִִִִִִִִִִִִִִִִִִִִִִִִִִִִִִִִִִִִִִִִִִִִִִִִִִִִִִִִִִִִִִִִִִִִִ

 1 1989   5.2  5.2  4.2  0.0   0   0.8    0.8 328  328    0    0  181  417  236
 2 1990  21.7 16.5 16.5  0.0   0  13.9   14.8 297  297    0    0  241  480  239
 3 1991  40.9 19.2 19.2  0.0   0  37.8   52.6 320  320    0    0  217  415  198
 4 1992  61.3 20.4 20.4  0.0   0  65.5  118.1 347  347    0    0  268  480  212
 5 1993  80.8 19.5 15.6  3.9  20  87.1  205.1 367  326  534  208  248  569  321
 6 1994  93.4 12.6  8.7  3.9  30  69.0  274.1 431  372  562  190  310  620  310
 7 1995 104.2 10.8  9.0  1.8  16  67.0  341.1 429  408  534  126  334  572  238
 8 1996 113.8  9.6  6.9  2.7  28  65.7  406.9 426  380  545  165  325  590  265
 9 1997 123.4  9.6  4.8  4.8  50  71.5  478.4 481  403  558  155  341  617  276
10 1998 130.3  6.9  4.8  2.1  30  55.0  533.4 442  390  560  170  321  606  285
11 1999 137.5  7.2  2.7  4.5  62  60.6  594.0 516  412  578  166  376  650  274
12 2000 141.7  4.2  2.4  1.8  42  36.8  630.8 484  390  608  218  354  695  341
13 2001 151.9 10.2  1.8  8.4  82  94.1  724.9 534  421  558  137  375  616  241
14 2002 165.4 13.5  7.2  6.3  46 134.6  859.5 490  432  555  123  377  603  226
15 2003 178.6 13.2  7.5  5.7  43 142.7 1002.1 497  456  551   95  396  592  196
16 2004 185.8  7.2  4.2  3.0  41  82.4 1084.5 485  419  577  158  349  652  303
17 2005 192.1  6.3  2.7  3.6  57  74.8 1159.3 505  414  573  159  392  648  256
18 2006 198.4  6.3  1.8  4.5  71  77.3 1236.6 539  423  586  163  357  673  316
19 2007 202.6  4.2  1.5  2.7  64  52.9 1289.5 523  424  578  154  385  646  261
20 2008 206.5  3.9  1.5  2.4  61  50.1 1339.6 558  436  634  198  400  724  324
21 2009 210.4  3.9  1.2  2.7  69  51.1 1390.7 555  412  619  207  379  710  331
22 2010 212.8  2.4  0.9  1.5  62  31.9 1422.6 556  424  635  211  403  733  330
23 2011 214.6  1.8  0.6  1.2  66  24.2 1446.8 566  424  637  213  406  687  281
24 2012 217.0  2.4  0.6  1.8  74  32.5 1479.3 591  442  641  199  441  711  270
25 2013 219.1  2.1  0.9  1.2  57  28.8 1508.1 546  438  627  189  400  723  323
26 2014 220.6  1.5  0.6  0.9  60  20.7 1528.8 562  427  652  225  401  693  292
27 2015 223.6  3.0  1.2  1.8  60  41.9 1570.7 552  437  628  191  405  721  316
28 2016 225.4  1.8  0.9  0.9  49  25.4 1596.1 559  468  649  181  440  716  276

Core Length:  224.7 mm
Core Density: 481 kg/m3
Cross-sectional Density:  483 kg/m3
Early/Latewood Threshold: 500 kg/m3
Attenuation Constant: 3.19

ִִִִִִִִִִִִִִִִִִִִִִִִִִִִִִִִִִִִִִִִִִִִִִִִִִִִִִִִִִִִִִִִִִִִִִִִִִִִִִִ
Core : 27
ֲֲֲִִִִִִִִִִִִִִִִִִִִִִִִִִִִִִִִִִִִִִִִִִִִִִִִִִִִִִִִִִִִִִִִִִִִִִִִִִִִ
       ³Widths (mm)              ³ Areas    ³ Densities (kg/m3)
       ³                         ³ (cm‎)    ³
Ring   ³Outer Ring Erly Late   % ³Incr Total³Ring E/Wd L/Wd Unif  Min  Max  Rng
 # Year³ Rad.      Wood Wood  LW ³          ³mean mean mean
ֱֱֱִִִִִִִִִִִִִִִִִִִִִִִִִִִִִִִִִִִִִִִִִִִִִִִִִִִִִִִִִִִִִִִִִִִִִִִִִִִִ

 2 1990  13.6 13.6 12.6  0.0   0   5.8    5.8 339  339    0    0  281  449  168
 3 1991  35.2 21.6 21.3  0.3   1  33.1   38.9 343  341  501  160  250  501  251
 4 1992  55.6 20.4 20.4  0.0   0  58.2   97.1 366  366    0    0  290  499  209
 5 1993  73.9 18.3 15.6  2.7  14  74.5  171.6 360  329  544  215  262  592  330
 6 1994  85.6 11.7  9.3  2.4  20  58.6  230.2 427  397  542  145  326  580  254
 7 1995  96.1 10.5  9.3  1.2  11  59.9  290.1 414  399  530  131  308  564  256
 8 1996 103.9  7.8  5.4  2.4  30  49.0  339.1 427  382  529  147  347  592  245
 9 1997 112.3  8.4  6.0  2.4  28  57.1  396.2 459  424  546  122  360  582  222
10 1998 120.7  8.4  5.1  3.3  39  61.5  457.7 446  385  541  156  340  591  251
11 1999 130.6  9.9  5.4  4.5  45  78.2  535.8 487  423  565  142  359  630  271
12 2000 139.3  8.7  3.6  5.1  58  73.8  609.6 493  392  564  172  351  644  293
13 2001 149.8 10.5  7.8  2.7  25  95.4  705.0 486  449  593  144  382  652  270
14 2002 159.4  9.6  5.4  4.2  43  93.3  798.2 490  430  566  136  394  613  219
15 2003 169.3  9.9  5.7  4.2  42 102.2  900.5 486  439  550  111  378  608  230
16 2004 174.7  5.4  2.7  2.7  49  58.4  958.8 501  411  590  179  343  639  296
17 2005 179.5  4.8  2.1  2.7  56  53.4 1012.2 524  429  598  169  391  671  280
18 2006 183.4  3.9  0.9  3.0  76  44.5 1056.7 547  416  586  170  385  643  258
19 2007 187.3  3.9  1.2  2.7  69  45.4 1102.1 541  422  594  172  387  663  276
20 2008 190.6  3.3  0.9  2.4  72  39.2 1141.3 540  402  592  190  379  687  308
21 2009 193.3  2.7  0.9  1.8  66  32.6 1173.9 547  453  594  141  428  664  236
22 2010 194.8  1.5  0.6  0.9  60  18.3 1192.1 519  442  571  129  406  618  212
23 2011 196.3  1.5  0.3  1.2  80  18.4 1210.6 504  376  536  160  376  569  193
24 2012 198.7  2.4  0.9  1.5  62  29.8 1240.4 499  412  551  139  386  601  215
25 2013 201.4  2.7  0.9  1.8  66  33.9 1274.3 535  443  581  138  399  640  241
26 2014 204.1  2.7  1.8  0.9  33  34.4 1308.7 471  439  536   97  382  556  174
27 2015 207.4  3.3  1.2  2.1  63  42.7 1351.3 544  427  611  184  356  658  302
28 2016 210.1  2.7  1.2  1.5  55  35.4 1386.8 491  399  564  165  361  622  261

Core Length:  209.1 mm
Core Density: 473 kg/m3
Cross-sectional Density:  472 kg/m3
Early/Latewood Threshold: 500 kg/m3
Attenuation Constant: 3.19

ִִִִִִִִִִִִִִִִִִִִִִִִִִִִִִִִִִִִִִִִִִִִִִִִִִִִִִִִִִִִִִִִִִִִִִִִִִִִִִִ
Core : 32
ֲֲֲִִִִִִִִִִִִִִִִִִִִִִִִִִִִִִִִִִִִִִִִִִִִִִִִִִִִִִִִִִִִִִִִִִִִִִִִִִִִ
       ³Widths (mm)              ³ Areas    ³ Densities (kg/m3)
       ³                         ³ (cm‎)    ³
Ring   ³Outer Ring Erly Late   % ³Incr Total³Ring E/Wd L/Wd Unif  Min  Max  Rng
 # Year³ Rad.      Wood Wood  LW ³          ³mean mean mean
ֱֱֱִִִִִִִִִִִִִִִִִִִִִִִִִִִִִִִִִִִִִִִִִִִִִִִִִִִִִִִִִִִִִִִִִִִִִִִִִִִִ

 2 1991  10.8 10.8 10.8  0.0   0   3.7    3.7 332  332    0    0  282  476  194
 3 1992  26.7 15.9 15.6  0.3   1  18.7   22.4 345  342  500  158  273  500  227
 4 1993  45.9 19.2 15.3  3.9  20  43.8   66.2 386  349  531  182  283  569  286
 5 1994  58.5 12.6  9.0  3.6  28  41.3  107.5 423  355  592  237  291  646  355
 6 1995  68.4  9.9  8.7  1.2  12  39.5  147.0 411  385  598  213  299  650  351
 7 1996  76.5  8.1  5.1  3.0  37  36.9  183.9 451  361  605  244  332  682  350
 8 1997  84.6  8.1  5.1  3.0  37  41.0  224.8 472  390  613  223  323  682  359
 9 1998  90.6  6.0  4.2  1.8  30  33.0  257.9 442  368  615  247  295  678  383
10 1999  95.7  5.1  3.3  1.8  35  29.8  287.7 490  429  601  172  374  672  298
11 2000  99.6  3.9  1.8  2.1  53  23.9  311.7 485  348  602  254  327  708  381
12 2001 104.7  5.1  2.1  3.0  58  32.7  344.4 513  410  585  175  332  658  326
13 2002 111.0  6.3  1.8  4.5  71  42.7  387.1 533  398  587  189  352  650  298
14 2003 117.6  6.6  3.6  3.0  45  47.4  434.5 508  426  608  182  372  686  314
15 2004 122.7  5.1  1.5  3.6  70  38.5  473.0 555  399  620  221  363  663  300
16 2005 127.8  5.1  1.8  3.3  64  40.1  513.1 541  399  619  220  356  685  329
17 2006 133.5  5.7  1.5  4.2  73  46.8  559.9 566  414  621  207  394  662  268
18 2007 138.9  5.4  1.8  3.6  66  46.2  606.1 533  393  603  210  343  688  345
19 2008 144.0  5.1  1.8  3.3  64  45.3  651.4 550  407  628  221  383  681  298
20 2009 148.5  4.5  1.5  3.0  66  41.4  692.8 560  412  634  222  394  680  286
21 2010 152.7  4.2  1.5  2.7  64  39.7  732.5 532  409  599  190  383  719  336
22 2011 156.6  3.9  1.2  2.7  69  37.9  770.4 561  431  619  188  373  660  287
23 2012 160.8  4.2  1.5  2.7  64  41.9  812.3 551  407  631  224  367  679  312
24 2013 163.8  3.0  1.2  1.8  60  30.6  842.9 550  411  642  231  385  718  333
25 2014 167.1  3.3  0.9  2.4  72  34.3  877.2 597  452  651  199  430  716  286
26 2015 170.4  3.3  1.2  2.1  63  35.0  912.2 580  426  668  242  415  719  304
27 2016 173.1  2.7  0.9  1.8  66  29.1  941.3 567  427  638  211  414  713  299

Core Length:  173.4 mm
Core Density: 501 kg/m3
Cross-sectional Density:  510 kg/m3
Early/Latewood Threshold: 500 kg/m3
Attenuation Constant: 3.19

ִִִִִִִִִִִִִִִִִִִִִִִִִִִִִִִִִִִִִִִִִִִִִִִִִִִִִִִִִִִִִִִִִִִִִִִִִִִִִִִ
Core : 37
ֲֲֲִִִִִִִִִִִִִִִִִִִִִִִִִִִִִִִִִִִִִִִִִִִִִִִִִִִִִִִִִִִִִִִִִִִִִִִִִִִִ
       ³Widths (mm)              ³ Areas    ³ Densities (kg/m3)
       ³                         ³ (cm‎)    ³
Ring   ³Outer Ring Erly Late   % ³Incr Total³Ring E/Wd L/Wd Unif  Min  Max  Rng
 # Year³ Rad.      Wood Wood  LW ³          ³mean mean mean
ֱֱֱִִִִִִִִִִִִִִִִִִִִִִִִִִִִִִִִִִִִִִִִִִִִִִִִִִִִִִִִִִִִִִִִִִִִִִִִִִִִ

 4 1992  19.2 19.2 19.2  0.0   0  11.6   11.6 338  338    0    0  260  479  219
 5 1993  34.8 15.6 14.7  0.9   5  26.5   38.0 347  338  502  164  255  504  249
 6 1994  45.0 10.2  7.5  2.7  26  25.6   63.6 414  362  560  198  276  599  323
 7 1995  55.2 10.2  9.0  1.2  11  32.1   95.7 387  370  510  140  257  522  265
 8 1996  63.9  8.7  6.9  1.8  20  32.6  128.3 396  366  515  149  221  542  321
 9 1997  74.1 10.2  7.5  2.7  26  44.2  172.5 409  363  536  173  248  562  314
10 1998  80.4  6.3  4.8  1.5  23  30.6  203.1 392  349  530  181  243  572  329
11 1999  87.0  6.6  4.8  1.8  27  34.7  237.8 421  375  545  170  269  611  342
12 2000  91.2  4.2  3.3  0.9  21  23.5  261.3 404  360  568  208  274  578  304
13 2001 101.1  9.9  6.3  3.6  36  59.8  321.1 470  424  551  127  288  617  329
14 2002 114.3 13.2  8.7  4.5  34  89.3  410.4 450  395  555  160  296  603  307
15 2003 126.9 12.6  8.4  4.2  33  95.5  505.9 448  395  556  161  310  614  304
16 2004 133.8  6.9  4.2  2.7  39  56.5  562.4 446  364  573  209  291  619  328
17 2005 139.2  5.4  3.0  2.4  44  46.3  608.7 454  350  583  233  293  623  330
18 2006 145.8  6.6  3.6  3.0  45  59.1  667.8 473  386  577  191  305  641  336
19 2007 153.3  7.5  4.8  2.7  36  70.5  738.3 460  396  573  177  311  619  308
20 2008 161.4  8.1  3.6  4.5  55  80.1  818.4 498  392  583  191  326  640  314
21 2009 169.8  8.4  6.0  2.4  28  87.4  905.8 446  404  549  145  327  617  290
22 2010 174.3  4.5  3.3  1.2  26  48.6  954.4 444  379  623  244  308  712  404
23 2011 177.6  3.3  2.1  1.2  36  36.5  990.9 449  375  578  203  344  598  254
24 2012 180.9  3.3  2.4  0.9  27  37.2 1028.1 421  364  572  208  307  618  311
25 2013 183.6  2.7  2.1  0.6  22  30.9 1059.0 426  381  582  201  330  596  266
26 2014 185.7  2.1  1.2  0.9  42  24.4 1083.4 479  352  647  295  335  687  352
27 2015 189.3  3.6  2.1  1.5  41  42.4 1125.8 464  371  595  224  311  678  367
28 2016 192.0  2.7  2.1  0.6  22  32.3 1158.1 451  397  638  241  327  679  352

Core Length:  192.3 mm
Core Density: 431 kg/m3
Cross-sectional Density:  442 kg/m3
Early/Latewood Threshold: 500 kg/m3
Attenuation Constant: 3.19

ִִִִִִִִִִִִִִִִִִִִִִִִִִִִִִִִִִִִִִִִִִִִִִִִִִִִִִִִִִִִִִִִִִִִִִִִִִִִִִִ
Core : 45
ֲֲֲִִִִִִִִִִִִִִִִִִִִִִִִִִִִִִִִִִִִִִִִִִִִִִִִִִִִִִִִִִִִִִִִִִִִִִִִִִִִ
       ³Widths (mm)              ³ Areas    ³ Densities (kg/m3)
       ³                         ³ (cm‎)    ³
Ring   ³Outer Ring Erly Late   % ³Incr Total³Ring E/Wd L/Wd Unif  Min  Max  Rng
 # Year³ Rad.      Wood Wood  LW ³          ³mean mean mean
ֱֱֱִִִִִִִִִִִִִִִִִִִִִִִִִִִִִִִִִִִִִִִִִִִִִִִִִִִִִִִִִִִִִִִִִִִִִִִִִִִִ

 2 1990  12.2 12.2 10.2  0.0   0   4.7    4.7 339  339    0    0  296  482  186
 3 1991  29.9 17.7 16.5  1.2   6  23.4   28.1 354  342  514  172  275  522  247
 4 1992  48.5 18.6 15.9  2.7  14  45.8   73.9 376  353  512  159  296  527  231
 5 1993  65.0 16.5 13.5  3.0  18  58.8  132.7 369  326  564  238  276  622  346
 6 1994  74.6  9.6  7.8  1.8  18  42.1  174.8 404  364  575  211  307  618  311
 7 1995  84.8 10.2  9.0  1.2  11  51.1  225.9 374  352  542  190  278  607  329
 8 1996  93.8  9.0  7.2  1.8  20  50.5  276.4 398  358  558  200  281  611  330
 9 1997 103.7  9.9  6.9  3.0  30  61.4  337.8 457  410  566  156  317  625  308
10 1998 111.5  7.8  5.7  2.1  26  52.7  390.6 423  377  548  171  294  602  308
11 1999 119.0  7.5  4.8  2.7  36  54.3  444.9 489  443  572  129  374  655  281
12 2000 125.9  6.9  3.6  3.3  47  53.1  498.0 486  405  574  169  364  680  316
13 2001 136.1 10.2  7.2  3.0  29  84.0  581.9 465  419  574  155  352  628  276
14 2002 144.2  8.1  4.2  3.9  48  71.3  653.3 496  415  582  167  367  641  274
15 2003 153.5  9.3  5.4  3.9  41  87.0  740.2 471  409  556  147  362  621  259
16 2004 160.4  6.9  4.2  2.7  39  68.0  808.3 462  388  576  188  329  606  277
17 2005 166.1  5.7  3.6  2.1  36  58.5  866.7 491  426  603  177  361  667  306
18 2006 171.8  5.7  2.4  3.3  57  60.5  927.2 534  434  606  172  387  689  302
19 2007 175.7  3.9  1.5  2.4  61  42.6  969.8 510  421  566  145  391  634  243
20 2008 179.6  3.9  1.5  2.4  61  43.5 1013.4 538  420  612  192  376  713  337
21 2009 182.9  3.3  0.9  2.4  72  37.6 1050.9 569  451  614  163  420  690  270
22 2010 186.2  3.3  1.5  1.8  54  38.3 1089.2 538  443  617  174  403  713  310
23 2011 188.6  2.4  0.6  1.8  75  28.3 1117.5 565  428  610  182  397  661  264
24 2012 191.3  2.7  0.9  1.8  66  32.2 1149.7 582  453  647  194  428  702  274
25 2013 194.0  2.7  0.6  2.1  77  32.7 1182.4 584  458  619  161  452  728  276
26 2014 196.4  2.4  0.9  1.5  62  29.4 1211.8 579  444  661  217  405  722  317
27 2015 200.9  4.5  1.5  3.0  66  56.2 1268.0 577  437  647  210  405  733  328
28 2016 203.6  2.7  1.2  1.5  55  34.3 1302.3 537  441  613  172  414  659  245

Core Length:  201.6 mm
Core Density: 480 kg/m3
Cross-sectional Density:  479 kg/m3
Early/Latewood Threshold: 500 kg/m3
Attenuation Constant: 3.19

ִִִִִִִִִִִִִִִִִִִִִִִִִִִִִִִִִִִִִִִִִִִִִִִִִִִִִִִִִִִִִִִִִִִִִִִִִִִִִִִ
Core : 49
ֲֲֲִִִִִִִִִִִִִִִִִִִִִִִִִִִִִִִִִִִִִִִִִִִִִִִִִִִִִִִִִִִִִִִִִִִִִִִִִִִִ
       ³Widths (mm)              ³ Areas    ³ Densities (kg/m3)
       ³                         ³ (cm‎)    ³
Ring   ³Outer Ring Erly Late   % ³Incr Total³Ring E/Wd L/Wd Unif  Min  Max  Rng
 # Year³ Rad.      Wood Wood  LW ³          ³mean mean mean
ֱֱֱִִִִִִִִִִִִִִִִִִִִִִִִִִִִִִִִִִִִִִִִִִִִִִִִִִִִִִִִִִִִִִִִִִִִִִִִִִִִ

 4 1992  29.3 29.3 21.3  0.0   0  27.0   27.0 347  347    0    0  294  424  130
 5 1993  50.9 21.6 18.6  3.0  13  54.4   81.4 391  365  555  190  295  603  308
 6 1994  64.1 13.2  8.1  5.1  38  47.7  129.1 487  410  610  200  360  706  346
 7 1995  78.2 14.1 12.0  2.1  14  63.0  192.1 432  403  595  192  334  666  332
 8 1996  92.6 14.4 10.5  3.9  27  77.3  269.4 431  382  562  180  322  641  319
 9 1997 105.2 12.6  9.3  3.3  26  78.3  347.7 450  401  587  186  347  684  337
10 1998 113.3  8.1  6.0  2.1  25  55.6  403.3 429  382  562  180  313  645  332
11 1999 119.9  6.6  3.6  3.0  45  48.4  451.6 504  408  619  211  344  717  373
12 2000 123.8  3.9  2.1  1.8  46  29.9  481.5 478  379  593  214  339  708  369
13 2001 128.6  4.8  2.1  2.7  56  38.1  519.6 549  429  642  213  358  711  353
14 2002 132.8  4.2  2.1  2.1  50  34.5  554.0 508  405  611  206  336  699  363
15 2003 139.4  6.6  3.3  3.3  49  56.4  610.5 523  412  635  223  351  699  348
16 2004 144.8  5.4  2.7  2.7  50  48.2  658.7 525  410  641  231  335  706  371
17 2005 148.4  3.6  1.2  2.4  66  33.2  691.9 543  408  611  203  389  764  375
18 2006 150.8  2.4  0.9  1.5  62  22.6  714.4 523  372  613  241  362  719  357
19 2007 153.8  3.0  1.2  1.8  60  28.7  743.1 523  392  610  218  357  727  370
20 2008 156.2  2.4  0.9  1.5  62  23.4  766.5 549  416  629  213  373  711  338
21 2009 158.9  2.7  0.9  1.8  66  26.7  793.2 589  448  660  212  432  749  317
22 2010 161.0  2.1  0.6  1.5  71  21.1  814.3 556  457  596  139  443  669  226
23 2011 163.1  2.1  0.3  1.8  85  21.4  835.7 568  372  601  229  372  688  316
24 2012 165.5  2.4  0.6  1.8  75  24.8  860.5 562  415  610  195  409  684  275
25 2013 167.6  2.1  0.9  1.2  57  22.0  882.5 543  430  628  198  388  709  321
26 2014 169.1  1.5  0.3  1.2  80  15.9  898.3 616  473  651  178  473  717  244
27 2015 172.4  3.3  0.9  2.4  72  35.4  933.7 584  454  633  179  448  705  257
28 2016 176.6  4.2  1.2  3.0  71  46.0  979.8 549  420  601  181  392  693  301

Core Length:  169.2 mm
Core Density: 510 kg/m3
Cross-sectional Density:  494 kg/m3
Early/Latewood Threshold: 500 kg/m3
Attenuation Constant: 3.19

