File : C:\DENSITOM\WOODHI~1\WHILL13.DAT
Cores :
2
3
4
12
22
25
30
35
37
38
42
45
48

ִִִִִִִִִִִִִִִִִִִִִִִִִִִִִִִִִִִִִִִִִִִִִִִִִִִִִִִִִִִִִִִִִִִִִִִִִִִִִִִ
Core : 2
ֲֲֲִִִִִִִִִִִִִִִִִִִִִִִִִִִִִִִִִִִִִִִִִִִִִִִִִִִִִִִִִִִִִִִִִִִִִִִִִִִִ
       ³Widths (mm)              ³ Areas    ³ Densities (kg/m3)
       ³                         ³ (cm‎)    ³
Ring   ³Outer Ring Erly Late   % ³Incr Total³Ring E/Wd L/Wd Unif  Min  Max  Rng
 # Year³ Rad.      Wood Wood  LW ³          ³mean mean mean
ֱֱֱִִִִִִִִִִִִִִִִִִִִִִִִִִִִִִִִִִִִִִִִִִִִִִִִִִִִִִִִִִִִִִִִִִִִִִִִִִִִ

 2 1990  16.7 16.7 11.7  0.0   0   8.8    8.8 346  346    0    0  261  481  220
 3 1991  37.1 20.4 20.4  0.0   0  34.5   43.2 335  335    0    0  265  428  163
 4 1992  58.1 21.0 21.0  0.0   0  62.8  106.0 365  365    0    0  299  479  180
 5 1993  74.9 16.8 13.2  3.6  21  70.2  176.2 391  354  527  173  252  564  312
 6 1994  91.7 16.8 10.2  6.6  39  87.9  264.2 470  401  577  176  321  645  324
 7 1995 106.4 14.7  9.9  4.8  32  91.5  355.7 452  397  565  168  314  622  308
 8 1996 117.5 11.1  8.4  2.7  24  78.1  433.7 437  392  576  184  332  627  295
 9 1997 130.4 12.9  5.7  7.2  55 100.5  534.2 511  402  597  195  337  672  335
10 1998 140.0  9.6  5.7  3.9  40  81.6  615.8 469  398  574  176  349  653  304
11 1999 153.8 13.8  8.1  5.7  41 127.4  743.1 473  408  564  156  314  613  299
12 2000 161.3  7.5  5.4  2.1  28  74.2  817.4 422  365  571  206  308  653  345
13 2001 167.0  5.7  3.3  2.4  42  58.8  876.2 480  378  620  242  318  698  380
14 2002 173.0  6.0  4.2  1.8  30  64.1  940.2 453  403  572  169  326  631  305
15 2003 180.8  7.8  4.5  3.3  42  86.7 1026.9 496  404  621  217  323  717  394
16 2004 186.5  5.7  3.0  2.7  47  65.8 1092.7 505  406  615  209  343  712  369
17 2005 189.5  3.0  1.5  1.5  50  35.4 1128.2 503  413  593  180  376  750  374
18 2006 193.1  3.6  0.9  2.7  74  43.3 1171.4 606  436  663  227  418  750  332
19 2007 198.5  5.4  2.1  3.3  61  66.4 1237.9 553  436  628  192  386  702  316
20 2008 203.9  5.4  3.3  2.1  38  68.3 1306.1 523  440  654  214  372  748  376
21 2009 209.0  5.1  2.1  3.0  58  66.2 1372.3 536  407  627  220  349  728  379
22 2010 211.7  2.7  1.5  1.2  44  35.7 1408.0 474  414  548  134  363  593  230
23 2011 214.7  3.0  1.2  1.8  60  40.2 1448.2 544  420  627  207  378  708  330
24 2012 218.3  3.6  2.1  1.5  41  49.0 1497.1 528  427  671  244  370  735  365
25 2013 220.4  2.1  1.5  0.6  28  28.9 1526.1 480  424  619  195  373  717  344
26 2014 222.5  2.1  0.9  1.2  57  29.2 1555.3 500  407  570  163  386  626  240
27 2015 228.5  6.0  2.7  3.3  55  85.0 1640.3 524  416  613  197  365  727  362
28 2016 231.5  3.0  0.9  2.1  70  43.4 1683.7 530  417  578  161  379  715  336

Core Length:  226.8 mm
Core Density: 478 kg/m3
Cross-sectional Density:  480 kg/m3
Early/Latewood Threshold: 500 kg/m3
Attenuation Constant: 3.19

ִִִִִִִִִִִִִִִִִִִִִִִִִִִִִִִִִִִִִִִִִִִִִִִִִִִִִִִִִִִִִִִִִִִִִִִִִִִִִִִ
Core : 3
ֲֲֲִִִִִִִִִִִִִִִִִִִִִִִִִִִִִִִִִִִִִִִִִִִִִִִִִִִִִִִִִִִִִִִִִִִִִִִִִִִִ
       ³Widths (mm)              ³ Areas    ³ Densities (kg/m3)
       ³                         ³ (cm‎)    ³
Ring   ³Outer Ring Erly Late   % ³Incr Total³Ring E/Wd L/Wd Unif  Min  Max  Rng
 # Year³ Rad.      Wood Wood  LW ³          ³mean mean mean
ֱֱֱִִִִִִִִִִִִִִִִִִִִִִִִִִִִִִִִִִִִִִִִִִִִִִִִִִִִִִִִִִִִִִִִִִִִִִִִִִִִ

 1 1989   3.9  3.9  3.6  0.3   7   0.5    0.5 336  321  509  188  182  509  327
 2 1990  16.2 12.3 12.3  0.0   0   7.8    8.2 339  339    0    0  291  441  150
 3 1991  33.3 17.1 17.1  0.0   0  26.6   34.8 342  342    0    0  250  470  220
 4 1992  51.0 17.7 17.7  0.0   0  46.9   81.7 359  359    0    0  289  450  161
 5 1993  70.5 19.5 18.6  0.9   4  74.4  156.1 369  362  506  144  287  514  227
 6 1994  87.9 17.4 13.5  3.9  22  86.6  242.7 417  381  544  163  306  590  284
 7 1995 102.0 14.1 12.6  1.5  10  84.1  326.9 400  384  535  151  309  554  245
 8 1996 114.9 12.9 11.4  1.5  11  87.9  414.8 418  403  537  134  305  547  242
 9 1997 130.2 15.3 11.1  4.2  27 117.8  532.6 422  380  534  154  307  583  276
10 1998 141.3 11.1  7.8  3.3  29  94.7  627.2 444  397  555  158  293  595  302
11 1999 151.5 10.2  6.9  3.3  32  93.8  721.1 451  408  542  134  338  580  242
12 2000 158.7  7.2  4.2  3.0  41  70.2  791.2 459  377  575  198  304  645  341
13 2001 165.9  7.2  5.1  2.1  29  73.4  864.7 467  414  595  181  318  663  345
14 2002 171.0  5.1  2.7  2.4  47  54.0  918.6 473  379  580  201  335  658  323
15 2003 179.4  8.4  4.5  3.9  46  92.5 1011.1 478  391  578  187  356  650  294
16 2004 185.4  6.0  3.9  2.1  35  68.8 1079.9 476  418  585  167  334  619  285
17 2005 191.7  6.3  4.2  2.1  33  74.6 1154.5 492  423  629  206  351  692  341
18 2006 197.4  5.7  2.7  3.0  52  69.7 1224.2 512  410  604  194  333  685  352
19 2007 202.8  5.4  3.6  1.8  33  67.9 1292.1 484  412  629  217  339  679  340
20 2008 208.2  5.4  3.0  2.4  44  69.7 1361.8 504  416  615  199  363  691  328
21 2009 212.7  4.5  2.4  2.1  46  59.5 1421.3 494  408  592  184  348  674  326
22 2010 215.7  3.0  1.5  1.5  50  40.4 1461.7 509  411  607  196  363  698  335
23 2011 219.3  3.6  1.2  2.4  66  49.2 1510.9 538  437  588  151  402  667  265
24 2012 222.9  3.6  1.5  2.1  58  50.0 1560.9 528  432  597  165  407  686  279
25 2013 225.9  3.0  1.5  1.5  50  42.3 1603.2 522  445  600  155  397  663  266
26 2014 228.9  3.0  0.9  2.1  70  42.9 1646.0 540  414  594  180  395  655  260
27 2015 231.6  2.7  0.9  1.8  66  39.1 1685.1 556  448  610  162  401  677  276
28 2016 234.0  2.4  1.2  1.2  49  35.1 1720.2 513  455  571  116  426  601  175

Core Length:  234.3 mm
Core Density: 458 kg/m3
Cross-sectional Density:  461 kg/m3
Early/Latewood Threshold: 500 kg/m3
Attenuation Constant: 3.19

ִִִִִִִִִִִִִִִִִִִִִִִִִִִִִִִִִִִִִִִִִִִִִִִִִִִִִִִִִִִִִִִִִִִִִִִִִִִִִִִ
Core : 4
ֲֲֲִִִִִִִִִִִִִִִִִִִִִִִִִִִִִִִִִִִִִִִִִִִִִִִִִִִִִִִִִִִִִִִִִִִִִִִִִִִִ
       ³Widths (mm)              ³ Areas    ³ Densities (kg/m3)
       ³                         ³ (cm‎)    ³
Ring   ³Outer Ring Erly Late   % ³Incr Total³Ring E/Wd L/Wd Unif  Min  Max  Rng
 # Year³ Rad.      Wood Wood  LW ³          ³mean mean mean
ֱֱֱִִִִִִִִִִִִִִִִִִִִִִִִִִִִִִִִִִִִִִִִִִִִִִִִִִִִִִִִִִִִִִִִִִִִִִִִִִִִ

 3 1991  22.9 22.9 18.9  0.0   0  16.5   16.5 317  317    0    0  241  441  200
 4 1992  39.1 16.2 16.2  0.0   0  31.6   48.0 318  318    0    0  251  462  211
 5 1993  56.5 17.4 17.1  0.3   1  52.3  100.3 306  303  502  199  240  502  262
 6 1994  72.1 15.6 14.1  1.5   9  63.0  163.3 360  340  548  208  253  590  337
 7 1995  85.9 13.8 12.9  0.9   6  68.5  231.8 354  342  526  184  256  566  310
 8 1996  99.1 13.2 12.9  0.3   2  76.7  308.5 327  323  520  197  262  520  258
 9 1997 112.6 13.5 13.2  0.3   2  89.8  398.3 361  357  533  176  245  533  288
10 1998 123.1 10.5  9.9  0.6   5  77.7  476.1 355  345  508  163  251  510  259
11 1999 133.6 10.5 10.5  0.0   0  84.7  560.7 378  378    0    0  287  494  207
12 2000 141.7  8.1  6.9  1.2  14  70.1  630.8 379  352  537  185  250  572  322
13 2001 148.6  6.9  5.4  1.5  21  62.9  693.7 406  374  524  150  282  574  292
14 2002 153.1  4.5  3.9  0.6  13  42.7  736.4 391  368  538  170  281  544  263
15 2003 157.3  4.2  3.6  0.6  14  41.0  777.3 396  370  555  185  301  569  268
16 2004 160.3  3.0  2.4  0.6  20  29.9  807.3 437  395  602  207  318  608  290
17 2005 163.9  3.6  3.0  0.6  16  36.7  843.9 390  360  537  177  299  558  259
18 2006 167.2  3.3  2.7  0.6  18  34.3  878.3 417  383  570  187  310  587  277
19 2007 170.2  3.0  2.7  0.3  10  31.8  910.1 407  389  567  178  309  567  258
20 2008 173.2  3.0  2.4  0.6  20  32.4  942.4 428  394  566  172  317  615  298
21 2009 176.8  3.6  2.4  1.2  33  39.6  982.0 450  386  578  192  325  642  317
22 2010 179.2  2.4  1.8  0.6  24  26.8 1008.8 457  414  586  172  329  650  321
23 2011 181.6  2.4  1.2  1.2  50  27.2 1036.1 472  380  564  184  370  586  216
24 2012 183.7  2.1  1.5  0.6  28  24.1 1060.2 473  427  587  160  373  608  235
25 2013 184.6  0.9  0.3  0.6  66  10.4 1070.6 524  453  559  106  453  584  131
26 2014 185.8  1.2  0.6  0.6  50  14.0 1084.5 504  410  599  189  396  623  227
27 2015 187.3  1.5  0.6  0.9  60  17.6 1102.1 526  431  590  159  388  651  263
28 2016 188.5  1.2  0.6  0.6  50  14.2 1116.3 493  437  549  112  400  578  178

Core Length:  184.5 mm
Core Density: 408 kg/m3
Cross-sectional Density:  386 kg/m3
Early/Latewood Threshold: 500 kg/m3
Attenuation Constant: 3.19

ִִִִִִִִִִִִִִִִִִִִִִִִִִִִִִִִִִִִִִִִִִִִִִִִִִִִִִִִִִִִִִִִִִִִִִִִִִִִִִִ
Core : 12
ֲֲֲִִִִִִִִִִִִִִִִִִִִִִִִִִִִִִִִִִִִִִִִִִִִִִִִִִִִִִִִִִִִִִִִִִִִִִִִִִִִ
       ³Widths (mm)              ³ Areas    ³ Densities (kg/m3)
       ³                         ³ (cm‎)    ³
Ring   ³Outer Ring Erly Late   % ³Incr Total³Ring E/Wd L/Wd Unif  Min  Max  Rng
 # Year³ Rad.      Wood Wood  LW ³          ³mean mean mean
ֱֱֱִִִִִִִִִִִִִִִִִִִִִִִִִִִִִִִִִִִִִִִִִִִִִִִִִִִִִִִִִִִִִִִִִִִִִִִִִִִִ

 1 1990  15.3 15.3 14.4  0.9   5   7.4    7.4 359  349  528  179  176  559  383
 2 1991  31.8 16.5 16.5  0.0   0  24.4   31.8 371  371    0    0  307  459  152
 3 1992  51.3 19.5 19.5  0.0   0  50.9   82.7 375  375    0    0  301  477  176
 4 1993  69.3 18.0 15.3  2.7  15  68.2  150.9 375  344  548  204  285  616  331
 5 1994  82.2 12.9  7.8  5.1  39  61.4  212.3 488  417  597  180  360  655  295
 6 1995  92.1  9.9  6.6  3.3  33  54.2  266.5 469  427  553  126  343  596  253
 7 1996 105.9 13.8  9.3  4.5  32  85.8  352.3 461  432  521   89  350  545  195
 8 1997 122.4 16.5  9.9  6.6  40 118.3  470.7 473  426  542  116  353  600  247
 9 1998 134.4 12.0  7.5  4.5  37  96.8  567.5 455  392  561  169  332  617  285
10 1999 143.7  9.3  3.3  6.0  64  81.3  648.7 533  431  588  157  381  644  263
11 2000 151.2  7.5  3.3  4.2  56  69.5  718.2 508  413  582  169  334  673  339
12 2001 158.7  7.5  3.9  3.6  48  73.0  791.2 505  411  606  195  330  709  379
13 2002 165.0  6.3  2.7  3.6  57  64.1  855.3 540  420  631  211  335  689  354
14 2003 174.6  9.6  4.8  4.8  49 102.4  957.7 518  423  613  190  321  692  371
15 2004 180.9  6.3  3.3  3.0  47  70.4 1028.1 499  409  598  189  333  697  364
16 2005 187.8  6.9  3.6  3.3  47  79.9 1108.0 505  416  602  186  361  696  335
17 2006 194.4  6.6  2.1  4.5  68  79.2 1187.3 543  398  610  212  363  689  326
18 2007 200.7  6.3  3.0  3.3  52  78.2 1265.4 512  410  604  194  350  706  356
19 2008 206.4  5.7  2.1  3.6  63  72.9 1338.3 533  389  617  228  351  731  380
20 2009 212.7  6.3  2.7  3.6  57  82.9 1421.3 523  402  613  211  335  675  340
21 2010 217.5  4.8  1.8  3.0  62  64.9 1486.2 530  410  602  192  348  726  378
22 2011 222.3  4.8  1.8  3.0  62  66.3 1552.5 513  392  585  193  352  667  315
23 2012 226.5  4.2  1.8  2.4  57  59.2 1611.7 530  403  625  222  360  702  342
24 2013 230.1  3.6  1.5  2.1  58  51.6 1663.3 526  416  604  188  361  709  348
25 2014 233.1  3.0  1.2  1.8  60  43.7 1707.0 527  383  624  241  337  696  359
26 2015 236.4  3.3  1.5  1.8  54  48.7 1755.7 558  431  664  233  385  721  336
27 2016 239.1  2.7  1.2  1.5  55  40.3 1796.0 511  412  590  178  376  679  303

Core Length:  239.4 mm
Core Density: 490 kg/m3
Cross-sectional Density:  497 kg/m3
Early/Latewood Threshold: 500 kg/m3
Attenuation Constant: 3.19

ִִִִִִִִִִִִִִִִִִִִִִִִִִִִִִִִִִִִִִִִִִִִִִִִִִִִִִִִִִִִִִִִִִִִִִִִִִִִִִִ
Core : 22
ֲֲֲִִִִִִִִִִִִִִִִִִִִִִִִִִִִִִִִִִִִִִִִִִִִִִִִִִִִִִִִִִִִִִִִִִִִִִִִִִִִ
       ³Widths (mm)              ³ Areas    ³ Densities (kg/m3)
       ³                         ³ (cm‎)    ³
Ring   ³Outer Ring Erly Late   % ³Incr Total³Ring E/Wd L/Wd Unif  Min  Max  Rng
 # Year³ Rad.      Wood Wood  LW ³          ³mean mean mean
ֱֱֱִִִִִִִִִִִִִִִִִִִִִִִִִִִִִִִִִִִִִִִִִִִִִִִִִִִִִִִִִִִִִִִִִִִִִִִִִִִִ

 3 1991  23.3 23.3 18.3  0.0   0  17.1   17.1 351  351    0    0  268  485  217
 4 1992  42.5 19.2 17.1  2.1  10  39.7   56.7 380  364  509  145  290  525  235
 5 1993  60.8 18.3 14.7  3.6  19  59.4  116.1 396  353  569  216  283  624  341
 6 1994  73.1 12.3  8.4  3.9  31  51.7  167.9 470  416  586  170  345  685  340
 7 1995  82.1  9.0  7.8  1.2  13  43.9  211.8 421  394  594  200  323  646  323
 8 1996  92.3 10.2  6.0  4.2  41  55.9  267.6 461  400  547  147  308  607  299
 9 1997 102.2  9.9  3.6  6.3  63  60.5  328.1 498  363  576  213  315  640  325
10 1998 110.9  8.7  3.9  4.8  55  58.2  386.4 471  357  564  207  288  616  328
11 1999 119.6  8.7  3.3  5.4  62  63.0  449.4 509  390  581  191  346  677  331
12 2000 125.0  5.4  2.7  2.7  49  41.5  490.9 491  366  615  249  310  714  404
13 2001 131.0  6.0  2.1  3.9  65  48.3  539.1 523  364  609  245  323  687  364
14 2002 136.1  5.1  2.1  3.0  58  42.8  581.9 522  365  631  266  318  749  431
15 2003 143.0  6.9  3.6  3.3  47  60.5  642.4 514  428  608  180  393  708  315
16 2004 147.2  4.2  2.4  1.8  42  38.3  680.7 524  402  686  284  335  757  422
17 2005 151.7  4.5  1.2  3.3  73  42.3  723.0 559  385  623  238  347  708  361
18 2006 155.9  4.2  1.2  3.0  71  40.6  763.6 572  381  649  268  329  734  405
19 2007 159.5  3.6  1.2  2.4  66  35.7  799.2 533  375  612  237  345  702  357
20 2008 163.1  3.6  1.2  2.4  66  36.5  835.7 565  399  649  250  360  751  391
21 2009 166.7  3.6  1.2  2.4  66  37.3  873.0 581  419  663  244  366  738  372
22 2010 169.4  2.7  0.9  1.8  66  28.5  901.5 546  414  612  198  375  729  354
23 2011 172.7  3.3  1.2  2.1  63  35.5  937.0 572  444  646  202  404  740  336
24 2012 176.0  3.3  1.2  2.1  63  36.2  973.1 555  404  642  238  338  748  410
25 2013 178.4  2.4  1.2  1.2  49  26.7  999.9 491  412  570  158  364  657  293
26 2014 179.6  1.2  0.6  0.6  50  13.5 1013.4 525  433  617  184  400  695  295
27 2015 181.7  2.1  0.9  1.2  57  23.8 1037.2 537  430  618  188  397  716  319
28 2016 184.1  2.4  0.9  1.5  62  27.6 1064.8 541  432  607  175  370  642  272

Core Length:  179.1 mm
Core Density: 504 kg/m3
Cross-sectional Density:  501 kg/m3
Early/Latewood Threshold: 500 kg/m3
Attenuation Constant: 3.19

ִִִִִִִִִִִִִִִִִִִִִִִִִִִִִִִִִִִִִִִִִִִִִִִִִִִִִִִִִִִִִִִִִִִִִִִִִִִִִִִ
Core : 25
ֲֲֲִִִִִִִִִִִִִִִִִִִִִִִִִִִִִִִִִִִִִִִִִִִִִִִִִִִִִִִִִִִִִִִִִִִִִִִִִִִִ
       ³Widths (mm)              ³ Areas    ³ Densities (kg/m3)
       ³                         ³ (cm‎)    ³
Ring   ³Outer Ring Erly Late   % ³Incr Total³Ring E/Wd L/Wd Unif  Min  Max  Rng
 # Year³ Rad.      Wood Wood  LW ³          ³mean mean mean
ֱֱֱִִִִִִִִִִִִִִִִִִִִִִִִִִִִִִִִִִִִִִִִִִִִִִִִִִִִִִִִִִִִִִִִִִִִִִִִִִִִ

 1 1989   4.5  4.5  4.5  0.0   0   0.6    0.6 326  326    0    0  230  370  140
 2 1990  22.2 17.7 17.7  0.0   0  14.8   15.5 329  329    0    0  262  417  155
 3 1991  44.1 21.9 21.9  0.0   0  45.6   61.1 348  348    0    0  232  457  225
 4 1992  63.6 19.5 19.5  0.0   0  66.0  127.1 379  379    0    0  295  485  190
 5 1993  87.0 23.4 21.3  2.1   8 110.7  237.8 360  345  513  168  267  534  267
 6 1994 104.7 17.7 14.1  3.6  20 106.6  344.4 423  390  553  163  302  604  302
 7 1995 120.6 15.9 12.9  3.0  18 112.5  456.9 422  390  558  168  304  611  307
 8 1996 134.4 13.8  8.4  5.4  39 110.6  567.5 455  391  555  164  324  636  312
 9 1997 147.3 12.9  7.8  5.1  39 114.2  681.6 470  409  562  153  325  614  289
10 1998 157.8 10.5  6.0  4.5  42 100.6  782.3 455  380  554  174  316  599  283
11 1999 168.0 10.2  5.1  5.1  50 104.4  886.7 482  399  564  165  338  635  297
12 2000 174.3  6.3  3.0  3.3  52  67.7  954.4 491  385  587  202  319  672  353
13 2001 180.9  6.6  3.3  3.3  49  73.6 1028.1 485  407  563  156  316  664  348
14 2002 186.3  5.4  3.6  1.8  33  62.3 1090.4 466  408  582  174  341  620  279
15 2003 193.2  6.9  4.2  2.7  39  82.3 1172.6 473  422  551  129  368  627  259
16 2004 197.4  4.2  2.4  1.8  42  51.5 1224.2 473  402  568  166  312  610  298
17 2005 202.8  5.4  2.7  2.7  50  67.9 1292.1 492  398  586  188  342  629  287
18 2006 208.5  5.7  3.3  2.4  42  73.7 1365.7 477  416  560  144  335  601  266
19 2007 215.4  6.9  3.3  3.6  52  91.9 1457.6 493  417  563  146  351  624  273
20 2008 221.1  5.7  3.3  2.4  42  78.2 1535.8 495  431  583  152  358  652  294
21 2009 226.2  5.1  2.4  2.7  52  71.7 1607.4 505  398  599  201  334  665  331
22 2010 229.5  3.3  2.1  1.2  36  47.2 1654.7 477  407  599  192  329  660  331
23 2011 232.5  3.0  1.2  1.8  60  43.5 1698.2 511  380  598  218  362  629  267
24 2012 236.7  4.2  2.1  2.1  50  61.9 1760.1 506  416  597  181  369  684  315
25 2013 240.3  3.6  1.8  1.8  50  53.9 1814.1 491  387  596  209  347  697  350
26 2014 242.7  2.4  1.2  1.2  49  36.4 1850.5 540  426  654  228  374  685  311
27 2015 245.7  3.0  1.5  1.5  50  46.0 1896.5 533  401  664  263  347  726  379
28 2016 248.7  3.0  1.5  1.5  50  46.6 1943.1 503  407  599  192  372  693  321

Core Length:  249.0 mm
Core Density: 459 kg/m3
Cross-sectional Density:  462 kg/m3
Early/Latewood Threshold: 500 kg/m3
Attenuation Constant: 3.19

ִִִִִִִִִִִִִִִִִִִִִִִִִִִִִִִִִִִִִִִִִִִִִִִִִִִִִִִִִִִִִִִִִִִִִִִִִִִִִִִ
Core : 30
ֲֲֲִִִִִִִִִִִִִִִִִִִִִִִִִִִִִִִִִִִִִִִִִִִִִִִִִִִִִִִִִִִִִִִִִִִִִִִִִִִִ
       ³Widths (mm)              ³ Areas    ³ Densities (kg/m3)
       ³                         ³ (cm‎)    ³
Ring   ³Outer Ring Erly Late   % ³Incr Total³Ring E/Wd L/Wd Unif  Min  Max  Rng
 # Year³ Rad.      Wood Wood  LW ³          ³mean mean mean
ֱֱֱִִִִִִִִִִִִִִִִִִִִִִִִִִִִִִִִִִִִִִִִִִִִִִִִִִִִִִִִִִִִִִִִִִִִִִִִִִִִ

 4 1992  38.0 38.0 33.0  0.0   0  45.4   45.4 339  339    0    0  279  453  174
 5 1993  79.7 41.7 41.7  0.0   0 154.2  199.6 336  336    0    0  279  464  185
 6 1994 114.8 35.1 33.3  1.8   5 214.5  414.0 395  389  517  128  326  526  200
 7 1995 136.1 21.3 19.5  1.8   8 167.9  581.9 385  372  522  150  291  552  261
 8 1996 149.3 13.2 11.1  2.1  15 118.4  700.3 406  381  533  152  295  561  266
 9 1997 163.4 14.1 10.8  3.3  23 138.5  838.8 440  409  541  132  296  593  297
10 1998 176.9 13.5 10.5  3.0  22 144.3  983.1 415  384  523  139  287  542  255
11 1999 188.6 11.7  9.3  2.4  20 134.3 1117.5 422  391  540  149  274  568  294
12 2000 199.4 10.8  8.7  2.1  19 131.6 1249.1 437  411  544  133  296  593  297
13 2001 208.1  8.7  5.1  3.6  41 111.4 1360.5 452  387  545  158  282  621  339
14 2002 215.9  7.8  5.7  2.1  26 103.9 1464.4 420  380  528  148  290  539  249
15 2003 223.7  7.8  6.0  1.8  23 107.7 1572.1 422  385  546  161  271  578  307
16 2004 230.0  6.3  4.5  1.8  28  89.8 1661.9 428  389  524  135  259  542  283
17 2005 236.6  6.6  3.9  2.7  40  96.7 1758.6 446  371  554  183  290  609  319
18 2006 242.3  5.7  3.3  2.4  42  85.8 1844.4 439  364  541  177  272  557  285
19 2007 247.7  5.4  3.6  1.8  33  83.1 1927.5 443  375  578  203  288  617  329
20 2008 252.2  4.5  2.4  2.1  46  70.7 1998.2 463  361  580  219  298  652  354
21 2009 257.0  4.8  2.4  2.4  50  76.8 2075.0 463  356  570  214  300  605  305
22 2010 261.2  4.2  2.1  2.1  49  68.4 2143.4 489  376  601  225  307  656  349
23 2011 266.0  4.8  1.8  3.0  62  79.5 2222.9 497  385  565  180  314  597  283
24 2012 270.8  4.8  2.4  2.4  49  80.9 2303.8 466  360  573  213  294  613  319
25 2013 274.1  3.3  2.1  1.2  36  56.5 2360.3 452  372  593  221  309  678  369
26 2014 277.1  3.0  1.5  1.5  50  51.9 2412.3 496  392  600  208  341  667  326
27 2015 280.4  3.3  1.5  1.8  54  57.8 2470.1 497  373  601  228  334  659  325
28 2016 285.2  4.8  2.1  2.7  56  85.3 2555.3 499  405  572  167  357  616  259

Core Length:  280.5 mm
Core Density: 437 kg/m3
Cross-sectional Density:  429 kg/m3
Early/Latewood Threshold: 500 kg/m3
Attenuation Constant: 3.19

ִִִִִִִִִִִִִִִִִִִִִִִִִִִִִִִִִִִִִִִִִִִִִִִִִִִִִִִִִִִִִִִִִִִִִִִִִִִִִִִ
Core : 35
ֲֲֲִִִִִִִִִִִִִִִִִִִִִִִִִִִִִִִִִִִִִִִִִִִִִִִִִִִִִִִִִִִִִִִִִִִִִִִִִִִִ
       ³Widths (mm)              ³ Areas    ³ Densities (kg/m3)
       ³                         ³ (cm‎)    ³
Ring   ³Outer Ring Erly Late   % ³Incr Total³Ring E/Wd L/Wd Unif  Min  Max  Rng
 # Year³ Rad.      Wood Wood  LW ³          ³mean mean mean
ֱֱֱִִִִִִִִִִִִִִִִִִִִִִִִִִִִִִִִִִִִִִִִִִִִִִִִִִִִִִִִִִִִִִִִִִִִִִִִִִִִ

 1 1989   6.2  6.2  4.2  0.0   0   1.2    1.2 335  335    0    0  186  386  200
 2 1990  10.1  3.9  3.9  0.0   0   2.0    3.2 313  313    0    0  258  413  155
 3 1991  31.7 21.6 21.6  0.0   0  28.4   31.6 304  304    0    0  241  373  132
 4 1992  56.6 24.9 24.9  0.0   0  69.1  100.6 311  311    0    0  214  403  189
 5 1993  82.4 25.8 25.8  0.0   0 112.7  213.3 316  316    0    0  211  497  286
 6 1994  99.8 17.4 15.3  2.1  12  99.6  312.9 384  364  531  167  281  549  268
 7 1995 114.5 14.7 14.1  0.6   4  99.0  411.9 353  347  500  153  261  500  239
 8 1996 127.1 12.6 12.0  0.6   4  95.6  507.5 361  353  515  162  253  520  267
 9 1997 138.2 11.1 10.5  0.6   5  92.5  600.0 408  401  536  135  301  545  244
10 1998 147.8  9.6  8.1  1.5  15  86.3  686.3 430  413  517  104  340  530  190
11 1999 160.7 12.9  9.0  3.9  30 125.0  811.3 432  391  527  136  328  565  237
12 2000 168.8  8.1  6.6  1.5  18  83.8  895.1 428  400  555  155  328  578  250
13 2001 178.1  9.3  7.5  1.8  19 101.4  996.5 421  390  552  162  318  614  296
14 2002 184.1  6.0  5.1  0.9  15  68.3 1064.8 377  350  534  184  289  581  292
15 2003 191.9  7.8  6.3  1.5  19  92.1 1156.9 420  388  557  169  332  617  285
16 2004 196.7  4.8  3.6  1.2  24  58.6 1215.5 414  374  534  160  293  559  266
17 2005 202.7  6.0  4.8  1.2  20  75.3 1290.8 423  392  546  154  333  612  279
18 2006 208.4  5.7  4.2  1.5  26  73.6 1364.4 436  387  573  186  336  616  280
19 2007 212.3  3.9  3.3  0.6  15  51.5 1416.0 392  366  538  172  314  564  250
20 2008 215.3  3.0  2.1  0.9  30  40.3 1456.3 411  350  552  202  299  651  352
21 2009 219.5  4.2  3.0  1.2  28  57.4 1513.6 443  395  563  168  348  625  277
22 2010 222.2  2.7  2.4  0.3  11  37.5 1551.1 434  410  622  212  317  622  305
23 2011 225.8  3.6  2.1  1.5  41  50.7 1601.8 463  382  577  195  316  618  302
24 2012 230.0  4.2  2.4  1.8  42  60.1 1661.9 445  370  546  176  326  630  304
25 2013 233.0  3.0  2.1  0.9  30  43.6 1705.5 441  381  582  201  351  663  312
26 2014 236.0  3.0  1.8  1.2  40  44.2 1749.7 461  394  562  168  343  584  241
27 2015 240.2  4.2  2.7  1.5  35  62.8 1812.6 472  409  587  178  343  663  320
28 2016 244.7  4.5  3.0  1.5  33  68.6 1881.1 457  399  571  172  350  635  285

Core Length:  243.3 mm
Core Density: 403 kg/m3
Cross-sectional Density:  406 kg/m3
Early/Latewood Threshold: 500 kg/m3
Attenuation Constant: 3.19

ִִִִִִִִִִִִִִִִִִִִִִִִִִִִִִִִִִִִִִִִִִִִִִִִִִִִִִִִִִִִִִִִִִִִִִִִִִִִִִִ
Core : 37
ֲֲֲִִִִִִִִִִִִִִִִִִִִִִִִִִִִִִִִִִִִִִִִִִִִִִִִִִִִִִִִִִִִִִִִִִִִִִִִִִִִ
       ³Widths (mm)              ³ Areas    ³ Densities (kg/m3)
       ³                         ³ (cm‎)    ³
Ring   ³Outer Ring Erly Late   % ³Incr Total³Ring E/Wd L/Wd Unif  Min  Max  Rng
 # Year³ Rad.      Wood Wood  LW ³          ³mean mean mean
ֱֱֱִִִִִִִִִִִִִִִִִִִִִִִִִִִִִִִִִִִִִִִִִִִִִִִִִִִִִִִִִִִִִִִִִִִִִִִִִִִִ

 2 1990   8.7  8.7  5.7  0.0   0   2.4    2.4 304  304    0    0  258  387  129
 3 1991  26.4 17.7 17.7  0.0   0  19.5   21.9 317  317    0    0  258  391  133
 4 1992  42.3 15.9 15.9  0.0   0  34.3   56.2 349  349    0    0  278  483  205
 5 1993  62.1 19.8 19.8  0.0   0  64.9  121.2 362  362    0    0  274  479  205
 6 1994  74.4 12.3 10.8  1.5  12  52.7  173.9 378  355  538  183  292  557  265
 7 1995  87.3 12.9 12.0  0.9   6  65.5  239.4 374  363  514  151  319  519  200
 8 1996  97.5 10.2  9.0  1.2  11  59.2  298.6 411  394  532  138  322  549  227
 9 1997 108.0 10.5  8.4  2.1  19  67.8  366.4 436  409  543  134  353  589  236
10 1998 115.5  7.5  6.6  0.9  12  52.7  419.1 421  404  543  139  334  568  234
11 1999 124.5  9.0  6.6  2.4  26  67.9  487.0 439  404  535  131  355  577  222
12 2000 130.8  6.3  4.2  2.1  33  50.5  537.5 433  381  538  157  322  590  268
13 2001 137.1  6.3  3.9  2.4  38  53.0  590.5 461  400  562  162  308  626  318
14 2002 143.1  6.0  4.5  1.5  25  52.8  643.3 431  393  546  153  305  591  286
15 2003 151.2  8.1  6.0  2.1  25  74.9  718.2 443  406  548  142  334  577  243
16 2004 157.2  6.0  4.5  1.5  25  58.1  776.3 455  409  591  182  327  637  310
17 2005 162.3  5.1  3.6  1.5  29  51.2  827.5 452  413  547  134  341  569  228
18 2006 168.0  5.7  4.2  1.5  26  59.1  886.7 451  419  538  119  356  578  222
19 2007 173.1  5.1  4.2  0.9  17  54.7  941.3 414  385  545  160  334  561  227
20 2008 177.0  3.9  3.0  0.9  23  42.9  984.2 436  396  570  174  318  603  285
21 2009 180.9  3.9  3.0  0.9  23  43.9 1028.1 454  416  580  164  349  602  253
22 2010 184.2  3.3  2.4  0.9  27  37.9 1065.9 450  402  579  177  324  658  334
23 2011 187.8  3.6  2.7  0.9  25  42.1 1108.0 459  427  553  126  342  558  216
24 2012 191.7  3.9  3.0  0.9  23  46.5 1154.5 442  401  578  177  320  638  318
25 2013 194.7  3.0  2.1  0.9  30  36.4 1190.9 458  408  575  167  336  618  282
26 2014 197.1  2.4  1.5  0.9  37  29.5 1220.5 486  414  607  193  353  628  275
27 2015 199.8  2.7  1.5  1.2  44  33.7 1254.1 478  402  573  171  368  598  230
28 2016 202.2  2.4  1.8  0.6  24  30.3 1284.4 442  412  534  122  335  568  233

Core Length:  199.5 mm
Core Density: 423 kg/m3
Cross-sectional Density:  428 kg/m3
Early/Latewood Threshold: 500 kg/m3
Attenuation Constant: 3.19

ִִִִִִִִִִִִִִִִִִִִִִִִִִִִִִִִִִִִִִִִִִִִִִִִִִִִִִִִִִִִִִִִִִִִִִִִִִִִִִִ
Core : 38
ֲֲֲִִִִִִִִִִִִִִִִִִִִִִִִִִִִִִִִִִִִִִִִִִִִִִִִִִִִִִִִִִִִִִִִִִִִִִִִִִִִ
       ³Widths (mm)              ³ Areas    ³ Densities (kg/m3)
       ³                         ³ (cm‎)    ³
Ring   ³Outer Ring Erly Late   % ³Incr Total³Ring E/Wd L/Wd Unif  Min  Max  Rng
 # Year³ Rad.      Wood Wood  LW ³          ³mean mean mean
ֱֱֱִִִִִִִִִִִִִִִִִִִִִִִִִִִִִִִִִִִִִִִִִִִִִִִִִִִִִִִִִִִִִִִִִִִִִִִִִִִִ

 2 1990  15.8 15.8 13.8  0.0   0   7.8    7.8 338  338    0    0  276  433  157
 3 1991  34.4 18.6 18.6  0.0   0  29.3   37.2 315  315    0    0  252  394  142
 4 1992  51.2 16.8 16.8  0.0   0  45.2   82.4 345  345    0    0  285  460  175
 5 1993  69.8 18.6 18.3  0.3   1  70.7  153.1 334  331  509  178  271  509  238
 6 1994  83.3 13.5 11.4  2.1  15  64.9  218.0 378  348  542  194  290  589  299
 7 1995  95.9 12.6 10.2  2.4  19  70.9  288.9 401  372  523  151  286  560  274
 8 1996 110.3 14.4 13.2  1.2   8  93.3  382.2 398  387  519  132  300  533  233
 9 1997 124.4 14.1 12.0  2.1  14 104.0  486.2 410  391  519  128  325  539  214
10 1998 135.5 11.1  8.4  2.7  24  90.6  576.8 415  377  534  157  268  563  295
11 1999 148.1 12.6  7.5  5.1  40 112.3  689.1 464  407  548  141  303  592  289
12 2000 157.1  9.0  5.1  3.9  43  86.3  775.4 461  387  558  171  294  648  354
13 2001 168.2 11.1  5.7  5.4  48 113.4  888.8 475  405  549  144  295  636  341
14 2002 179.0 10.8  5.4  5.4  50 117.8 1006.6 473  384  563  179  303  611  308
15 2003 195.2 16.2 10.8  5.4  33 190.4 1197.0 442  392  542  150  284  614  330
16 2004 205.1  9.9  5.4  4.5  45 124.5 1321.5 470  391  564  173  290  611  321
17 2005 213.2  8.1  5.4  2.7  33 106.4 1428.0 451  382  590  208  289  660  371
18 2006 219.8  6.6  3.0  3.6  54  89.8 1517.8 478  368  570  202  287  664  377
19 2007 227.0  7.2  4.2  3.0  41 101.1 1618.8 462  385  569  184  291  601  310
20 2008 234.2  7.2  2.7  4.5  62 104.3 1723.2 488  353  570  217  284  651  367
21 2009 239.6  5.4  2.4  3.0  55  80.4 1803.5 498  385  588  203  296  632  336
22 2010 243.2  3.6  2.1  1.5  41  54.6 1858.1 481  400  594  194  312  663  351
23 2011 247.4  4.2  1.8  2.4  57  64.7 1922.9 482  343  586  243  304  621  317
24 2012 252.5  5.1  2.7  2.4  47  80.1 2003.0 487  388  599  211  309  635  326
25 2013 256.1  3.6  2.1  1.5  41  57.5 2060.5 481  381  622  241  319  656  337
26 2014 258.8  2.7  1.5  1.2  44  43.7 2104.2 451  357  568  211  292  598  306
27 2015 263.0  4.2  2.1  2.1  50  68.8 2173.0 483  374  592  218  301  659  358
28 2016 267.2  4.2  2.1  2.1  49  70.0 2243.0 498  395  600  205  315  672  357

Core Length:  265.5 mm
Core Density: 439 kg/m3
Cross-sectional Density:  448 kg/m3
Early/Latewood Threshold: 500 kg/m3
Attenuation Constant: 3.19

ִִִִִִִִִִִִִִִִִִִִִִִִִִִִִִִִִִִִִִִִִִִִִִִִִִִִִִִִִִִִִִִִִִִִִִִִִִִִִִִ
Core : 42
ֲֲֲִִִִִִִִִִִִִִִִִִִִִִִִִִִִִִִִִִִִִִִִִִִִִִִִִִִִִִִִִִִִִִִִִִִִִִִִִִִִ
       ³Widths (mm)              ³ Areas    ³ Densities (kg/m3)
       ³                         ³ (cm‎)    ³
Ring   ³Outer Ring Erly Late   % ³Incr Total³Ring E/Wd L/Wd Unif  Min  Max  Rng
 # Year³ Rad.      Wood Wood  LW ³          ³mean mean mean
ֱֱֱִִִִִִִִִִִִִִִִִִִִִִִִִִִִִִִִִִִִִִִִִִִִִִִִִִִִִִִִִִִִִִִִִִִִִִִִִִִִ

 3 1991  24.0 24.0 18.0  0.0   0  18.1   18.1 333  333    0    0  264  461  197
 4 1992  44.4 20.4 20.4  0.0   0  43.8   61.9 355  355    0    0  282  469  187
 5 1993  65.4 21.0 20.7  0.3   1  72.4  134.4 373  371  513  142  265  513  248
 6 1994  84.0 18.6 12.9  5.7  30  87.3  221.7 425  365  561  196  312  610  298
 7 1995  99.9 15.9 12.9  3.0  18  91.9  313.5 404  370  554  184  289  596  307
 8 1996 112.2 12.3  9.6  2.7  21  82.0  395.5 422  375  589  214  313  644  331
 9 1997 123.9 11.7  6.9  4.8  41  86.8  482.3 454  378  564  186  309  615  306
10 1998 133.5  9.6  5.7  3.9  40  77.6  559.9 442  353  572  219  277  629  352
11 1999 142.2  8.7  5.4  3.3  37  75.4  635.3 476  401  598  197  314  677  363
12 2000 148.2  6.0  3.9  2.1  35  54.7  690.0 454  361  625  264  288  703  415
13 2001 153.6  5.4  3.0  2.4  44  51.2  741.2 496  376  646  270  310  738  428
14 2002 159.0  5.4  2.7  2.7  50  53.0  794.2 509  401  617  216  345  697  352
15 2003 166.2  7.2  4.2  3.0  41  73.6  867.8 504  413  632  219  345  712  367
16 2004 170.4  4.2  2.4  1.8  42  44.4  912.2 489  386  628  242  331  712  381
17 2005 174.0  3.6  2.1  1.5  41  39.0  951.1 500  413  622  209  370  721  351
18 2006 177.6  3.6  1.5  2.1  58  39.8  990.9 546  415  640  225  372  738  366
19 2007 181.2  3.6  2.4  1.2  33  40.6 1031.5 506  437  643  206  376  711  335
20 2008 184.5  3.3  1.5  1.8  54  37.9 1069.4 525  403  627  224  371  718  347
21 2009 187.5  3.0  1.2  1.8  60  35.1 1104.5 551  438  627  189  389  751  362
22 2010 190.2  2.7  1.2  1.5  55  32.0 1136.5 509  388  605  217  354  702  348
23 2011 193.2  3.0  1.2  1.8  60  36.1 1172.6 552  400  654  254  365  726  361
24 2012 195.6  2.4  1.5  0.9  37  29.3 1202.0 540  455  681  226  408  745  337
25 2013 198.0  2.4  1.2  1.2  50  29.7 1231.6 491  393  590  197  370  699  329
26 2014 200.1  2.1  0.9  1.2  57  26.3 1257.9 541  404  644  240  376  707  331
27 2015 203.4  3.3  1.2  2.1  63  41.8 1299.7 561  427  638  211  385  742  357
28 2016 207.0  3.6  1.2  2.4  66  46.4 1346.1 547  421  610  189  394  715  321

Core Length:  201.3 mm
Core Density: 480 kg/m3
Cross-sectional Density:  470 kg/m3
Early/Latewood Threshold: 500 kg/m3
Attenuation Constant: 3.19

ִִִִִִִִִִִִִִִִִִִִִִִִִִִִִִִִִִִִִִִִִִִִִִִִִִִִִִִִִִִִִִִִִִִִִִִִִִִִִִִ
Core : 45
ֲֲֲִִִִִִִִִִִִִִִִִִִִִִִִִִִִִִִִִִִִִִִִִִִִִִִִִִִִִִִִִִִִִִִִִִִִִִִִִִִִ
       ³Widths (mm)              ³ Areas    ³ Densities (kg/m3)
       ³                         ³ (cm‎)    ³
Ring   ³Outer Ring Erly Late   % ³Incr Total³Ring E/Wd L/Wd Unif  Min  Max  Rng
 # Year³ Rad.      Wood Wood  LW ³          ³mean mean mean
ֱֱֱִִִִִִִִִִִִִִִִִִִִִִִִִִִִִִִִִִִִִִִִִִִִִִִִִִִִִִִִִִִִִִִִִִִִִִִִִִִִ

 2 1990  19.6 19.6 15.6  0.0   0  12.1   12.1 357  357    0    0  311  488  177
 3 1991  41.8 22.2 22.2  0.0   0  42.8   54.9 326  326    0    0  265  424  159
 4 1992  65.2 23.4 23.4  0.0   0  78.7  133.6 331  331    0    0  265  399  134
 5 1993  87.1 21.9 21.0  0.9   4 104.8  238.3 349  342  524  182  276  540  264
 6 1994 102.1 15.0 11.1  3.9  26  89.2  327.5 412  365  546  181  290  594  304
 7 1995 116.8 14.7 12.9  1.8  12 101.1  428.6 419  404  523  119  305  551  246
 8 1996 128.5 11.7  9.6  2.1  17  90.2  518.7 406  381  519  138  305  543  238
 9 1997 140.5 12.0  9.3  2.7  22 101.4  620.2 436  408  531  123  318  560  242
10 1998 150.1  9.6  8.1  1.5  15  87.6  707.8 416  395  530  135  313  568  255
11 1999 160.3 10.2  8.1  2.1  20  99.5  807.3 431  400  550  150  317  567  250
12 2000 167.8  7.5  5.7  1.8  24  77.3  884.6 435  397  554  157  296  629  333
13 2001 174.7  6.9  3.9  3.0  43  74.2  958.8 458  382  558  176  313  595  282
14 2002 181.0  6.3  3.0  3.3  52  70.4 1029.2 480  379  572  193  333  626  293
15 2003 190.9  9.9  6.3  3.6  36 115.7 1144.9 466  405  573  168  363  661  298
16 2004 198.4  7.5  4.5  3.0  40  91.7 1236.6 468  406  562  156  325  624  299
17 2005 205.6  7.2  4.8  2.4  33  91.4 1328.0 465  408  579  171  361  678  317
18 2006 211.3  5.7  3.6  2.1  36  74.7 1402.6 485  421  595  174  364  641  277
19 2007 216.1  4.8  3.0  1.8  37  64.5 1467.1 466  399  578  179  334  669  335
20 2008 220.0  3.9  2.1  1.8  46  53.4 1520.5 494  413  589  176  377  683  306
21 2009 223.6  3.6  1.8  1.8  50  50.2 1570.7 512  430  595  165  399  693  294
22 2010 227.5  3.9  2.1  1.8  46  55.3 1626.0 489  425  563  138  379  644  265
23 2011 230.2  2.7  0.9  1.8  66  38.8 1664.8 537  434  589  155  412  666  254
24 2012 234.1  3.9  2.7  1.2  30  56.9 1721.7 456  397  590  193  356  660  304
25 2013 236.8  2.7  1.5  1.2  44  39.9 1761.6 486  413  577  164  384  713  329
26 2014 239.2  2.4  0.9  1.5  62  35.9 1797.5 517  411  580  169  378  680  302
27 2015 241.3  2.1  1.5  0.6  28  31.7 1829.2 520  449  698  249  389  729  340
28 2016 243.7  2.4  1.2  1.2  49  36.6 1865.8 513  444  582  138  419  723  304

Core Length:  239.7 mm
Core Density: 449 kg/m3
Cross-sectional Density:  442 kg/m3
Early/Latewood Threshold: 500 kg/m3
Attenuation Constant: 3.19

ִִִִִִִִִִִִִִִִִִִִִִִִִִִִִִִִִִִִִִִִִִִִִִִִִִִִִִִִִִִִִִִִִִִִִִִִִִִִִִִ
Core : 48
ֲֲֲִִִִִִִִִִִִִִִִִִִִִִִִִִִִִִִִִִִִִִִִִִִִִִִִִִִִִִִִִִִִִִִִִִִִִִִִִִִִ
       ³Widths (mm)              ³ Areas    ³ Densities (kg/m3)
       ³                         ³ (cm‎)    ³
Ring   ³Outer Ring Erly Late   % ³Incr Total³Ring E/Wd L/Wd Unif  Min  Max  Rng
 # Year³ Rad.      Wood Wood  LW ³          ³mean mean mean
ֱֱֱִִִִִִִִִִִִִִִִִִִִִִִִִִִִִִִִִִִִִִִִִִִִִִִִִִִִִִִִִִִִִִִִִִִִִִִִִִִִ

 2 1990  14.9 14.9  9.9  0.0   0   7.0    7.0 344  344    0    0  280  466  186
 3 1991  32.9 18.0 18.0  0.0   0  27.0   34.0 330  330    0    0  260  435  175
 4 1992  51.2 18.3 18.3  0.0   0  48.4   82.4 351  351    0    0  270  478  208
 5 1993  74.9 23.7 23.7  0.0   0  93.9  176.2 338  338    0    0  270  489  219
 6 1994  89.0 14.1 12.0  2.1  14  72.6  248.8 404  377  557  180  288  580  292
 7 1995 103.4 14.4 13.2  1.2   8  87.0  335.9 382  369  528  159  302  544  242
 8 1996 116.9 13.5 11.4  2.1  15  93.4  429.3 410  386  540  154  299  563  264
 9 1997 134.0 17.1 10.8  6.3  36 134.8  564.1 459  403  554  151  321  602  281
10 1998 149.9 15.9 13.5  2.4  15 141.8  705.9 415  397  518  121  332  544  212
11 1999 163.1 13.2  9.9  3.3  25 129.8  835.7 443  410  543  133  362  574  212
12 2000 169.1  6.0  4.5  1.5  25  62.6  898.3 426  380  563  183  337  624  287
13 2001 176.3  7.2  5.1  2.1  29  78.1  976.5 445  393  571  178  318  644  326
14 2002 181.7  5.4  4.2  1.2  22  60.7 1037.2 422  382  561  179  326  607  281
15 2003 188.6  6.9  4.5  2.4  34  80.3 1117.5 466  404  582  178  364  664  300
16 2004 193.7  5.1  3.9  1.2  23  61.3 1178.7 439  396  582  186  338  620  282
17 2005 199.4  5.7  4.2  1.5  26  70.4 1249.1 446  402  569  167  353  624  271
18 2006 204.5  5.1  3.3  1.8  35  64.7 1313.8 479  427  576  149  351  633  282
19 2007 208.7  4.2  3.0  1.2  28  54.5 1368.3 457  414  562  148  348  612  264
20 2008 212.3  3.6  2.4  1.2  33  47.6 1416.0 470  413  583  170  368  652  284
21 2009 215.9  3.6  2.4  1.2  33  48.4 1464.4 473  432  555  123  386  622  236
22 2010 218.3  2.4  1.8  0.6  25  32.7 1497.1 443  406  554  148  345  566  221
23 2011 220.4  2.1  1.2  0.9  42  28.9 1526.1 471  390  581  191  370  617  247
24 2012 223.1  2.7  1.8  0.9  33  37.6 1563.7 467  403  595  192  373  647  274
25 2013 224.9  1.8  1.5  0.3  16  25.3 1589.0 472  426  700  274  372  700  328
26 2014 226.7  1.8  0.9  0.9  49  25.5 1614.6 491  397  585  188  377  652  275
27 2015 229.7  3.0  2.1  0.9  30  43.0 1657.6 483  425  619  194  381  675  294
28 2016 232.4  2.7  1.2  1.5  55  39.2 1696.8 491  419  549  130  360  641  281

Core Length:  227.7 mm
Core Density: 433 kg/m3
Cross-sectional Density:  432 kg/m3
Early/Latewood Threshold: 500 kg/m3
Attenuation Constant: 3.19

