File : C:\DENSITOM\WOODHI~1\WHILL19.DAT
Cores :
2
4
6
8
12
16
22
25
26
35
40
45

ִִִִִִִִִִִִִִִִִִִִִִִִִִִִִִִִִִִִִִִִִִִִִִִִִִִִִִִִִִִִִִִִִִִִִִִִִִִִִִִ
Core : 2
ֲֲֲִִִִִִִִִִִִִִִִִִִִִִִִִִִִִִִִִִִִִִִִִִִִִִִִִִִִִִִִִִִִִִִִִִִִִִִִִִִִ
       ³Widths (mm)              ³ Areas    ³ Densities (kg/m3)
       ³                         ³ (cm‎)    ³
Ring   ³Outer Ring Erly Late   % ³Incr Total³Ring E/Wd L/Wd Unif  Min  Max  Rng
 # Year³ Rad.      Wood Wood  LW ³          ³mean mean mean
ֱֱֱִִִִִִִִִִִִִִִִִִִִִִִִִִִִִִִִִִִִִִִִִִִִִִִִִִִִִִִִִִִִִִִִִִִִִִִִִִִִ

 1 1989   9.9  9.9  9.9  0.0   0   3.1    3.1 311  311    0    0  256  385  129
 2 1990  15.6  5.7  5.7  0.0   0   4.6    7.6 341  341    0    0  274  442  168
 3 1991  35.7 20.1 20.1  0.0   0  32.4   40.0 336  336    0    0  240  416  176
 4 1992  54.0 18.3 18.3  0.0   0  51.6   91.6 351  351    0    0  276  484  208
 5 1993  73.8 19.8 18.6  1.2   6  79.5  171.1 373  363  519  156  316  531  215
 6 1994  88.2 14.4  9.6  4.8  33  73.3  244.4 435  373  557  184  319  595  276
 7 1995 103.8 15.6 12.3  3.3  21  94.1  338.5 423  391  543  152  322  612  290
 8 1996 115.8 12.0  8.4  3.6  30  82.8  421.3 458  411  570  159  368  653  285
 9 1997 126.3 10.5  7.8  2.7  25  79.9  501.1 441  395  577  182  341  636  295
10 1998 135.9  9.6  6.9  2.7  28  79.1  580.2 432  376  575  199  307  630  323
11 1999 146.7 10.8  6.9  3.9  36  95.9  676.1 475  410  590  180  336  645  309
12 2000 153.3  6.6  3.9  2.7  40  62.2  738.3 461  389  566  177  345  684  339
13 2001 157.2  3.9  3.0  0.9  23  38.0  776.3 433  401  541  140  349  556  207
14 2002 159.9  2.7  2.1  0.6  22  26.9  803.2 423  384  561  177  322  615  293
15 2003 164.1  4.2  2.7  1.5  35  42.8  846.0 493  429  607  178  355  712  357
16 2004 167.4  3.3  2.4  0.9  27  34.4  880.4 469  418  607  189  348  662  314
17 2005 170.7  3.3  2.7  0.6  18  35.1  915.4 436  393  629  236  352  701  349
18 2006 173.1  2.4  1.5  0.9  37  25.9  941.3 503  406  665  259  363  684  321
19 2007 175.8  2.7  1.5  1.2  44  29.6  970.9 489  414  583  169  367  718  351
20 2008 178.2  2.4  1.2  1.2  49  26.7  997.6 526  444  608  164  408  683  275
21 2009 180.6  2.4  1.2  1.2  50  27.1 1024.7 510  438  581  143  411  620  209
22 2010 182.1  1.5  0.9  0.6  40  17.1 1041.8 510  455  592  137  436  648  212
23 2011 183.0  0.9  0.3  0.6  66  10.3 1052.1 616  427  711  284  427  729  302
24 2012 184.2  1.2  0.9  0.3  24  13.8 1065.9 496  450  637  187  429  637  208
25 2013 185.1  0.9  0.6  0.3  33  10.4 1076.4 459  416  546  130  410  546  136
26 2014 186.0  0.9  0.3  0.6  66  10.5 1086.9 489  355  556  201  355  606  251
27 2015 187.5  1.5  0.9  0.6  40  17.6 1104.5 471  389  594  205  379  628  249
28 2016 189.3  1.8  1.2  0.6  33  21.3 1125.8 476  388  653  265  291  734  443

Core Length:  189.3 mm
Core Density: 451 kg/m3
Cross-sectional Density:  444 kg/m3
Early/Latewood Threshold: 500 kg/m3
Attenuation Constant: 3.19

ִִִִִִִִִִִִִִִִִִִִִִִִִִִִִִִִִִִִִִִִִִִִִִִִִִִִִִִִִִִִִִִִִִִִִִִִִִִִִִִ
Core : 4
ֲֲֲִִִִִִִִִִִִִִִִִִִִִִִִִִִִִִִִִִִִִִִִִִִִִִִִִִִִִִִִִִִִִִִִִִִִִִִִִִִִ
       ³Widths (mm)              ³ Areas    ³ Densities (kg/m3)
       ³                         ³ (cm‎)    ³
Ring   ³Outer Ring Erly Late   % ³Incr Total³Ring E/Wd L/Wd Unif  Min  Max  Rng
 # Year³ Rad.      Wood Wood  LW ³          ³mean mean mean
ֱֱֱִִִִִִִִִִִִִִִִִִִִִִִִִִִִִִִִִִִִִִִִִִִִִִִִִִִִִִִִִִִִִִִִִִִִִִִִִִִִ

 3 1991  15.5 15.5 10.2  0.3   1   7.5    7.5 374  369  548  179  316  548  232
 4 1992  31.4 15.9 15.6  0.3   1  23.4   31.0 367  365  504  139  284  504  220
 5 1993  45.2 13.8 10.8  3.0  21  33.2   64.2 402  362  548  186  323  584  261
 6 1994  59.9 14.7 10.8  3.9  26  48.5  112.7 413  367  542  175  301  579  278
 7 1995  67.1  7.2  5.7  1.5  20  28.7  141.4 433  389  598  209  315  665  350
 8 1996  74.3  7.2  4.2  3.0  41  32.0  173.4 456  384  555  171  313  642  329
 9 1997  81.5  7.2  4.5  2.7  37  35.2  208.7 468  394  593  199  337  654  317
10 1998  88.1  6.6  3.9  2.7  40  35.2  243.8 497  420  609  189  367  666  299
11 1999  94.4  6.3  3.6  2.7  42  36.1  280.0 475  380  602  222  307  667  360
12 2000 100.4  6.0  2.7  3.3  55  36.7  316.7 515  400  609  209  327  692  365
13 2001 103.4  3.0  1.8  1.2  40  19.2  335.9 474  379  616  237  325  648  323
14 2002 107.0  3.6  1.2  2.4  66  23.8  359.7 535  407  599  192  351  692  341
15 2003 111.2  4.2  1.2  3.0  71  28.8  388.5 558  418  614  196  382  690  308
16 2004 116.3  5.1  3.0  2.1  41  36.5  424.9 537  476  624  148  454  702  248
17 2005 119.6  3.3  2.1  1.2  36  24.5  449.4 514  436  652  216  366  687  321
18 2006 122.3  2.7  1.5  1.2  44  20.5  469.9 491  412  590  178  354  670  316
19 2007 124.1  1.8  0.6  1.2  66  13.9  483.8 536  404  602  198  398  680  282
20 2008 126.5  2.4  0.6  1.8  74  18.9  502.7 560  416  608  192  384  695  311
21 2009 129.5  3.0  1.2  1.8  60  24.1  526.9 549  424  632  208  381  678  297
22 2010 132.5  3.0  1.5  1.5  50  24.7  551.5 537  446  628  182  403  693  290
23 2011 134.3  1.8  0.6  1.2  66  15.1  566.6 576  451  639  188  432  708  276
24 2012 136.4  2.1  0.6  1.5  71  17.9  584.5 581  449  634  185  449  683  234
25 2013 138.8  2.4  1.2  1.2  50  20.7  605.2 540  450  631  181  430  665  235
26 2014 142.7  3.9  1.5  2.4  61  34.5  639.7 526  410  600  190  386  676  290
27 2015 147.2  4.5  2.1  2.4  53  41.0  680.7 550  477  613  136  453  685  232
28 2016 149.0  1.8  0.9  0.9  50  16.7  697.5 512  477  547   70  454  571  117

Core Length:  144.3 mm
Core Density: 499 kg/m3
Cross-sectional Density:  496 kg/m3
Early/Latewood Threshold: 500 kg/m3
Attenuation Constant: 3.19

ִִִִִִִִִִִִִִִִִִִִִִִִִִִִִִִִִִִִִִִִִִִִִִִִִִִִִִִִִִִִִִִִִִִִִִִִִִִִִִִ
Core : 6
ֲֲֲִִִִִִִִִִִִִִִִִִִִִִִִִִִִִִִִִִִִִִִִִִִִִִִִִִִִִִִִִִִִִִִִִִִִִִִִִִִִ
       ³Widths (mm)              ³ Areas    ³ Densities (kg/m3)
       ³                         ³ (cm‎)    ³
Ring   ³Outer Ring Erly Late   % ³Incr Total³Ring E/Wd L/Wd Unif  Min  Max  Rng
 # Year³ Rad.      Wood Wood  LW ³          ³mean mean mean
ֱֱֱִִִִִִִִִִִִִִִִִִִִִִִִִִִִִִִִִִִִִִִִִִִִִִִִִִִִִִִִִִִִִִִִִִִִִִִִִִִִ

 2 1990  16.0 16.0 14.7  0.3   1   8.0    8.0 334  331  505  174  265  505  240
 3 1991  34.3 18.3 17.4  0.9   4  28.9   37.0 378  372  508  136  289  518  229
 4 1992  52.9 18.6 17.7  0.9   4  51.0   87.9 429  425  513   88  343  519  176
 5 1993  70.9 18.0 15.3  2.7  15  70.0  157.9 403  376  559  183  292  607  315
 6 1994  82.9 12.0  8.7  3.3  27  58.0  215.9 476  444  558  114  400  615  215
 7 1995  94.3 11.4  9.3  2.1  18  63.5  279.4 452  428  559  131  366  656  290
 8 1996 103.6  9.3  8.4  0.9   9  57.8  337.2 442  430  552  122  383  597  214
 9 1997 110.5  6.9  4.5  2.4  34  46.4  383.6 480  438  558  120  380  615  235
10 1998 117.1  6.6  4.8  1.8  27  47.2  430.8 460  417  575  158  366  604  238
11 1999 124.6  7.5  4.8  2.7  36  56.9  487.7 489  449  560  111  405  664  259
12 2000 129.7  5.1  2.4  2.7  52  40.7  528.5 498  432  556  124  402  660  258
13 2001 134.8  5.1  2.7  2.4  47  42.4  570.9 520  466  580  114  423  677  254
14 2002 139.9  5.1  3.0  2.1  41  44.0  614.9 504  451  580  129  390  639  249
15 2003 146.2  6.3  3.0  3.3  52  56.6  671.5 538  470  599  129  369  689  320
16 2004 153.4  7.2  3.3  3.9  54  67.8  739.3 511  437  574  137  371  695  324
17 2005 159.4  6.0  2.7  3.3  55  59.0  798.2 528  474  573   99  457  707  250
18 2006 162.4  3.0  0.9  2.1  70  30.3  828.6 567  452  616  164  417  691  274
19 2007 166.3  3.9  2.1  1.8  46  40.3  868.8 520  457  595  138  417  689  272
20 2008 170.2  3.9  1.2  2.7  69  41.2  910.1 540  444  583  139  408  712  304
21 2009 173.5  3.3  1.5  1.8  54  35.6  945.7 529  448  597  149  412  683  271
22 2010 176.2  2.7  0.6  2.1  77  29.7  975.4 559  438  593  155  435  717  282
23 2011 179.2  3.0  0.6  2.4  80  33.5 1008.8 567  449  596  147  430  662  232
24 2012 182.8  3.6  1.2  2.4  66  40.9 1049.8 540  427  597  170  400  732  332
25 2013 187.6  4.8  2.7  2.1  43  55.9 1105.6 521  447  616  169  386  699  313
26 2014 193.3  5.7  2.1  3.6  63  68.2 1173.9 552  441  617  176  386  715  329
27 2015 199.0  5.7  3.6  2.1  36  70.2 1244.1 507  432  636  204  375  691  316
28 2016 205.6  6.6  3.0  3.6  54  83.9 1328.0 541  447  619  172  404  723  319

Core Length:  205.5 mm
Core Density: 495 kg/m3
Cross-sectional Density:  499 kg/m3
Early/Latewood Threshold: 500 kg/m3
Attenuation Constant: 3.19

ִִִִִִִִִִִִִִִִִִִִִִִִִִִִִִִִִִִִִִִִִִִִִִִִִִִִִִִִִִִִִִִִִִִִִִִִִִִִִִִ
Core : 8
ֲֲֲִִִִִִִִִִִִִִִִִִִִִִִִִִִִִִִִִִִִִִִִִִִִִִִִִִִִִִִִִִִִִִִִִִִִִִִִִִִִ
       ³Widths (mm)              ³ Areas    ³ Densities (kg/m3)
       ³                         ³ (cm‎)    ³
Ring   ³Outer Ring Erly Late   % ³Incr Total³Ring E/Wd L/Wd Unif  Min  Max  Rng
 # Year³ Rad.      Wood Wood  LW ³          ³mean mean mean
ֱֱֱִִִִִִִִִִִִִִִִִִִִִִִִִִִִִִִִִִִִִִִִִִִִִִִִִִִִִִִִִִִִִִִִִִִִִִִִִִִִ

 2 1990  11.1 11.1 11.1  0.0   0   3.9    3.9 332  332    0    0  283  409  126
 3 1991  30.0 18.9 18.9  0.0   0  24.4   28.3 339  339    0    0  281  425  144
 4 1992  44.7 14.7 14.7  0.0   0  34.5   62.8 343  343    0    0  281  461  180
 5 1993  64.8 20.1 19.2  0.9   4  69.1  131.9 357  349  522  173  262  539  277
 6 1994  76.8 12.0  9.6  2.4  20  53.4  185.3 428  394  566  172  320  608  288
 7 1995  84.6  7.8  6.6  1.2  15  39.6  224.8 398  364  579  215  307  637  330
 8 1996  90.6  6.0  4.2  1.8  30  33.0  257.9 422  361  565  204  299  610  311
 9 1997  97.2  6.6  3.9  2.7  40  38.9  296.8 465  394  569  175  297  624  327
10 1998 102.6  5.4  3.3  2.1  38  33.9  330.7 435  361  552  191  283  614  331
11 1999 109.2  6.6  4.2  2.4  36  43.9  374.6 449  374  581  207  311  668  357
12 2000 112.5  3.3  2.1  1.2  36  23.0  397.6 446  375  572  197  309  641  332
13 2001 116.1  3.6  2.1  1.5  41  25.9  423.5 479  380  617  237  287  677  390
14 2002 118.2  2.1  1.5  0.6  28  15.5  438.9 479  419  629  210  339  647  308
15 2003 122.4  4.2  2.4  1.8  42  31.7  470.7 479  378  615  237  344  698  354
16 2004 126.3  3.9  2.1  1.8  46  30.5  501.1 487  386  605  219  302  645  343
17 2005 130.2  3.9  1.8  2.1  53  31.4  532.6 505  375  616  241  336  703  367
18 2006 133.5  3.3  1.8  1.5  45  27.3  559.9 475  370  602  232  302  661  359
19 2007 136.8  3.3  2.7  0.6  18  28.0  587.9 422  378  621  243  293  652  359
20 2008 139.5  2.7  1.5  1.2  44  23.4  611.4 457  354  587  233  289  670  381
21 2009 142.8  3.3  1.5  1.8  54  29.3  640.6 484  353  594  241  309  697  388
22 2010 145.5  2.7  2.1  0.6  22  24.5  665.1 424  382  572  190  312  629  317
23 2011 147.3  1.8  0.9  0.9  49  16.6  681.6 476  384  568  184  313  625  312

Core Length:  147.3 mm
Core Density: 435 kg/m3
Cross-sectional Density:  432 kg/m3
Early/Latewood Threshold: 500 kg/m3
Attenuation Constant: 3.19

ִִִִִִִִִִִִִִִִִִִִִִִִִִִִִִִִִִִִִִִִִִִִִִִִִִִִִִִִִִִִִִִִִִִִִִִִִִִִִִִ
Core : 12
ֲֲֲִִִִִִִִִִִִִִִִִִִִִִִִִִִִִִִִִִִִִִִִִִִִִִִִִִִִִִִִִִִִִִִִִִִִִִִִִִִִ
       ³Widths (mm)              ³ Areas    ³ Densities (kg/m3)
       ³                         ³ (cm‎)    ³
Ring   ³Outer Ring Erly Late   % ³Incr Total³Ring E/Wd L/Wd Unif  Min  Max  Rng
 # Year³ Rad.      Wood Wood  LW ³          ³mean mean mean
ֱֱֱִִִִִִִִִִִִִִִִִִִִִִִִִִִִִִִִִִִִִִִִִִִִִִִִִִִִִִִִִִִִִִִִִִִִִִִִִִִִ

 2 1990  15.2 15.2 13.2  0.0   0   7.3    7.3 310  310    0    0  258  486  228
 3 1991  35.0 19.8 19.8  0.0   0  31.2   38.5 328  328    0    0  228  441  213
 4 1992  53.6 18.6 18.3  0.3   1  51.8   90.3 355  353  513  160  273  513  240
 5 1993  71.6 18.0 15.6  2.4  13  70.8  161.1 355  325  545  220  267  597  330
 6 1994  80.0  8.4  6.6  1.8  21  40.0  201.1 428  396  545  149  333  573  240
 7 1995  89.0  9.0  6.9  2.1  23  47.8  248.8 421  380  554  174  287  625  338
 8 1996  95.9  6.9  5.4  1.5  21  40.1  288.9 412  376  543  167  298  551  253
 9 1997 102.8  6.9  4.5  2.4  34  43.1  332.0 447  399  536  137  299  561  262
10 1998 108.8  6.0  4.8  1.2  20  39.9  371.9 403  370  533  163  284  552  268
11 1999 114.8  6.0  3.9  2.1  35  42.1  414.0 455  403  552  149  335  608  273
12 2000 118.7  3.9  2.4  1.5  38  28.6  442.6 442  362  570  208  311  638  327
13 2001 124.1  5.4  2.7  2.7  49  41.2  483.8 478  394  563  169  332  613  281
14 2002 129.2  5.1  2.7  2.4  47  40.6  524.4 471  405  544  139  339  573  234
15 2003 136.4  7.2  4.2  3.0  41  60.1  584.5 453  385  548  163  347  601  254
16 2004 140.6  4.2  2.1  2.1  50  36.5  621.0 491  406  577  171  323  627  304
17 2005 144.8  4.2  2.4  1.8  42  37.7  658.7 488  422  577  155  380  650  270
18 2006 147.5  2.7  1.2  1.5  55  24.8  683.5 483  359  583  224  328  625  297
19 2007 150.2  2.7  1.5  1.2  44  25.3  708.7 492  420  583  163  346  608  262
20 2008 153.2  3.0  1.2  1.8  60  28.6  737.3 496  396  562  166  349  616  267
21 2009 155.6  2.4  0.9  1.5  62  23.3  760.6 540  442  598  156  422  626  204
22 2010 157.7  2.1  0.9  1.2  57  20.7  781.3 526  410  614  204  379  687  308
23 2011 159.5  1.8  0.6  1.2  66  17.9  799.2 536  454  577  123  448  620  172
24 2012 160.4  0.9  0.3  0.6  66   9.0  808.3 513  437  551  114  437  558  121
25 2013 161.3  0.9  0.6  0.3  33   9.1  817.4 467  426  548  122  413  548  135
26 2014 163.1  1.8  0.6  1.2  66  18.3  835.7 534  421  591  170  406  647  241
27 2015 164.9  1.8  0.6  1.2  66  18.5  854.3 525  407  584  177  387  624  237
28 2016 166.7  1.8  0.9  0.9  49  18.8  873.0 477  398  557  159  270  594  324

Core Length:  164.7 mm
Core Density: 456 kg/m3
Cross-sectional Density:  444 kg/m3
Early/Latewood Threshold: 500 kg/m3
Attenuation Constant: 3.19

ִִִִִִִִִִִִִִִִִִִִִִִִִִִִִִִִִִִִִִִִִִִִִִִִִִִִִִִִִִִִִִִִִִִִִִִִִִִִִִִ
Core : 16
ֲֲֲִִִִִִִִִִִִִִִִִִִִִִִִִִִִִִִִִִִִִִִִִִִִִִִִִִִִִִִִִִִִִִִִִִִִִִִִִִִִ
       ³Widths (mm)              ³ Areas    ³ Densities (kg/m3)
       ³                         ³ (cm‎)    ³
Ring   ³Outer Ring Erly Late   % ³Incr Total³Ring E/Wd L/Wd Unif  Min  Max  Rng
 # Year³ Rad.      Wood Wood  LW ³          ³mean mean mean
ֱֱֱִִִִִִִִִִִִִִִִִִִִִִִִִִִִִִִִִִִִִִִִִִִִִִִִִִִִִִִִִִִִִִִִִִִִִִִִִִִִ

 1 1989   4.8  4.8  4.8  0.0   0   0.7    0.7 310  310    0    0  249  386  137
 2 1990  17.7 12.9 12.9  0.0   0   9.1    9.8 288  288    0    0  226  399  173
 3 1991  38.4 20.7 20.7  0.0   0  36.5   46.3 315  315    0    0  245  445  200
 4 1992  55.8 17.4 17.4  0.0   0  51.5   97.8 339  339    0    0  290  436  146
 5 1993  74.7 18.9 17.7  1.2   6  77.5  175.3 338  324  546  222  249  590  341
 6 1994  83.7  9.0  7.8  1.2  13  44.8  220.1 369  344  531  187  283  567  284
 7 1995  90.3  6.6  6.3  0.3   4  36.1  256.2 339  329  546  217  270  546  276
 8 1996  96.9  6.6  5.4  1.2  18  38.8  295.0 371  325  576  251  259  634  375
 9 1997 104.4  7.5  6.0  1.5  20  47.4  342.4 415  373  580  207  295  661  366
10 1998 111.3  6.9  5.7  1.2  17  46.8  389.2 385  350  552  202  275  601  326
11 1999 121.5 10.2  6.6  3.6  35  74.6  463.8 441  373  565  192  286  612  326
12 2000 129.9  8.4  4.5  3.9  46  66.3  530.1 460  383  550  167  305  596  291
13 2001 137.4  7.5  4.5  3.0  40  63.0  593.1 463  399  559  160  338  619  281
14 2002 142.8  5.4  3.0  2.4  44  47.5  640.6 488  386  615  229  320  656  336
15 2003 151.5  8.7  4.8  3.9  44  80.4  721.1 487  419  570  151  384  683  299
16 2004 157.8  6.3  3.3  3.0  47  61.2  782.3 492  407  586  179  343  632  289
17 2005 163.8  6.0  3.9  2.1  35  60.6  842.9 477  412  598  186  350  657  307
18 2006 169.2  5.4  1.8  3.6  66  56.5  899.4 513  405  567  162  361  637  276
19 2007 174.3  5.1  3.3  1.8  35  55.0  954.4 461  402  569  167  330  628  298
20 2008 178.2  3.9  1.8  2.1  53  43.2  997.6 497  396  585  189  361  657  296
21 2009 181.8  3.6  1.5  2.1  58  40.7 1038.3 507  399  584  185  362  646  284
22 2010 184.8  3.0  1.2  1.8  60  34.6 1072.9 510  405  580  175  387  635  248
23 2011 187.8  3.0  1.2  1.8  60  35.1 1108.0 499  410  557  147  379  610  231
24 2012 190.2  2.4  0.9  1.5  62  28.5 1136.5 511  428  561  133  400  605  205
25 2013 192.6  2.4  1.2  1.2  50  28.9 1165.4 504  415  594  179  377  670  293
26 2014 195.6  3.0  0.9  2.1  70  36.6 1202.0 539  454  576  122  408  621  213
27 2015 199.2  3.6  1.5  2.1  58  44.7 1246.6 480  384  550  166  337  597  260
28 2016 202.2  3.0  1.2  1.8  60  37.8 1284.4 486  420  530  110  370  557  187

Core Length:  202.2 mm
Core Density: 438 kg/m3
Cross-sectional Density:  446 kg/m3
Early/Latewood Threshold: 500 kg/m3
Attenuation Constant: 3.19

ִִִִִִִִִִִִִִִִִִִִִִִִִִִִִִִִִִִִִִִִִִִִִִִִִִִִִִִִִִִִִִִִִִִִִִִִִִִִִִִ
Core : 22
ֲֲֲִִִִִִִִִִִִִִִִִִִִִִִִִִִִִִִִִִִִִִִִִִִִִִִִִִִִִִִִִִִִִִִִִִִִִִִִִִִִ
       ³Widths (mm)              ³ Areas    ³ Densities (kg/m3)
       ³                         ³ (cm‎)    ³
Ring   ³Outer Ring Erly Late   % ³Incr Total³Ring E/Wd L/Wd Unif  Min  Max  Rng
 # Year³ Rad.      Wood Wood  LW ³          ³mean mean mean
ֱֱֱִִִִִִִִִִִִִִִִִִִִִִִִִִִִִִִִִִִִִִִִִִִִִִִִִִִִִִִִִִִִִִִִִִִִִִִִִִִִ

 2 1990  17.2 17.2 15.6  0.6   3   9.3    9.3 321  313  525  212  251  526  275
 3 1991  37.3 20.1 19.5  0.6   2  34.4   43.7 346  340  521  181  245  529  284
 4 1992  52.3 15.0 13.5  1.5  10  42.2   85.9 361  341  540  199  267  568  301
 5 1993  65.5 13.2 10.8  2.4  18  48.9  134.8 376  335  560  225  259  644  385
 6 1994  74.5  9.0  6.9  2.1  23  39.6  174.4 433  379  608  229  313  670  357
 7 1995  84.1  9.6  7.5  2.1  21  47.8  222.2 412  374  547  173  322  628  306
 8 1996  91.9  7.8  6.0  1.8  23  43.1  265.3 405  358  563  205  307  637  330
 9 1997 101.2  9.3  7.2  2.1  22  56.4  321.7 423  382  566  184  323  629  306
10 1998 109.6  8.4  7.2  1.2  14  55.6  377.4 396  365  583  218  317  661  344
11 1999 117.1  7.5  6.0  1.5  20  53.4  430.8 429  392  579  187  339  635  296
12 2000 122.2  5.1  3.9  1.2  23  38.3  469.1 412  373  540  167  337  651  314
13 2001 127.0  4.8  3.0  1.8  37  37.6  506.7 474  395  604  209  338  646  308
14 2002 131.5  4.5  3.6  0.9  20  36.5  543.3 435  388  624  236  345  674  329
15 2003 138.4  6.9  4.5  2.4  34  58.5  601.8 481  434  570  136  378  656  278
16 2004 142.3  3.9  3.0  0.9  23  34.4  636.2 445  396  610  214  336  707  371
17 2005 145.6  3.3  2.4  0.9  27  29.8  666.0 459  406  601  195  360  637  277
18 2006 148.9  3.3  2.1  1.2  36  30.5  696.5 480  419  586  167  356  643  287
19 2007 151.9  3.0  2.4  0.6  20  28.3  724.9 456  420  602  182  359  612  253
20 2008 155.2  3.3  2.1  1.2  36  31.8  756.7 493  433  598  165  367  688  321
21 2009 158.2  3.0  1.8  1.2  40  29.5  786.3 500  441  588  147  401  666  265
22 2010 160.6  2.4  1.5  0.9  37  24.0  810.3 464  402  569  167  365  622  257
23 2011 162.4  1.8  1.2  0.6  33  18.3  828.6 500  452  596  144  403  618  215
24 2012 163.9  1.5  0.9  0.6  40  15.4  843.9 490  421  594  173  399  633  234
25 2013 165.7  1.8  1.2  0.6  33  18.6  862.6 458  420  534  114  380  562  182
26 2014 166.9  1.2  0.3  0.9  75  12.5  875.1 535  433  570  137  433  602  169
27 2015 169.3  2.4  0.9  1.5  62  25.3  900.5 512  419  568  149  388  614  226
28 2016 172.9  3.6  2.1  1.5  41  38.7  939.2 488  419  586  167  383  661  278

Core Length:  172.2 mm
Core Density: 443 kg/m3
Cross-sectional Density:  437 kg/m3
Early/Latewood Threshold: 500 kg/m3
Attenuation Constant: 3.19

ִִִִִִִִִִִִִִִִִִִִִִִִִִִִִִִִִִִִִִִִִִִִִִִִִִִִִִִִִִִִִִִִִִִִִִִִִִִִִִִ
Core : 25
ֲֲֲִִִִִִִִִִִִִִִִִִִִִִִִִִִִִִִִִִִִִִִִִִִִִִִִִִִִִִִִִִִִִִִִִִִִִִִִִִִִ
       ³Widths (mm)              ³ Areas    ³ Densities (kg/m3)
       ³                         ³ (cm‎)    ³
Ring   ³Outer Ring Erly Late   % ³Incr Total³Ring E/Wd L/Wd Unif  Min  Max  Rng
 # Year³ Rad.      Wood Wood  LW ³          ³mean mean mean
ֱֱֱִִִִִִִִִִִִִִִִִִִִִִִִִִִִִִִִִִִִִִִִִִִִִִִִִִִִִִִִִִִִִִִִִִִִִִִִִִִִ

 2 1990  15.1 15.1 11.1  0.0   0   7.2    7.2 318  318    0    0  288  398  110
 3 1991  33.4 18.3 18.3  0.0   0  27.9   35.0 326  326    0    0  259  450  191
 4 1992  46.6 13.2 12.6  0.6   4  33.2   68.2 357  349  513  164  274  514  240
 5 1993  62.5 15.9 13.2  2.7  16  54.5  122.7 382  348  551  203  267  605  338
 6 1994  69.7  7.2  5.7  1.5  20  29.9  152.6 435  385  627  242  338  686  348
 7 1995  76.6  6.9  5.4  1.5  21  31.7  184.3 419  378  567  189  318  649  331
 8 1996  83.8  7.2  5.4  1.8  25  36.3  220.6 443  398  576  178  343  659  316
 9 1997  89.8  6.0  3.3  2.7  45  32.7  253.3 485  404  584  180  351  668  317
10 1998  95.2  5.4  3.3  2.1  38  31.4  284.7 450  380  560  180  317  616  299
11 1999  99.4  4.2  2.1  2.1  50  25.7  310.4 512  436  587  151  388  706  318
12 2000 102.1  2.7  1.2  1.5  55  17.1  327.5 563  450  653  203  392  698  306
13 2001 104.2  2.1  0.6  1.5  71  13.6  341.1 560  446  606  160  445  711  266
14 2002 105.4  1.2  0.0  1.2 100   7.9  349.0 635    0  635  635  531  743  212
15 2003 107.5  2.1  0.3  1.8  85  14.0  363.1 597  448  622  174  448  678  230
16 2004 109.3  1.8  0.3  1.5  83  12.3  375.3 585  464  609  145  464  730  266
17 2005 110.5  1.2  0.0  1.2  99   8.3  383.6 569    0  569  569  513  650  137
18 2006 111.4  0.9  0.0  0.9 100   6.3  389.9 556    0  556  556  500  667  167
19 2007 112.0  0.6  0.0  0.6  99   4.2  394.1 555    0  555  555  512  598   86
20 2008 112.3  0.3  0.0  0.3 100   2.1  396.2 535    0  535  535  535  535    0
21 2009 112.6  0.3  0.0  0.3  99   2.1  398.3 538    0  538  538  538  538    0
22 2010 112.9  0.3  0.3  0.0   0   2.1  400.4 495  495    0    0  495  495    0
23 2011 113.2  0.3  0.0  0.3  99   2.1  402.6 526    0  526  526  526  526    0
24 2012 113.5  0.3  0.3  0.0   0   2.1  404.7 489  489    0    0  489  489    0
25 2013 113.8  0.3  0.3  0.0   0   2.1  406.9 494  494    0    0  494  494    0
26 2014 114.1  0.3  0.0  0.3  99   2.1  409.0 519    0  519  519  519  519    0
27 2015 114.4  0.3  0.0  0.3 100   2.2  411.2 530    0  530  530  530  530    0
28 2016 114.7  0.3  0.0  0.3  99   2.2  413.3 503    0  503  503  503  503    0

Core Length:  110.7 mm
Core Density: 495 kg/m3
Cross-sectional Density:  454 kg/m3
Early/Latewood Threshold: 500 kg/m3
Attenuation Constant: 3.19

ִִִִִִִִִִִִִִִִִִִִִִִִִִִִִִִִִִִִִִִִִִִִִִִִִִִִִִִִִִִִִִִִִִִִִִִִִִִִִִִ
Core : 26
ֲֲֲִִִִִִִִִִִִִִִִִִִִִִִִִִִִִִִִִִִִִִִִִִִִִִִִִִִִִִִִִִִִִִִִִִִִִִִִִִִִ
       ³Widths (mm)              ³ Areas    ³ Densities (kg/m3)
       ³                         ³ (cm‎)    ³
Ring   ³Outer Ring Erly Late   % ³Incr Total³Ring E/Wd L/Wd Unif  Min  Max  Rng
 # Year³ Rad.      Wood Wood  LW ³          ³mean mean mean
ֱֱֱִִִִִִִִִִִִִִִִִִִִִִִִִִִִִִִִִִִִִִִִִִִִִִִִִִִִִִִִִִִִִִִִִִִִִִִִִִִִ

 2 1990  16.0 16.0 11.4  0.6   3   8.0    8.0 385  378  509  131  325  511  186
 3 1991  34.6 18.6 16.5  2.1  11  29.6   37.6 396  379  532  153  305  551  246
 4 1992  51.4 16.8 14.7  2.1  12  45.4   83.0 401  384  516  132  315  562  247
 5 1993  67.9 16.5 13.8  2.7  16  61.8  144.8 406  370  589  219  301  639  338
 6 1994  76.3  8.4  4.8  3.6  42  38.1  182.9 496  409  612  203  351  671  320
 7 1995  83.8  7.5  5.1  2.4  32  37.7  220.6 470  431  552  121  356  631  275
 8 1996  91.6  7.8  5.1  2.7  34  43.0  263.6 444  379  566  187  305  617  312
 9 1997 100.0  8.4  4.5  3.9  46  50.6  314.2 501  423  592  169  365  657  292
10 1998 106.9  6.9  3.6  3.3  47  44.8  359.0 470  350  600  250  273  651  378
11 1999 112.6  5.7  2.7  3.0  52  39.3  398.3 534  440  619  179  383  687  304
12 2000 116.5  3.9  1.8  2.1  53  28.1  426.4 485  346  604  258  304  685  381
13 2001 120.4  3.9  1.8  2.1  53  29.0  455.4 518  409  613  204  347  681  334
14 2002 123.1  2.7  0.9  1.8  66  20.7  476.1 533  416  592  176  371  666  295
15 2003 126.7  3.6  1.2  2.4  66  28.3  504.3 552  452  602  150  373  696  323
16 2004 129.1  2.4  0.6  1.8  74  19.3  523.6 557  407  607  200  402  720  318
17 2005 132.1  3.0  0.9  2.1  70  24.6  548.2 593  459  650  191  422  745  323
18 2006 134.8  2.7  1.2  1.5  55  22.6  570.9 537  420  631  211  344  708  364
19 2007 138.1  3.3  1.2  2.1  63  28.3  599.2 549  437  613  176  403  719  316
20 2008 141.4  3.3  0.9  2.4  72  29.0  628.1 584  417  647  230  380  731  351
21 2009 145.0  3.6  0.6  3.0  83  32.4  660.5 583  413  617  204  408  710  302
22 2010 147.4  2.4  0.9  1.5  62  22.0  682.6 549  442  613  171  400  676  276
23 2011 149.8  2.4  0.3  2.1  87  22.4  705.0 576  446  594  148  446  655  209
24 2012 152.2  2.4  0.9  1.5  62  22.8  727.7 558  455  619  164  429  694  265
25 2013 154.3  2.1  0.6  1.5  71  20.2  748.0 576  455  624  169  426  696  270
26 2014 157.0  2.7  0.3  2.4  88  26.4  774.4 607  441  628  187  441  733  292
27 2015 158.8  1.8  0.6  1.2  66  17.9  792.2 550  495  578   83  493  662  169
28 2016 160.0  1.2  0.3  0.9  75  12.0  804.2 567  422  616  194  422  642  220

Core Length:  156.0 mm
Core Density: 517 kg/m3
Cross-sectional Density:  506 kg/m3
Early/Latewood Threshold: 500 kg/m3
Attenuation Constant: 3.19

ִִִִִִִִִִִִִִִִִִִִִִִִִִִִִִִִִִִִִִִִִִִִִִִִִִִִִִִִִִִִִִִִִִִִִִִִִִִִִִִ
Core : 35
ֲֲֲִִִִִִִִִִִִִִִִִִִִִִִִִִִִִִִִִִִִִִִִִִִִִִִִִִִִִִִִִִִִִִִִִִִִִִִִִִִִ
       ³Widths (mm)              ³ Areas    ³ Densities (kg/m3)
       ³                         ³ (cm‎)    ³
Ring   ³Outer Ring Erly Late   % ³Incr Total³Ring E/Wd L/Wd Unif  Min  Max  Rng
 # Year³ Rad.      Wood Wood  LW ³          ³mean mean mean
ֱֱֱִִִִִִִִִִִִִִִִִִִִִִִִִִִִִִִִִִִִִִִִִִִִִִִִִִִִִִִִִִִִִִִִִִִִִִִִִִִִ

 4 1992  13.5 13.5 10.5  3.0  22   5.7    5.7 431  402  532  130  347  575  228
 5 1993  24.3 10.8  9.0  1.8  16  12.8   18.6 426  399  565  166  323  632  309
 6 1994  32.1  7.8  5.1  2.7  34  13.8   32.4 486  427  597  170  364  670  306
 7 1995  39.0  6.9  3.6  3.3  47  15.4   47.8 473  400  553  153  347  606  259
 8 1996  45.9  6.9  3.9  3.0  43  18.4   66.2 478  410  566  156  334  622  288
 9 1997  52.8  6.9  3.0  3.9  56  21.4   87.6 507  413  580  167  322  661  339
10 1998  58.2  5.4  3.3  2.1  38  18.8  106.4 464  395  572  177  308  634  326
11 1999  64.2  6.0  2.4  3.6  59  23.1  129.5 522  423  588  165  362  703  341
12 2000  68.4  4.2  2.4  1.8  42  17.5  147.0 513  407  654  247  343  723  380
13 2001  71.7  3.3  1.2  2.1  63  14.5  161.5 554  404  640  236  367  697  330
14 2002  75.6  3.9  1.2  2.7  69  18.0  179.6 572  428  636  208  379  734  355
15 2003  80.7  5.1  2.7  2.4  47  25.0  204.6 539  465  622  157  372  693  321
16 2004  83.4  2.7  0.9  1.8  66  13.9  218.5 558  424  625  201  395  709  314
17 2005  86.1  2.7  0.9  1.8  66  14.4  232.9 579  432  653  221  395  734  339
18 2006  89.1  3.0  0.6  2.4  80  16.5  249.4 588  402  635  233  399  718  319
19 2007  91.8  2.7  0.6  2.1  77  15.3  264.7 579  393  633  240  380  733  353
20 2008  94.2  2.4  0.9  1.5  62  14.0  278.8 581  451  659  208  399  694  295
21 2009  96.6  2.4  0.9  1.5  62  14.4  293.2 553  428  629  201  380  690  310
22 2010  97.8  1.2  0.3  0.9  75   7.3  300.5 632  467  687  220  467  719  252
23 2011 100.2  2.4  0.3  2.1  87  14.9  315.4 583  391  610  219  391  645  254
24 2012 102.3  2.1  0.6  1.5  71  13.4  328.8 578  443  632  189  405  683  278
25 2013 105.0  2.7  0.9  1.8  66  17.6  346.4 558  427  624  197  383  698  315
26 2014 107.7  2.7  0.6  2.1  77  18.0  364.4 604  425  655  230  389  761  372
27 2015 110.7  3.0  0.9  2.1  70  20.6  385.0 577  404  652  248  378  711  333
28 2016 113.1  2.4  0.6  1.8  74  16.9  401.9 561  390  618  228  335  669  334

Core Length:  113.1 mm
Core Density: 539 kg/m3
Cross-sectional Density:  540 kg/m3
Early/Latewood Threshold: 500 kg/m3
Attenuation Constant: 3.19

ִִִִִִִִִִִִִִִִִִִִִִִִִִִִִִִִִִִִִִִִִִִִִִִִִִִִִִִִִִִִִִִִִִִִִִִִִִִִִִִ
Core : 40
ֲֲֲִִִִִִִִִִִִִִִִִִִִִִִִִִִִִִִִִִִִִִִִִִִִִִִִִִִִִִִִִִִִִִִִִִִִִִִִִִִִ
       ³Widths (mm)              ³ Areas    ³ Densities (kg/m3)
       ³                         ³ (cm‎)    ³
Ring   ³Outer Ring Erly Late   % ³Incr Total³Ring E/Wd L/Wd Unif  Min  Max  Rng
 # Year³ Rad.      Wood Wood  LW ³          ³mean mean mean
ֱֱֱִִִִִִִִִִִִִִִִִִִִִִִִִִִִִִִִִִִִִִִִִִִִִִִִִִִִִִִִִִִִִִִִִִִִִִִִִִִִ

 2 1990  19.0 19.0 15.0  0.0   0  11.3   11.3 311  311    0    0  200  389  189
 3 1991  41.2 22.2 22.2  0.0   0  42.0   53.3 334  334    0    0  267  429  162
 4 1992  62.2 21.0 20.4  0.6   2  68.2  121.5 374  370  507  137  283  508  225
 5 1993  82.9 20.7 18.0  2.7  13  94.4  215.9 397  377  532  155  317  556  239
 6 1994  94.9 12.0  8.7  3.3  27  67.0  282.9 460  419  571  152  345  620  275
 7 1995 104.2  9.3  6.9  2.4  25  58.2  341.1 443  403  559  156  323  642  319
 8 1996 115.0 10.8  6.9  3.9  36  74.4  415.5 463  402  572  170  324  633  309
 9 1997 126.7 11.7  6.3  5.4  46  88.8  504.3 499  445  563  118  385  621  236
10 1998 134.2  7.5  4.5  3.0  39  61.5  565.8 469  394  582  188  339  643  304
11 1999 141.1  6.9  3.0  3.9  56  59.7  625.5 529  446  593  147  389  683  294
12 2000 145.3  4.2  2.1  2.1  50  37.8  663.3 518  403  634  231  358  714  356
13 2001 149.8  4.5  1.2  3.3  73  41.7  705.0 567  419  621  202  383  724  341
14 2002 153.7  3.9  2.1  1.8  46  37.2  742.2 516  429  616  187  359  661  302
15 2003 158.8  5.1  1.5  3.6  70  50.1  792.2 561  430  615  185  360  685  325
16 2004 162.7  3.9  1.5  2.4  61  39.4  831.6 526  413  597  184  374  687  313
17 2005 166.0  3.3  1.2  2.1  63  34.1  865.7 553  409  635  226  387  731  344
18 2006 168.7  2.7  0.9  1.8  66  28.4  894.1 568  403  650  247  381  754  373
19 2007 171.4  2.7  0.9  1.8  66  28.8  922.9 561  419  633  214  405  739  334
20 2008 173.8  2.4  0.9  1.5  62  26.0  949.0 547  433  616  183  402  694  292
21 2009 176.2  2.4  0.9  1.5  62  26.4  975.4 593  437  687  250  398  771  373
22 2010 178.0  1.8  0.9  0.9  50  20.0  995.4 584  465  702  237  442  770  328
23 2011 179.5  1.5  0.6  0.9  60  16.8 1012.2 562  438  645  207  430  738  308
24 2012 180.4  0.9  0.3  0.6  66  10.2 1022.4 586  447  655  208  447  725  278
25 2013 181.3  0.9  0.3  0.6  66  10.2 1032.6 577  477  628  151  477  707  230
26 2014 181.6  0.3  0.0  0.3  99   3.4 1036.1 666    0  666  666  666  666    0
27 2015 181.9  0.3  0.0  0.3  99   3.4 1039.5 524    0  524  524  524  524    0
28 2016 182.5  0.6  0.3  0.3  50   6.9 1046.3 420  309  531  222  309  531  222

Core Length:  178.5 mm
Core Density: 507 kg/m3
Cross-sectional Density:  486 kg/m3
Early/Latewood Threshold: 500 kg/m3
Attenuation Constant: 3.19

ִִִִִִִִִִִִִִִִִִִִִִִִִִִִִִִִִִִִִִִִִִִִִִִִִִִִִִִִִִִִִִִִִִִִִִִִִִִִִִִ
Core : 45
ֲֲֲִִִִִִִִִִִִִִִִִִִִִִִִִִִִִִִִִִִִִִִִִִִִִִִִִִִִִִִִִִִִִִִִִִִִִִִִִִִִ
       ³Widths (mm)              ³ Areas    ³ Densities (kg/m3)
       ³                         ³ (cm‎)    ³
Ring   ³Outer Ring Erly Late   % ³Incr Total³Ring E/Wd L/Wd Unif  Min  Max  Rng
 # Year³ Rad.      Wood Wood  LW ³          ³mean mean mean
ֱֱֱִִִִִִִִִִִִִִִִִִִִִִִִִִִִִִִִִִִִִִִִִִִִִִִִִִִִִִִִִִִִִִִִִִִִִִִִִִִִ

 1 1989   4.2  4.2  4.2  0.0   0   0.6    0.6 319  319    0    0  261  385  124
 2 1990  15.3 11.1 11.1  0.0   0   6.8    7.4 326  326    0    0  273  476  203
 3 1991  32.1 16.8 16.8  0.0   0  25.0   32.4 352  352    0    0  245  445  200
 4 1992  50.1 18.0 15.9  2.1  11  46.5   78.9 379  361  513  152  282  532  250
 5 1993  66.3 16.2 12.9  3.3  20  59.2  138.1 391  348  562  214  286  632  346
 6 1994  73.8  7.5  5.4  2.1  28  33.0  171.1 456  405  586  181  337  643  306
 7 1995  81.3  7.5  6.3  1.2  16  36.5  207.6 404  377  544  167  287  605  318
 8 1996  86.7  5.4  3.3  2.1  38  28.5  236.2 439  377  536  159  314  594  280
 9 1997  92.4  5.7  3.0  2.7  47  32.1  268.2 467  387  555  168  302  598  296
10 1998  97.2  4.8  3.0  1.8  37  28.6  296.8 441  372  558  186  313  586  273
11 1999 101.1  3.9  1.8  2.1  53  24.3  321.1 487  415  548  133  359  613  254
12 2000 104.1  3.0  1.5  1.5  50  19.3  340.4 483  375  590  215  358  652  294
13 2001 107.7  3.6  1.2  2.4  66  24.0  364.4 515  387  578  191  350  602  252
14 2002 110.1  2.4  1.2  1.2  49  16.4  380.8 492  411  572  161  344  628  284
15 2003 113.4  3.3  1.5  1.8  54  23.2  404.0 511  415  591  176  379  642  263
16 2004 116.1  2.7  1.5  1.2  44  19.5  423.5 494  428  576  148  382  660  278
17 2005 118.5  2.4  0.9  1.5  62  17.7  441.2 511  390  584  194  346  677  331
18 2006 120.9  2.4  1.2  1.2  50  18.1  459.2 514  426  602  176  330  660  330
19 2007 123.0  2.1  0.9  1.2  57  16.1  475.3 501  395  580  185  356  596  240
20 2008 124.5  1.5  0.9  0.6  40  11.7  487.0 494  435  583  148  395  592  197
21 2009 126.0  1.5  0.6  0.9  60  11.8  498.8 514  409  584  175  408  628  220
22 2010 127.8  1.8  0.9  0.9  50  14.4  513.1 511  422  600  178  376  617  241
23 2011 129.3  1.5  0.6  0.9  60  12.1  525.2 534  449  591  142  435  631  196
24 2012 131.1  1.8  0.3  1.5  83  14.7  540.0 570  448  594  146  448  642  194
25 2013 132.6  1.5  0.6  0.9  60  12.4  552.4 526  439  585  146  419  627  208
26 2014 133.5  0.9  0.3  0.6  66   7.5  559.9 551  436  609  173  436  649  213
27 2015 135.0  1.5  0.6  0.9  60  12.7  572.6 530  420  603  183  412  685  273
28 2016 136.2  1.2  0.6  0.6  49  10.2  582.8 494  397  592  195  305  632  327

Core Length:  136.2 mm
Core Density: 471 kg/m3
Cross-sectional Density:  459 kg/m3
Early/Latewood Threshold: 500 kg/m3
Attenuation Constant: 3.19

