File : C:\DENSITOM\WOODHI~1\WHILL1.DAT
Cores :
4
8
34
48
56
74
78
80
87
90
92

ִִִִִִִִִִִִִִִִִִִִִִִִִִִִִִִִִִִִִִִִִִִִִִִִִִִִִִִִִִִִִִִִִִִִִִִִִִִִִִִ
Core : 4
ֲֲֲִִִִִִִִִִִִִִִִִִִִִִִִִִִִִִִִִִִִִִִִִִִִִִִִִִִִִִִִִִִִִִִִִִִִִִִִִִִִ
       ³Widths (mm)              ³ Areas    ³ Densities (kg/m3)
       ³                         ³ (cm‎)    ³
Ring   ³Outer Ring Erly Late   % ³Incr Total³Ring E/Wd L/Wd Unif  Min  Max  Rng
 # Year³ Rad.      Wood Wood  LW ³          ³mean mean mean
ֱֱֱִִִִִִִִִִִִִִִִִִִִִִִִִִִִִִִִִִִִִִִִִִִִִִִִִִִִִִִִִִִִִִִִִִִִִִִִִִִִ

 1 1990  14.4 14.4 14.4  0.0   0   6.5    6.5 336  336    0    0  269  410  141
 2 1991  37.2 22.8 22.8  0.0   0  37.0   43.5 343  343    0    0  267  418  151
 3 1992  57.6 20.4 20.1  0.3   1  60.8  104.2 399  398  503  105  300  503  203
 4 1993  71.4 13.8 12.3  1.5  10  55.9  160.2 390  372  536  164  319  566  247
 5 1994  86.4 15.0  7.2  7.8  52  74.4  234.5 464  390  532  142  324  585  261
 6 1995 108.0 21.6 17.7  3.9  18 131.9  366.4 439  415  550  135  322  610  288
 7 1996 129.0 21.0 20.1  0.9   4 156.4  522.8 399  394  510  116  262  514  252
 8 1997 146.7 17.7 10.2  7.5  42 153.3  676.1 470  413  547  134  306  586  280
 9 1998 159.6 12.9  7.8  5.1  39 124.1  800.2 447  376  558  182  299  594  295
10 1999 173.7 14.1  7.5  6.6  46 147.6  947.9 475  378  585  207  306  626  320
11 2000 182.1  8.4  4.5  3.9  46  93.9 1041.8 476  353  616  263  288  684  396
12 2001 191.1  9.0  5.4  3.6  40 105.5 1147.3 457  377  576  199  323  643  320
13 2002 197.4  6.3  3.9  2.4  38  76.9 1224.2 450  359  597  238  300  638  338
14 2003 204.6  7.2  4.5  2.7  37  90.9 1315.1 438  351  582  231  309  647  338
15 2004 210.9  6.3  4.2  2.1  33  82.2 1397.3 465  389  619  230  309  648  339
16 2005 216.3  5.4  3.6  1.8  33  72.5 1469.8 454  374  615  241  300  695  395
17 2006 221.1  4.8  2.4  2.4  49  66.0 1535.8 494  372  616  244  301  664  363
18 2007 225.9  4.8  3.3  1.5  31  67.4 1603.2 474  402  633  231  332  689  357
19 2008 230.1  4.2  2.4  1.8  42  60.2 1663.3 488  387  623  236  324  729  405
20 2009 234.0  3.9  2.1  1.8  46  56.9 1720.2 477  368  603  235  315  655  340
21 2010 236.7  2.7  2.1  0.6  22  39.9 1760.1 440  389  620  231  328  646  318
22 2011 240.0  3.3  1.8  1.5  45  49.4 1809.6 470  370  590  220  312  636  324
23 2012 243.0  3.0  1.8  1.2  40  45.5 1855.1 449  369  569  200  324  656  332
24 2013 245.7  2.7  1.8  0.9  33  41.5 1896.5 460  381  618  237  326  676  350
25 2014 246.9  1.2  0.9  0.3  25  18.6 1915.1 458  415  587  172  381  587  206
26 2015 249.6  2.7  1.2  1.5  55  42.1 1957.2 534  423  623  200  391  698  307
27 2016 252.3  2.7  1.2  1.5  55  42.6 1999.8 505  379  607  228  331  675  344

Core Length:  252.6 mm
Core Density: 450 kg/m3
Cross-sectional Density:  452 kg/m3
Early/Latewood Threshold: 500 kg/m3
Attenuation Constant: 3.19

ִִִִִִִִִִִִִִִִִִִִִִִִִִִִִִִִִִִִִִִִִִִִִִִִִִִִִִִִִִִִִִִִִִִִִִִִִִִִִִִ
Core : 8
ֲֲֲִִִִִִִִִִִִִִִִִִִִִִִִִִִִִִִִִִִִִִִִִִִִִִִִִִִִִִִִִִִִִִִִִִִִִִִִִִִִ
       ³Widths (mm)              ³ Areas    ³ Densities (kg/m3)
       ³                         ³ (cm‎)    ³
Ring   ³Outer Ring Erly Late   % ³Incr Total³Ring E/Wd L/Wd Unif  Min  Max  Rng
 # Year³ Rad.      Wood Wood  LW ³          ³mean mean mean
ֱֱֱִִִִִִִִִִִִִִִִִִִִִִִִִִִִִִִִִִִִִִִִִִִִִִִִִִִִִִִִִִִִִִִִִִִִִִִִִִִִ

 1 1989   7.2  7.2  6.9  0.3   4   1.6    1.6 374  368  500  132  263  500  237
 2 1990  13.5  6.3  6.3  0.0   0   4.1    5.7 389  389    0    0  275  478  203
 3 1991  31.5 18.0 18.0  0.0   0  25.4   31.2 374  374    0    0  287  435  148
 4 1992  52.2 20.7 20.4  0.3   1  54.4   85.6 374  373  503  130  308  503  195
 5 1993  71.7 19.5 16.8  2.7  13  75.9  161.5 376  349  548  199  278  586  308
 6 1994  87.9 16.2 10.5  5.7  35  81.2  242.7 465  422  543  121  346  606  260
 7 1995 106.8 18.9 15.6  3.3  17 115.6  358.3 440  410  578  168  327  600  273
 8 1996 127.5 20.7 16.8  3.9  18 152.4  510.7 438  411  553  142  347  605  258
 9 1997 146.4 18.9 12.0  6.9  36 162.6  673.3 468  417  556  139  345  637  292
10 1998 162.9 16.5 12.0  4.5  27 160.3  833.7 439  400  542  142  309  585  276
11 1999 179.7 16.8 10.5  6.3  37 180.8 1014.5 475  431  550  119  354  599  245
12 2000 186.6  6.9  5.1  1.8  26  79.4 1093.9 436  395  552  157  301  598  297
13 2001 192.6  6.0  5.4  0.6  10  71.5 1165.4 386  367  558  191  289  583  294
14 2002 196.8  4.2  3.3  0.9  21  51.4 1216.7 385  344  537  193  283  591  308
15 2003 202.8  6.0  5.1  0.9  15  75.3 1292.1 368  337  538  201  280  575  295
16 2004 207.0  4.2  3.3  0.9  21  54.1 1346.1 403  359  566  207  281  652  371
17 2005 212.1  5.1  3.9  1.2  23  67.1 1413.3 412  354  600  246  268  688  420
18 2006 218.7  6.6  3.3  3.3  49  89.3 1502.6 476  374  577  203  288  645  357
19 2007 224.1  5.4  4.2  1.2  22  75.1 1577.7 423  377  582  205  310  633  323
20 2008 229.2  5.1  2.7  2.4  47  72.6 1650.4 474  356  607  251  302  679  377
21 2009 234.3  5.1  3.0  2.1  41  74.3 1724.6 473  393  587  194  322  664  342
22 2010 238.8  4.5  2.4  2.1  46  66.9 1791.5 486  391  594  203  328  712  384
23 2011 242.7  3.9  2.1  1.8  46  59.0 1850.5 483  396  586  190  329  643  314
24 2012 247.2  4.5  2.4  2.1  46  69.3 1919.8 492  396  601  205  332  679  347
25 2013 251.1  3.9  2.4  1.5  38  61.1 1980.8 481  412  592  180  357  651  294
26 2014 253.8  2.7  0.9  1.8  66  42.8 2023.6 527  378  601  223  353  685  332
27 2015 257.4  3.6  1.5  2.1  58  57.8 2081.5 527  388  627  239  347  683  336
28 2016 260.7  3.3  1.8  1.5  45  53.7 2135.2 488  398  596  198  334  654  320

Core Length:  261.3 mm
Core Density: 440 kg/m3
Cross-sectional Density:  447 kg/m3
Early/Latewood Threshold: 500 kg/m3
Attenuation Constant: 3.19

ִִִִִִִִִִִִִִִִִִִִִִִִִִִִִִִִִִִִִִִִִִִִִִִִִִִִִִִִִִִִִִִִִִִִִִִִִִִִִִִ
Core : 34
ֲֲֲִִִִִִִִִִִִִִִִִִִִִִִִִִִִִִִִִִִִִִִִִִִִִִִִִִִִִִִִִִִִִִִִִִִִִִִִִִִִ
       ³Widths (mm)              ³ Areas    ³ Densities (kg/m3)
       ³                         ³ (cm‎)    ³
Ring   ³Outer Ring Erly Late   % ³Incr Total³Ring E/Wd L/Wd Unif  Min  Max  Rng
 # Year³ Rad.      Wood Wood  LW ³          ³mean mean mean
ֱֱֱִִִִִִִִִִִִִִִִִִִִִִִִִִִִִִִִִִִִִִִִִִִִִִִִִִִִִִִִִִִִִִִִִִִִִִִִִִִִ

 1 1990   9.9  9.9  9.9  0.0   0   3.1    3.1 348  348    0    0  219  415  196
 2 1991  26.4 16.5 15.9  0.6   3  18.8   21.9 363  358  506  148  262  511  249
 3 1992  45.6 19.2 15.6  3.6  18  43.4   65.3 425  399  536  137  308  571  263
 4 1993  65.4 19.8 18.6  1.2   6  69.0  134.4 424  417  530  113  314  556  242
 5 1994  81.6 16.2 11.4  4.8  29  74.8  209.2 444  400  549  149  320  595  275
 6 1995 101.1 19.5 16.5  3.0  15 111.9  321.1 424  402  546  144  315  575  260
 7 1996 123.0 21.9 18.3  3.6  16 154.2  475.3 435  414  542  128  332  579  247
 8 1997 142.8 19.8 13.8  6.0  30 165.3  640.6 472  437  555  118  362  613  251
 9 1998 158.4 15.6 10.2  5.4  34 147.6  788.2 459  419  534  115  366  568  202
10 1999 172.5 14.1  8.4  5.7  40 146.6  934.8 470  436  519   83  353  559  206
11 2000 182.4  9.9  8.7  1.2  12 110.4 1045.2 421  404  551  147  325  570  245
12 2001 191.7  9.3  7.2  2.1  22 109.3 1154.5 442  416  530  114  318  564  246
13 2002 200.7  9.0  7.5  1.5  16 110.9 1265.4 403  380  517  137  305  531  226
14 2003 209.1  8.4  6.3  2.1  25 108.1 1373.6 425  395  515  120  325  528  203
15 2004 215.7  6.6  4.2  2.4  36  88.1 1461.7 452  395  552  157  313  586  273
16 2005 222.6  6.9  4.8  2.1  30  95.0 1556.7 432  369  575  206  313  629  316
17 2006 231.6  9.0  5.1  3.9  43 128.4 1685.1 479  417  560  143  312  607  295
18 2007 242.7 11.1  7.2  3.9  35 165.4 1850.5 443  384  553  169  320  598  278
19 2008 250.5  7.8  4.5  3.3  42 120.9 1971.4 475  379  606  227  317  688  371
20 2009 258.0  7.5  4.2  3.3  44 119.8 2091.2 480  397  586  189  327  630  303
21 2010 264.0  6.0  3.6  2.4  40  98.4 2189.6 479  403  594  191  319  696  377
22 2011 268.8  4.8  2.1  2.7  56  80.3 2269.9 500  393  583  190  318  633  315
23 2012 274.2  5.4  3.3  2.1  38  92.1 2362.0 480  387  626  239  310  693  383
24 2013 279.0  4.8  2.7  2.1  43  83.4 2445.4 480  391  595  204  336  672  336
25 2014 281.7  2.7  1.5  1.2  44  47.6 2493.0 510  404  643  239  352  703  351
26 2015 286.2  4.5  2.4  2.1  46  80.3 2573.3 503  378  646  268  312  698  386
27 2016 289.5  3.3  1.8  1.5  45  59.7 2633.0 483  386  600  214  330  679  349

Core Length:  290.1 mm
Core Density: 450 kg/m3
Cross-sectional Density:  455 kg/m3
Early/Latewood Threshold: 500 kg/m3
Attenuation Constant: 3.19

ִִִִִִִִִִִִִִִִִִִִִִִִִִִִִִִִִִִִִִִִִִִִִִִִִִִִִִִִִִִִִִִִִִִִִִִִִִִִִִִ
Core : 48
ֲֲֲִִִִִִִִִִִִִִִִִִִִִִִִִִִִִִִִִִִִִִִִִִִִִִִִִִִִִִִִִִִִִִִִִִִִִִִִִִִִ
       ³Widths (mm)              ³ Areas    ³ Densities (kg/m3)
       ³                         ³ (cm‎)    ³
Ring   ³Outer Ring Erly Late   % ³Incr Total³Ring E/Wd L/Wd Unif  Min  Max  Rng
 # Year³ Rad.      Wood Wood  LW ³          ³mean mean mean
ֱֱֱִִִִִִִִִִִִִִִִִִִִִִִִִִִִִִִִִִִִִִִִִִִִִִִִִִִִִִִִִִִִִִִִִִִִִִִִִִִִ

 1 1991   7.0  7.0  6.0  0.0   0   1.5    1.5 328  328    0    0  281  413  132
 2 1992  33.1 26.1 25.5  0.6   2  32.9   34.4 337  333  511  178  265  516  251
 3 1993  63.7 30.6 28.8  1.8   5  93.1  127.5 390  382  510  128  258  524  266
 4 1994  88.3 24.6 21.3  3.3  13 117.5  244.9 419  399  545  146  300  576  276
 5 1995 105.7 17.4 15.6  1.8  10 106.0  351.0 406  389  556  167  315  597  282
 6 1996 124.3 18.6 16.8  1.8   9 134.4  485.4 418  408  511  103  334  517  183
 7 1997 141.7 17.4 11.7  5.7  32 145.4  630.8 451  417  520  103  337  559  222
 8 1998 154.6 12.9  9.6  3.3  25 120.1  750.9 432  402  519  117  307  543  236
 9 1999 165.7 11.1  9.3  1.8  16 111.7  862.6 443  429  515   86  322  528  206
10 2000 173.5  7.8  5.1  2.7  34  83.1  945.7 438  382  545  163  304  595  291
11 2001 184.0 10.5  6.3  4.2  40 117.9 1063.6 470  427  533  106  312  586  274
12 2002 190.6  6.6  4.2  2.4  36  77.7 1141.3 452  392  558  166  309  623  314
13 2003 199.3  8.7  3.9  4.8  55 106.6 1247.9 470  388  537  149  328  604  276
14 2004 206.5  7.2  4.5  2.7  37  91.8 1339.6 462  403  560  157  322  596  274
15 2005 213.4  6.9  3.6  3.3  47  91.0 1430.7 462  379  553  174  332  603  271
16 2006 221.2  7.8  3.6  4.2  53 106.5 1537.2 488  405  558  153  325  620  295
17 2007 228.1  6.9  3.3  3.6  52  97.4 1634.6 514  428  592  164  370  659  289
18 2008 233.8  5.7  2.1  3.6  63  82.7 1717.3 507  394  573  179  372  681  309
19 2009 239.2  5.4  3.0  2.4  44  80.2 1797.5 502  420  604  184  361  673  312
20 2010 242.8  3.6  1.8  1.8  50  54.5 1852.0 502  416  587  171  369  715  346
21 2011 246.1  3.3  1.5  1.8  54  50.7 1902.7 513  420  590  170  369  666  297
22 2012 250.0  3.9  2.1  1.8  46  60.8 1963.5 525  426  640  214  365  721  356
23 2013 252.4  2.4  0.9  1.5  62  37.9 2001.4 528  430  586  156  422  732  310
24 2014 254.5  2.1  0.9  1.2  57  33.4 2034.8 545  437  626  189  400  701  301
25 2015 256.3  1.8  1.2  0.6  33  28.9 2063.7 518  448  657  209  421  721  300
26 2016 257.8  1.5  0.9  0.6  40  24.2 2087.9 523  465  611  146  439  636  197

Core Length:  257.1 mm
Core Density: 463 kg/m3
Cross-sectional Density:  459 kg/m3
Early/Latewood Threshold: 500 kg/m3
Attenuation Constant: 3.19

ִִִִִִִִִִִִִִִִִִִִִִִִִִִִִִִִִִִִִִִִִִִִִִִִִִִִִִִִִִִִִִִִִִִִִִִִִִִִִִִ
Core : 56
ֲֲֲִִִִִִִִִִִִִִִִִִִִִִִִִִִִִִִִִִִִִִִִִִִִִִִִִִִִִִִִִִִִִִִִִִִִִִִִִִִִ
       ³Widths (mm)              ³ Areas    ³ Densities (kg/m3)
       ³                         ³ (cm‎)    ³
Ring   ³Outer Ring Erly Late   % ³Incr Total³Ring E/Wd L/Wd Unif  Min  Max  Rng
 # Year³ Rad.      Wood Wood  LW ³          ³mean mean mean
ֱֱֱִִִִִִִִִִִִִִִִִִִִִִִִִִִִִִִִִִִִִִִִִִִִִִִִִִִִִִִִִִִִִִִִִִִִִִִִִִִִ

 3 1991  20.9 20.9 15.9  0.0   0  13.7   13.7 353  353    0    0  293  455  162
 4 1992  38.3 17.4 17.4  0.0   0  32.4   46.1 365  365    0    0  295  432  137
 5 1993  67.1 28.8 28.8  0.0   0  95.4  141.4 356  356    0    0  303  457  154
 6 1994  86.6 19.5 19.2  0.3   1  94.2  235.6 422  420  506   86  338  506  168
 7 1995 103.1 16.5 16.5  0.0   0  98.3  333.9 401  401    0    0  311  493  182
 8 1996 122.9 19.8 18.3  1.5   7 140.6  474.5 416  408  507   99  337  525  188
 9 1997 139.7 16.8 14.1  2.7  16 138.6  613.1 425  408  516  108  360  534  174
10 1998 153.5 13.8 13.8  0.0   0 127.1  740.2 408  408    0    0  325  498  173
11 1999 166.7 13.2 11.4  1.8  13 132.8  873.0 424  410  516  106  305  541  236
12 2000 175.4  8.7  6.9  1.8  20  93.5  966.5 438  414  530  116  322  556  234
13 2001 186.2 10.8  9.3  1.5  13 122.7 1089.2 429  414  522  108  330  547  217
14 2002 195.2  9.0  6.3  2.7  30 107.8 1197.0 431  383  542  159  320  579  259
15 2003 203.6  8.4  4.5  3.9  46 105.2 1302.3 481  411  561  150  359  598  239
16 2004 210.5  6.9  5.1  1.8  26  89.8 1392.0 445  398  577  179  303  610  307
17 2005 215.9  5.4  3.3  2.1  38  72.3 1464.4 474  395  596  201  337  681  344
18 2006 222.2  6.3  3.0  3.3  52  86.7 1551.1 490  407  566  159  345  632  287
19 2007 228.2  6.0  3.6  2.4  40  84.9 1636.0 477  400  593  193  348  636  288
20 2008 236.3  8.1  5.1  3.0  37 118.2 1754.2 485  423  591  168  355  672  317
21 2009 242.3  6.0  3.0  3.0  50  90.2 1844.4 500  434  566  132  370  613  243
22 2010 246.5  4.2  2.4  1.8  42  64.5 1908.9 495  421  593  172  354  674  320
23 2011 251.0  4.5  1.8  2.7  60  70.3 1979.2 524  422  592  170  375  641  266
24 2012 254.9  3.9  1.8  2.1  53  62.0 2041.2 532  436  615  179  389  719  330
25 2013 258.2  3.3  1.5  1.8  54  53.2 2094.4 544  433  636  203  383  722  339
26 2014 260.9  2.7  1.2  1.5  55  44.0 2138.4 555  434  651  217  414  738  324
27 2015 264.5  3.6  0.9  2.7  75  59.4 2197.9 583  436  633  197  404  724  320
28 2016 266.9  2.4  0.9  1.5  62  40.1 2237.9 524  419  588  169  399  664  265

Core Length:  262.2 mm
Core Density: 460 kg/m3
Cross-sectional Density:  454 kg/m3
Early/Latewood Threshold: 500 kg/m3
Attenuation Constant: 3.19

ִִִִִִִִִִִִִִִִִִִִִִִִִִִִִִִִִִִִִִִִִִִִִִִִִִִִִִִִִִִִִִִִִִִִִִִִִִִִִִִ
Core : 74
ֲֲֲִִִִִִִִִִִִִִִִִִִִִִִִִִִִִִִִִִִִִִִִִִִִִִִִִִִִִִִִִִִִִִִִִִִִִִִִִִִִ
       ³Widths (mm)              ³ Areas    ³ Densities (kg/m3)
       ³                         ³ (cm‎)    ³
Ring   ³Outer Ring Erly Late   % ³Incr Total³Ring E/Wd L/Wd Unif  Min  Max  Rng
 # Year³ Rad.      Wood Wood  LW ³          ³mean mean mean
ֱֱֱִִִִִִִִִִִִִִִִִִִִִִִִִִִִִִִִִִִִִִִִִִִִִִִִִִִִִִִִִִִִִִִִִִִִִִִִִִִִ

 2 1990  10.3 10.3  9.3  0.0   0   3.3    3.3 384  384    0    0  306  472  166
 3 1991  26.5 16.2 16.2  0.0   0  18.7   22.1 380  380    0    0  311  457  146
 4 1992  46.3 19.8 19.5  0.3   1  45.3   67.3 403  402  502  100  341  502  161
 5 1993  65.5 19.2 18.0  1.2   6  67.4  134.8 374  364  518  154  293  550  257
 6 1994  84.7 19.2 16.8  2.4  12  90.6  225.4 435  418  551  133  340  587  247
 7 1995 101.2 16.5 15.3  1.2   7  96.4  321.7 418  410  516  106  342  538  196
 8 1996 115.9 14.7 13.5  1.2   8 100.3  422.0 425  417  517  100  335  538  203
 9 1997 130.9 15.0 10.8  4.2  27 116.3  538.3 447  417  523  106  354  580  226
10 1998 142.9 12.0 10.5  1.5  12 103.2  641.5 419  405  517  112  297  535  238
11 1999 154.3 11.4  8.4  3.0  26 106.4  748.0 449  414  548  134  315  574  259
12 2000 163.6  9.3  5.4  3.9  41  92.9  840.8 461  411  532  121  306  575  269
13 2001 174.4 10.8  6.6  4.2  38 114.7  955.5 469  408  564  156  318  624  306
14 2002 181.6  7.2  4.8  2.4  33  80.5 1036.1 457  404  563  159  326  634  308
15 2003 187.0  5.4  3.3  2.1  38  62.5 1098.6 514  445  624  179  408  673  265
16 2004 190.9  3.9  2.4  1.5  38  46.3 1144.9 481  388  631  243  328  689  361
17 2005 194.8  3.9  1.8  2.1  53  47.3 1192.1 511  387  618  231  337  709  372
18 2006 198.4  3.6  1.2  2.4  66  44.5 1236.6 533  378  610  232  351  704  353
19 2007 201.7  3.3  1.5  1.8  54  41.5 1278.1 527  411  623  212  365  707  342
20 2008 206.5  4.8  2.4  2.4  49  61.6 1339.6 507  412  603  191  351  693  342
21 2009 211.0  4.5  1.8  2.7  60  59.0 1398.7 537  414  619  205  345  691  346
22 2010 214.3  3.3  1.5  1.8  54  44.1 1442.8 515  398  612  214  342  741  399
23 2011 217.0  2.7  1.5  1.2  44  36.6 1479.3 506  415  619  204  379  670  291
24 2012 220.9  3.9  1.8  2.1  53  53.7 1533.0 500  390  594  204  362  673  311
25 2013 223.3  2.4  1.5  0.9  37  33.5 1566.5 485  421  592  171  376  697  321
26 2014 224.8  1.5  0.9  0.6  40  21.1 1587.6 509  449  599  150  419  616  197
27 2015 227.2  2.4  1.5  0.9  37  34.1 1621.7 467  381  609  228  327  641  314
28 2016 228.7  1.5  0.9  0.6  40  21.5 1643.2 450  361  584  223  287  598  311

Core Length:  227.7 mm
Core Density: 465 kg/m3
Cross-sectional Density:  461 kg/m3
Early/Latewood Threshold: 500 kg/m3
Attenuation Constant: 3.19

ִִִִִִִִִִִִִִִִִִִִִִִִִִִִִִִִִִִִִִִִִִִִִִִִִִִִִִִִִִִִִִִִִִִִִִִִִִִִִִִ
Core : 78
ֲֲֲִִִִִִִִִִִִִִִִִִִִִִִִִִִִִִִִִִִִִִִִִִִִִִִִִִִִִִִִִִִִִִִִִִִִִִִִִִִִ
       ³Widths (mm)              ³ Areas    ³ Densities (kg/m3)
       ³                         ³ (cm‎)    ³
Ring   ³Outer Ring Erly Late   % ³Incr Total³Ring E/Wd L/Wd Unif  Min  Max  Rng
 # Year³ Rad.      Wood Wood  LW ³          ³mean mean mean
ֱֱֱִִִִִִִִִִִִִִִִִִִִִִִִִִִִִִִִִִִִִִִִִִִִִִִִִִִִִִִִִִִִִִִִִִִִִִִִִִִִ

 1 1989   2.7  2.7  2.1  0.6  22   0.2    0.2 415  389  507  118  335  508  173
 2 1990  15.3 12.6 12.6  0.0   0   7.1    7.4 342  342    0    0  277  434  157
 3 1991  34.5 19.2 19.2  0.0   0  30.0   37.4 358  358    0    0  285  417  132
 4 1992  53.4 18.9 18.6  0.3   1  52.2   89.6 379  377  503  126  308  503  195
 5 1993  69.3 15.9 13.5  2.4  15  61.3  150.9 384  351  568  217  237  618  381
 6 1994  81.0 11.7  8.4  3.3  28  55.2  206.1 462  419  571  152  350  627  277
 7 1995  95.4 14.4 10.5  3.9  27  79.8  285.9 440  399  549  150  331  600  269
 8 1996 114.6 19.2 13.5  5.7  29 126.7  412.6 460  426  541  115  354  590  236
 9 1997 131.1 16.5 11.7  4.8  29 127.4  540.0 462  423  556  133  365  622  257
10 1998 146.4 15.3  8.7  6.6  43 133.4  673.3 474  410  558  148  340  609  269
11 1999 163.2 16.8  9.9  6.9  41 163.4  836.7 482  431  556  125  378  607  229
12 2000 174.0 10.8  5.7  5.1  47 114.4  951.1 487  412  570  158  363  635  272
13 2001 186.3 12.3  6.0  6.3  51 139.2 1090.4 486  415  554  139  351  650  299
14 2002 199.2 12.9  6.6  6.3  48 156.2 1246.6 486  401  576  175  329  658  329
15 2003 213.6 14.4  7.2  7.2  50 186.7 1433.4 497  432  561  129  389  651  262
16 2004 223.5  9.9  6.3  3.6  36 135.9 1569.3 486  424  596  172  346  664  318
17 2005 233.7 10.2  6.6  3.6  35 146.5 1715.8 490  416  626  210  349  716  367
18 2006 241.2  7.5  3.0  4.5  60 111.9 1827.7 534  434  601  167  401  714  313
19 2007 247.8  6.6  2.7  3.9  59 101.4 1929.1 540  441  608  167  392  756  364
20 2008 253.8  6.0  2.1  3.9  65  94.5 2023.6 581  452  650  198  416  755  339
21 2009 260.7  6.9  2.7  4.2  60 111.5 2135.2 564  458  632  174  423  723  300
22 2010 266.7  6.0  2.4  3.6  60  99.4 2234.6 551  443  624  181  410  757  347
23 2011 272.1  5.4  1.5  3.9  72  91.4 2326.0 587  474  631  157  457  710  253
24 2012 278.7  6.6  2.1  4.5  68 114.2 2440.2 587  476  639  163  460  754  294
25 2013 284.1  5.4  2.1  3.3  61  95.5 2535.7 566  467  630  163  440  744  304
26 2014 288.9  4.8  0.6  4.2  87  86.4 2622.1 604  459  625  166  439  739  300
27 2015 294.6  5.7  1.5  4.2  73 104.5 2726.6 601  464  650  186  438  760  322
28 2016 299.4  4.8  1.2  3.6  74  89.6 2816.1 591  468  632  164  442  755  313

Core Length:  300.0 mm
Core Density: 496 kg/m3
Cross-sectional Density:  509 kg/m3
Early/Latewood Threshold: 500 kg/m3
Attenuation Constant: 3.19

ִִִִִִִִִִִִִִִִִִִִִִִִִִִִִִִִִִִִִִִִִִִִִִִִִִִִִִִִִִִִִִִִִִִִִִִִִִִִִִִ
Core : 80
ֲֲֲִִִִִִִִִִִִִִִִִִִִִִִִִִִִִִִִִִִִִִִִִִִִִִִִִִִִִִִִִִִִִִִִִִִִִִִִִִִִ
       ³Widths (mm)              ³ Areas    ³ Densities (kg/m3)
       ³                         ³ (cm‎)    ³
Ring   ³Outer Ring Erly Late   % ³Incr Total³Ring E/Wd L/Wd Unif  Min  Max  Rng
 # Year³ Rad.      Wood Wood  LW ³          ³mean mean mean
ֱֱֱִִִִִִִִִִִִִִִִִִִִִִִִִִִִִִִִִִִִִִִִִִִִִִִִִִִִִִִִִִִִִִִִִִִִִִִִִִִִ

 2 1990   9.8  9.8  7.8  0.0   0   3.0    3.0 320  320    0    0  295  360   65
 3 1991  23.6 13.8 13.8  0.0   0  14.5   17.5 324  324    0    0  241  408  167
 4 1992  38.6 15.0 15.0  0.0   0  29.3   46.8 334  334    0    0  285  423  138
 5 1993  62.9 24.3 24.3  0.0   0  77.5  124.3 335  335    0    0  278  458  180
 6 1994  83.6 20.7 20.7  0.0   0  95.3  219.6 396  396    0    0  332  456  124
 7 1995 109.1 25.5 25.5  0.0   0 154.4  373.9 366  366    0    0  297  479  182
 8 1996 130.7 21.6 21.6  0.0   0 162.7  536.7 376  376    0    0  295  468  173
 9 1997 151.7 21.0 20.4  0.6   2 186.3  723.0 400  397  504  107  293  507  214
10 1998 166.4 14.7 13.2  1.5  10 146.9  869.9 410  398  514  116  301  527  226
11 1999 179.9 13.5 12.9  0.6   4 146.9 1016.7 411  406  505   99  307  506  199
12 2000 189.5  9.6  9.0  0.6   6 111.4 1128.2 399  390  539  149  305  548  243
13 2001 196.7  7.2  6.6  0.6   8  87.4 1215.5 394  379  560  181  289  586  297
14 2002 202.1  5.4  4.2  1.2  22  67.7 1283.2 411  375  539  164  301  564  263
15 2003 207.2  5.1  3.9  1.2  23  65.6 1348.7 399  358  531  173  296  547  251
16 2004 212.0  4.8  3.3  1.5  31  63.2 1412.0 429  362  577  215  293  614  321
17 2005 218.0  6.0  4.2  1.8  30  81.1 1493.0 421  343  601  258  289  643  354
18 2006 225.8  7.8  3.9  3.9  50 108.8 1601.8 486  381  591  210  310  665  355
19 2007 232.4  6.6  4.5  2.1  31  95.0 1696.8 464  392  620  228  321  673  352
20 2008 239.9  7.5  4.5  3.0  40 111.3 1808.0 463  373  597  224  325  655  330
21 2009 248.9  9.0  6.6  2.4  26 138.2 1946.3 433  397  532  135  312  561  249
22 2010 254.9  6.0  4.2  1.8  30  95.0 2041.2 444  381  592  211  312  699  387
23 2011 260.0  5.1  3.0  2.1  41  82.5 2123.7 480  425  557  132  367  582  215
24 2012 265.1  5.1  3.3  1.8  35  84.1 2207.8 444  372  576  204  305  640  335
25 2013 268.4  3.3  2.4  0.9  27  55.3 2263.2 450  379  640  261  334  669  335
26 2014 271.1  2.7  1.5  1.2  44  45.8 2308.9 464  379  570  191  348  633  285
27 2015 274.4  3.3  1.8  1.5  45  56.6 2365.5 498  397  619  222  353  679  326
28 2016 277.4  3.0  1.8  1.2  40  52.0 2417.5 499  410  632  222  345  679  334

Core Length:  275.7 mm
Core Density: 416 kg/m3
Cross-sectional Density:  419 kg/m3
Early/Latewood Threshold: 500 kg/m3
Attenuation Constant: 3.19

ִִִִִִִִִִִִִִִִִִִִִִִִִִִִִִִִִִִִִִִִִִִִִִִִִִִִִִִִִִִִִִִִִִִִִִִִִִִִִִִ
Core : 87
ֲֲֲִִִִִִִִִִִִִִִִִִִִִִִִִִִִִִִִִִִִִִִִִִִִִִִִִִִִִִִִִִִִִִִִִִִִִִִִִִִִ
       ³Widths (mm)              ³ Areas    ³ Densities (kg/m3)
       ³                         ³ (cm‎)    ³
Ring   ³Outer Ring Erly Late   % ³Incr Total³Ring E/Wd L/Wd Unif  Min  Max  Rng
 # Year³ Rad.      Wood Wood  LW ³          ³mean mean mean
ֱֱֱִִִִִִִִִִִִִִִִִִִִִִִִִִִִִִִִִִִִִִִִִִִִִִִִִִִִִִִִִִִִִִִִִִִִִִִִִִִִ

 4 1992  23.3 23.3 18.3  0.0   0  17.1   17.1 326  326    0    0  266  455  189
 5 1993  43.1 19.8 18.3  1.5   7  41.3   58.4 365  351  532  181  268  557  289
 6 1994  61.7 18.6 15.0  3.6  19  61.2  119.6 420  392  537  145  293  563  270
 7 1995  81.5 19.8 18.3  1.5   7  89.1  208.7 414  406  520  114  317  536  219
 8 1996 102.5 21.0 19.5  1.5   7 121.4  330.1 424  417  514   97  295  522  227
 9 1997 131.9 29.4 23.1  6.3  21 216.5  546.6 446  427  515   88  326  562  236
10 1998 156.5 24.6 20.1  4.5  18 222.9  769.4 440  418  536  118  322  577  255
11 1999 182.3 25.8 22.8  3.0  11 274.6 1044.1 432  422  514   92  328  546  218
12 2000 199.7 17.4 12.9  4.5  25 208.8 1252.9 437  404  534  130  338  565  227
13 2001 217.4 17.7 15.0  2.7  15 231.9 1484.8 412  390  537  147  302  604  302
14 2002 231.5 14.1 10.5  3.6  25 198.8 1683.7 423  380  550  170  297  598  301
15 2003 245.6 14.1 11.1  3.0  21 211.3 1895.0 422  381  574  193  302  611  309
16 2004 254.3  8.7  5.1  3.6  41 136.6 2031.6 459  362  597  235  291  659  368
17 2005 262.4  8.1  5.4  2.7  33 131.5 2163.1 449  359  629  270  290  685  395
18 2006 271.1  8.7  4.8  3.9  44 145.8 2308.9 458  355  586  231  290  640  350
19 2007 279.2  8.1  5.1  3.0  37 140.0 2449.0 461  379  600  221  299  656  357
20 2008 287.0  7.8  4.2  3.6  46 138.7 2587.7 484  400  582  182  325  662  337
21 2009 296.0  9.0  4.2  4.8  53 164.8 2752.5 490  398  570  172  318  642  324
22 2010 302.0  6.0  3.3  2.7  45 112.7 2865.3 483  400  584  184  332  674  342
23 2011 306.8  4.8  2.1  2.7  56  91.8 2957.1 513  390  608  218  332  649  317
24 2012 310.7  3.9  2.1  1.8  46  75.7 3032.7 469  370  584  214  328  664  336
25 2013 314.0  3.3  2.1  1.2  36  64.8 3097.5 465  400  577  177  331  607  276
26 2014 317.3  3.3  1.5  1.8  54  65.4 3162.9 498  382  595  213  350  680  330
27 2015 321.2  3.9  2.1  1.8  46  78.2 3241.2 486  371  621  250  335  685  350
28 2016 323.9  2.7  1.8  0.9  33  54.7 3295.9 488  425  614  189  356  645  289

Core Length:  319.2 mm
Core Density: 446 kg/m3
Cross-sectional Density:  447 kg/m3
Early/Latewood Threshold: 500 kg/m3
Attenuation Constant: 3.19

ִִִִִִִִִִִִִִִִִִִִִִִִִִִִִִִִִִִִִִִִִִִִִִִִִִִִִִִִִִִִִִִִִִִִִִִִִִִִִִִ
Core : 90
ֲֲֲִִִִִִִִִִִִִִִִִִִִִִִִִִִִִִִִִִִִִִִִִִִִִִִִִִִִִִִִִִִִִִִִִִִִִִִִִִִִ
       ³Widths (mm)              ³ Areas    ³ Densities (kg/m3)
       ³                         ³ (cm‎)    ³
Ring   ³Outer Ring Erly Late   % ³Incr Total³Ring E/Wd L/Wd Unif  Min  Max  Rng
 # Year³ Rad.      Wood Wood  LW ³          ³mean mean mean
ֱֱֱִִִִִִִִִִִִִִִִִִִִִִִִִִִִִִִִִִִִִִִִִִִִִִִִִִִִִִִִִִִִִִִִִִִִִִִִִִִִ

 1 1990   6.3  6.3  6.3  0.0   0   1.2    1.2 359  359    0    0  221  486  265
 2 1991  21.6 15.3 15.3  0.0   0  13.4   14.7 344  344    0    0  261  410  149
 3 1992  43.8 22.2 22.2  0.0   0  45.6   60.3 364  364    0    0  276  475  199
 4 1993  68.4 24.6 23.4  1.2   4  86.7  147.0 372  365  510  145  261  523  262
 5 1994  88.8 20.4 15.6  4.8  23 100.7  247.7 454  425  548  123  340  593  253
 6 1995 105.0 16.2 13.8  2.4  14  98.6  346.4 428  410  530  120  337  575  238
 7 1996 122.4 17.4 14.7  2.7  15 124.3  470.7 425  405  533  128  320  577  257
 8 1997 143.1 20.7 14.1  6.6  31 172.7  643.3 448  401  549  148  323  601  278
 9 1998 159.6 16.5 12.6  3.9  23 156.9  800.2 429  396  539  143  332  573  241
10 1999 175.2 15.6  9.3  6.3  40 164.1  964.3 459  410  532  122  335  576  241
11 2000 184.8  9.6  5.4  4.2  43 108.6 1072.9 462  386  560  174  329  614  285
12 2001 193.5  8.7  6.3  2.4  27 103.4 1176.3 440  396  554  158  309  597  288
13 2002 200.4  6.9  6.0  0.9  13  85.4 1261.7 404  379  570  191  311  606  295
14 2003 206.7  6.3  4.2  2.1  33  80.6 1342.2 448  386  571  185  328  630  302
15 2004 212.7  6.0  4.8  1.2  20  79.1 1421.3 411  365  596  231  299  646  347
16 2005 216.9  4.2  3.0  1.2  28  56.7 1478.0 417  356  569  213  303  688  385
17 2006 222.9  6.0  3.3  2.7  45  82.9 1560.9 458  361  577  216  313  660  347
18 2007 229.5  6.6  4.8  1.8  27  93.8 1654.7 449  379  635  256  312  679  367
19 2008 235.5  6.0  4.2  1.8  30  87.7 1742.3 446  374  613  239  310  686  376
20 2009 241.8  6.3  3.6  2.7  42  94.5 1836.8 461  364  590  226  315  674  359
21 2010 246.0  4.2  2.7  1.5  35  64.4 1901.2 438  359  580  221  308  643  335
22 2011 249.0  3.0  1.8  1.2  40  46.7 1947.8 467  378  600  222  331  663  332
23 2012 252.0  3.0  2.1  0.9  30  47.2 1995.0 453  377  631  254  341  672  331
24 2013 254.4  2.4  1.8  0.6  25  38.2 2033.2 454  390  647  257  357  668  311
25 2014 256.5  2.1  1.2  0.9  42  33.7 2066.9 518  406  668  262  381  714  333
26 2015 259.2  2.7  1.5  1.2  44  43.7 2110.7 508  387  660  273  354  725  371
27 2016 261.6  2.4  1.5  0.9  37  39.3 2149.9 481  402  614  212  365  630  265

Core Length:  261.6 mm
Core Density: 436 kg/m3
Cross-sectional Density:  440 kg/m3
Early/Latewood Threshold: 500 kg/m3
Attenuation Constant: 3.19

ִִִִִִִִִִִִִִִִִִִִִִִִִִִִִִִִִִִִִִִִִִִִִִִִִִִִִִִִִִִִִִִִִִִִִִִִִִִִִִִ
Core : 92
ֲֲֲִִִִִִִִִִִִִִִִִִִִִִִִִִִִִִִִִִִִִִִִִִִִִִִִִִִִִִִִִִִִִִִִִִִִִִִִִִִִ
       ³Widths (mm)              ³ Areas    ³ Densities (kg/m3)
       ³                         ³ (cm‎)    ³
Ring   ³Outer Ring Erly Late   % ³Incr Total³Ring E/Wd L/Wd Unif  Min  Max  Rng
 # Year³ Rad.      Wood Wood  LW ³          ³mean mean mean
ֱֱֱִִִִִִִִִִִִִִִִִִִִִִִִִִִִִִִִִִִִִִִִִִִִִִִִִִִִִִִִִִִִִִִִִִִִִִִִִִִִ

 2 1990  19.3 19.3 11.1  1.2   6  11.7   11.7 390  370  573  203  297  605  308
 3 1991  35.8 16.5 15.6  0.9   5  28.6   40.3 411  404  536  132  335  543  208
 4 1992  54.7 18.9 17.1  1.8   9  53.7   94.0 399  385  530  145  310  550  240
 5 1993  69.7 15.0 12.9  2.1  13  58.6  152.6 411  378  618  240  324  669  345
 6 1994  83.8 14.1  9.6  4.5  31  68.0  220.6 471  416  589  173  326  654  328
 7 1995  99.1 15.3 11.1  4.2  27  87.9  308.5 463  423  569  146  364  653  289
 8 1996 117.1 18.0 10.2  7.8  43 122.3  430.8 470  409  551  142  348  641  293
 9 1997 138.1 21.0  9.0 12.0  57 168.4  599.2 509  435  564  129  361  654  293
10 1998 155.2 17.1  7.8  9.3  54 157.6  756.7 499  415  570  155  364  643  279
11 1999 171.1 15.9  5.4 10.5  66 163.0  919.7 524  422  576  154  371  674  303
12 2000 181.3 10.2  5.1  5.1  50 112.9 1032.6 511  414  609  195  361  719  358
13 2001 190.9  9.6  4.2  5.4  56 112.3 1144.9 526  429  601  172  353  707  354
14 2002 198.4  7.5  4.2  3.3  44  91.7 1236.6 479  399  582  183  358  717  359
15 2003 207.4  9.0  4.5  4.5  50 114.7 1351.3 514  416  611  195  359  734  375
16 2004 214.9  7.5  3.6  3.9  52  99.5 1450.9 548  426  662  236  355  744  389
17 2005 222.1  7.2  3.6  3.6  50  98.8 1549.7 523  429  617  188  372  771  399
18 2006 229.0  6.9  2.4  4.5  65  97.8 1647.5 564  423  640  217  377  755  378
19 2007 235.6  6.6  3.0  3.6  54  96.3 1743.8 531  440  606  166  393  775  382
20 2008 242.2  6.6  2.4  4.2  63  99.1 1842.9 537  424  602  178  378  739  361
21 2009 248.2  6.0  2.1  3.9  65  92.4 1935.3 558  421  632  211  375  778  403
22 2010 253.0  4.8  3.0  1.8  37  75.6 2010.9 517  457  617  160  406  774  368
23 2011 256.9  3.9  1.5  2.4  61  62.5 2073.4 553  424  634  210  396  735  339
24 2012 261.4  4.5  2.4  2.1  46  73.3 2146.6 526  457  606  149  431  746  315
25 2013 264.1  2.7  1.5  1.2  44  44.6 2191.2 525  455  613  158  418  716  298
26 2014 266.5  2.4  0.9  1.5  62  40.0 2231.2 565  463  626  163  433  717  284
27 2015 270.4  3.9  1.8  2.1  53  65.8 2297.0 542  426  642  216  367  747  380
28 2016 273.7  3.3  1.2  2.1  63  56.4 2353.4 545  446  602  156  403  758  355

Core Length:  267.6 mm
Core Density: 504 kg/m3
Cross-sectional Density:  511 kg/m3
Early/Latewood Threshold: 500 kg/m3
Attenuation Constant: 3.19

