File : C:\DENSITOM\WOODHI~1\WHILL53.DAT
Cores :
9
44
47
54
80
94
103
113
117
129
138

ִִִִִִִִִִִִִִִִִִִִִִִִִִִִִִִִִִִִִִִִִִִִִִִִִִִִִִִִִִִִִִִִִִִִִִִִִִִִִִִ
Core : 9
ֲֲֲִִִִִִִִִִִִִִִִִִִִִִִִִִִִִִִִִִִִִִִִִִִִִִִִִִִִִִִִִִִִִִִִִִִִִִִִִִִִ
       ³Widths (mm)              ³ Areas    ³ Densities (kg/m3)
       ³                         ³ (cm‎)    ³
Ring   ³Outer Ring Erly Late   % ³Incr Total³Ring E/Wd L/Wd Unif  Min  Max  Rng
 # Year³ Rad.      Wood Wood  LW ³          ³mean mean mean
ֱֱֱִִִִִִִִִִִִִִִִִִִִִִִִִִִִִִִִִִִִִִִִִִִִִִִִִִִִִִִִִִִִִִִִִִִִִִִִִִִִ

 3 1991  19.0 19.0 14.1  0.9   4  11.3   11.3 351  341  511  170  262  523  261
 4 1992  33.7 14.7 12.9  1.8  12  24.3   35.7 365  343  527  184  282  552  270
 5 1993  50.5 16.8 15.0  1.8  10  44.4   80.1 379  361  532  171  295  573  278
 6 1994  64.3 13.8 10.2  3.6  26  49.8  129.9 434  395  545  150  319  588  269
 7 1995  77.2 12.9 10.5  2.4  18  57.3  187.2 419  393  535  142  321  592  271
 8 1996  91.6 14.4  9.9  4.5  31  76.4  263.6 442  400  534  134  310  578  268
 9 1997 107.8 16.2 10.5  5.7  35 101.5  365.1 455  411  536  125  322  555  233
10 1998 118.9 11.1  7.8  3.3  29  79.1  444.1 435  401  516  115  331  532  201
11 1999 138.4 19.5 11.1  8.4  43 157.6  601.8 480  431  545  114  359  586  227
12 2000 148.3  9.9  5.4  4.5  45  89.2  690.9 469  401  551  150  328  612  284
13 2001 161.2 12.9  7.5  5.4  41 125.4  816.4 474  412  559  147  366  634  268
14 2002 172.3 11.1  6.9  4.2  37 116.3  932.7 466  407  562  155  327  601  274
15 2003 183.4 11.1  5.4  5.7  51 124.0 1056.7 507  429  581  152  393  621  228
16 2004 190.6  7.2  3.3  3.9  54  84.6 1141.3 501  406  582  176  374  642  268
17 2005 196.9  6.3  3.3  3.0  47  76.7 1218.0 535  444  636  192  378  680  302
18 2006 206.5  9.6  2.4  7.2  74 121.7 1339.6 550  425  591  166  357  675  318
19 2007 213.7  7.2  4.2  3.0  41  95.0 1434.7 506  442  597  155  381  626  245
20 2008 221.2  7.5  3.6  3.9  52 102.5 1537.2 538  447  622  175  367  681  314
21 2009 226.9  5.7  2.1  3.6  63  80.2 1617.4 540  430  604  174  372  674  302
22 2010 229.9  3.0  0.9  2.1  70  43.1 1660.5 548  402  610  208  369  733  364
23 2011 233.8  3.9  1.5  2.4  61  56.8 1717.3 548  410  634  224  365  680  315
24 2012 237.7  3.9  1.8  2.1  53  57.8 1775.0 545  421  650  229  377  712  335
25 2013 241.3  3.6  1.2  2.4  66  54.2 1829.2 537  415  598  183  363  695  332
26 2014 245.8  4.5  0.9  3.6  80  68.9 1898.1 609  455  647  192  409  743  334
27 2015 252.4  6.6  2.4  4.2  63 103.3 2001.4 574  452  643  191  392  727  335
28 2016 255.7  3.3  1.5  1.8  54  52.7 2054.1 515  416  598  182  353  691  338

Core Length:  251.7 mm
Core Density: 489 kg/m3
Cross-sectional Density:  498 kg/m3
Early/Latewood Threshold: 500 kg/m3
Attenuation Constant: 3.32

ִִִִִִִִִִִִִִִִִִִִִִִִִִִִִִִִִִִִִִִִִִִִִִִִִִִִִִִִִִִִִִִִִִִִִִִִִִִִִִִ
Core : 44
ֲֲֲִִִִִִִִִִִִִִִִִִִִִִִִִִִִִִִִִִִִִִִִִִִִִִִִִִִִִִִִִִִִִִִִִִִִִִִִִִִִ
       ³Widths (mm)              ³ Areas    ³ Densities (kg/m3)
       ³                         ³ (cm‎)    ³
Ring   ³Outer Ring Erly Late   % ³Incr Total³Ring E/Wd L/Wd Unif  Min  Max  Rng
 # Year³ Rad.      Wood Wood  LW ³          ³mean mean mean
ֱֱֱִִִִִִִִִִִִִִִִִִִִִִִִִִִִִִִִִִִִִִִִִִִִִִִִִִִִִִִִִִִִִִִִִִִִִִִִִִִִ

 2 1990  17.1 17.1 14.1  0.0   0   9.2    9.2 303  303    0    0  246  389  143
 3 1991  36.9 19.8 19.8  0.0   0  33.6   42.8 311  311    0    0  230  457  227
 4 1992  57.9 21.0 21.0  0.0   0  62.5  105.3 346  346    0    0  254  466  212
 5 1993  79.2 21.3 20.7  0.6   2  91.7  197.1 337  331  514  183  268  525  257
 6 1994  94.5 15.3 14.1  1.2   7  83.5  280.6 351  337  521  184  265  540  275
 7 1995 111.3 16.8 15.0  1.8  10 108.6  389.2 368  349  528  179  291  570  279
 8 1996 129.6 18.3 16.8  1.5   8 138.5  527.7 376  361  543  182  283  573  290
 9 1997 150.3 20.7 17.4  3.3  15 182.0  709.7 402  378  530  152  291  558  267
10 1998 164.4 14.1 12.0  2.1  14 139.4  849.1 390  368  514  146  281  531  250
11 1999 181.2 16.8 12.9  3.9  23 182.4 1031.5 428  392  546  154  324  576  252
12 2000 193.5 12.3  9.3  3.0  24 144.8 1176.3 426  381  568  187  306  617  311
13 2001 205.8 12.3 10.2  2.1  17 154.3 1330.6 427  399  563  164  332  609  277
14 2002 213.9  8.1  7.5  0.6   7 106.8 1437.4 377  366  520  154  310  531  221
15 2003 221.1  7.2  5.7  1.5  20  98.4 1535.8 419  383  557  174  332  598  266
16 2004 227.7  6.6  5.4  1.2  18  93.1 1628.8 412  378  565  187  303  599  296
17 2005 233.7  6.0  4.2  1.8  30  87.0 1715.8 431  376  559  183  299  609  310
18 2006 240.0  6.3  4.2  2.1  33  93.8 1809.6 433  392  515  123  304  540  236
19 2007 246.6  6.6  4.8  1.8  27 100.9 1910.5 429  381  558  177  316  601  285
20 2008 251.1  4.5  3.6  0.9  20  70.4 1980.8 422  377  601  224  301  608  307
21 2009 256.8  5.7  3.6  2.1  36  91.0 2071.8 460  401  561  160  322  591  269
22 2010 261.3  4.5  3.3  1.2  26  73.2 2145.0 420  370  556  186  301  618  317
23 2011 266.4  5.1  3.0  2.1  41  84.5 2229.6 465  406  549  143  329  573  244
24 2012 271.8  5.4  3.9  1.5  27  91.3 2320.9 439  394  559  165  322  602  280
25 2013 275.1  3.3  2.4  0.9  27  56.7 2377.6 441  395  565  170  324  618  294
26 2014 278.7  3.6  2.1  1.5  41  62.6 2440.2 460  382  569  187  331  627  296
27 2015 283.2  4.5  2.7  1.8  40  79.4 2519.6 482  407  595  188  340  649  309
28 2016 286.8  3.6  2.4  1.2  33  64.5 2584.1 478  425  585  160  357  618  261

Core Length:  283.8 mm
Core Density: 408 kg/m3
Cross-sectional Density:  412 kg/m3
Early/Latewood Threshold: 500 kg/m3
Attenuation Constant: 3.32

ִִִִִִִִִִִִִִִִִִִִִִִִִִִִִִִִִִִִִִִִִִִִִִִִִִִִִִִִִִִִִִִִִִִִִִִִִִִִִִִ
Core : 47
ֲֲֲִִִִִִִִִִִִִִִִִִִִִִִִִִִִִִִִִִִִִִִִִִִִִִִִִִִִִִִִִִִִִִִִִִִִִִִִִִִִ
       ³Widths (mm)              ³ Areas    ³ Densities (kg/m3)
       ³                         ³ (cm‎)    ³
Ring   ³Outer Ring Erly Late   % ³Incr Total³Ring E/Wd L/Wd Unif  Min  Max  Rng
 # Year³ Rad.      Wood Wood  LW ³          ³mean mean mean
ֱֱֱִִִִִִִִִִִִִִִִִִִִִִִִִִִִִִִִִִִִִִִִִִִִִִִִִִִִִִִִִִִִִִִִִִִִִִִִִִִִ

 3 1991  18.5 18.5 16.5  0.0   0  10.8   10.8 349  349    0    0  292  477  185
 4 1992  37.4 18.9 16.5  2.4  12  33.2   43.9 364  340  531  191  252  560  308
 5 1993  55.4 18.0 15.9  2.1  11  52.5   96.4 454  445  521   76  381  538  157
 6 1994  71.6 16.2 15.0  1.2   7  64.6  161.1 360  348  509  161  272  522  250
 7 1995  83.9 12.3 10.2  2.1  17  60.1  221.1 408  378  554  176  301  597  296
 8 1996  95.9 12.0 10.5  1.5  12  67.8  288.9 401  380  549  169  315  570  255
 9 1997 109.1 13.2 11.4  1.8  13  85.0  373.9 400  380  526  146  313  551  238
10 1998 123.2 14.1 10.5  3.6  25 102.9  476.8 436  397  549  152  326  580  254
11 1999 134.3 11.1  9.3  1.8  16  89.8  566.6 391  366  518  152  304  538  234
12 2000 147.8 13.5 10.5  3.0  22 119.6  686.3 440  401  576  175  352  611  259
13 2001 155.3  7.5  4.5  3.0  40  71.4  757.7 455  375  576  201  331  651  320
14 2002 163.4  8.1  5.4  2.7  33  81.1  838.8 442  381  562  181  330  636  306
15 2003 170.0  6.6  3.9  2.7  40  69.1  907.9 451  382  550  168  326  614  288
16 2004 176.3  6.3  4.2  2.1  33  68.5  976.5 445  384  569  185  319  637  318
17 2005 179.0  2.7  1.5  1.2  44  30.1 1006.6 479  383  598  215  324  641  317
18 2006 181.7  2.7  1.2  1.5  55  30.6 1037.2 505  394  594  200  350  689  339
19 2007 185.6  3.9  2.1  1.8  46  45.0 1082.2 507  439  587  148  372  643  271
20 2008 189.5  3.9  2.4  1.5  38  46.0 1128.2 482  409  598  189  347  656  309
21 2009 193.7  4.2  2.4  1.8  42  50.6 1178.7 477  390  593  203  333  649  316
22 2010 197.3  3.6  1.8  1.8  50  44.2 1222.9 487  397  577  180  325  648  323
23 2011 199.7  2.4  1.8  0.6  24  29.9 1252.9 440  397  570  173  353  583  230
24 2012 201.8  2.1  1.2  0.9  42  26.5 1279.4 490  434  565  131  346  587  241
25 2013 206.0  4.2  2.4  1.8  42  53.8 1333.2 460  373  577  204  310  632  322
26 2014 209.9  3.9  1.8  2.1  53  51.0 1384.1 528  462  585  123  424  661  237
27 2015 214.7  4.8  1.8  3.0  62  64.0 1448.2 524  416  588  172  388  658  270
28 2016 217.1  2.4  1.2  1.2  50  32.6 1480.7 485  390  581  191  302  642  340

Core Length:  215.1 mm
Core Density: 448 kg/m3
Cross-sectional Density:  444 kg/m3
Early/Latewood Threshold: 500 kg/m3
Attenuation Constant: 3.32

ִִִִִִִִִִִִִִִִִִִִִִִִִִִִִִִִִִִִִִִִִִִִִִִִִִִִִִִִִִִִִִִִִִִִִִִִִִִִִִִ
Core : 54
ֲֲֲִִִִִִִִִִִִִִִִִִִִִִִִִִִִִִִִִִִִִִִִִִִִִִִִִִִִִִִִִִִִִִִִִִִִִִִִִִִִ
       ³Widths (mm)              ³ Areas    ³ Densities (kg/m3)
       ³                         ³ (cm‎)    ³
Ring   ³Outer Ring Erly Late   % ³Incr Total³Ring E/Wd L/Wd Unif  Min  Max  Rng
 # Year³ Rad.      Wood Wood  LW ³          ³mean mean mean
ֱֱֱִִִִִִִִִִִִִִִִִִִִִִִִִִִִִִִִִִִִִִִִִִִִִִִִִִִִִִִִִִִִִִִִִִִִִִִִִִִִ

 2 1990  12.8 12.8 10.8  0.0   0   5.1    5.1 344  344    0    0  265  472  207
 3 1991  32.0 19.2 19.2  0.0   0  27.0   32.2 363  363    0    0  278  481  203
 4 1992  48.5 16.5 13.2  3.3  20  41.7   73.9 410  371  568  197  298  612  314
 5 1993  60.8 12.3  9.0  3.3  26  42.2  116.1 424  370  571  201  327  643  316
 6 1994  73.1 12.3  5.4  6.9  56  51.7  167.9 521  439  586  147  382  666  284
 7 1995  85.4 12.3  4.8  7.5  60  61.2  229.1 517  417  580  163  357  669  312
 8 1996  97.4 12.0  6.6  5.4  45  68.9  298.0 494  416  588  172  350  667  317
 9 1997 108.2 10.8  5.7  5.1  47  69.8  367.8 502  415  600  185  350  704  354
10 1998 117.2  9.0  5.7  3.3  36  63.7  431.5 458  386  584  198  323  662  339
11 1999 125.9  8.7  4.2  4.5  51  66.4  498.0 514  418  603  185  353  688  335
12 2000 131.0  5.1  2.7  2.4  47  41.2  539.1 470  363  590  227  331  681  350
13 2001 136.4  5.4  2.1  3.3  61  45.4  584.5 528  393  615  222  336  712  376
14 2002 141.5  5.1  2.1  3.0  58  44.5  629.0 533  403  625  222  339  720  381
15 2003 149.6  8.1  4.2  3.9  48  74.1  703.1 535  440  637  197  395  721  326
16 2004 154.7  5.1  2.4  2.7  52  48.8  751.8 525  399  637  238  366  721  355
17 2005 160.7  6.0  2.7  3.3  55  59.5  811.3 518  399  615  216  361  717  356
18 2006 166.7  6.0  2.4  3.6  60  61.7  873.0 541  396  637  241  355  753  398
19 2007 171.5  4.8  1.5  3.3  68  51.0  924.0 538  418  592  174  361  721  360
20 2008 176.9  5.4  2.1  3.3  61  59.1  983.1 547  396  642  246  351  732  381
21 2009 180.5  3.6  1.5  2.1  58  40.4 1023.5 576  439  674  235  394  746  352
22 2010 183.5  3.0  1.2  1.8  60  34.3 1057.8 543  397  640  243  364  768  404
23 2011 187.1  3.6  1.2  2.4  66  41.9 1099.8 573  393  663  270  357  730  373
24 2012 190.4  3.3  1.2  2.1  63  39.1 1138.9 560  389  658  269  364  747  383
25 2013 193.4  3.0  1.2  1.8  60  36.2 1175.1 554  413  648  235  381  718  337
26 2014 195.2  1.8  0.6  1.2  66  22.0 1197.0 568  421  642  221  400  709  309
27 2015 197.9  2.7  1.2  1.5  55  33.3 1230.4 548  439  635  196  363  744  381
28 2016 199.7  1.8  0.9  0.9  49  22.5 1252.9 506  415  598  183  357  688  331

Core Length:  197.7 mm
Core Density: 507 kg/m3
Cross-sectional Density:  513 kg/m3
Early/Latewood Threshold: 500 kg/m3
Attenuation Constant: 3.32

ִִִִִִִִִִִִִִִִִִִִִִִִִִִִִִִִִִִִִִִִִִִִִִִִִִִִִִִִִִִִִִִִִִִִִִִִִִִִִִִ
Core : 80
ֲֲֲִִִִִִִִִִִִִִִִִִִִִִִִִִִִִִִִִִִִִִִִִִִִִִִִִִִִִִִִִִִִִִִִִִִִִִִִִִִִ
       ³Widths (mm)              ³ Areas    ³ Densities (kg/m3)
       ³                         ³ (cm‎)    ³
Ring   ³Outer Ring Erly Late   % ³Incr Total³Ring E/Wd L/Wd Unif  Min  Max  Rng
 # Year³ Rad.      Wood Wood  LW ³          ³mean mean mean
ֱֱֱִִִִִִִִִִִִִִִִִִִִִִִִִִִִִִִִִִִִִִִִִִִִִִִִִִִִִִִִִִִִִִִִִִִִִִִִִִִִ

 2 1991  16.0 16.0 15.0  0.0   0   8.0    8.0 281  281    0    0  209  388  179
 3 1992  35.8 19.8 19.8  0.0   0  32.2   40.3 293  293    0    0  228  378  150
 4 1993  54.4 18.6 18.6  0.0   0  52.7   93.0 323  323    0    0  248  448  200
 5 1994  70.6 16.2 14.7  1.5   9  63.6  156.6 382  369  513  144  258  535  277
 6 1995  85.3 14.7 13.8  0.9   6  72.0  228.6 350  337  562  225  260  577  317
 7 1996  96.4 11.1 11.1  0.0   0  63.4  291.9 355  355    0    0  255  493  238
 8 1997 106.6 10.2  9.3  0.9   8  65.0  357.0 371  355  533  178  276  567  291
 9 1998 114.7  8.1  7.5  0.6   7  56.3  413.3 346  331  534  203  255  544  289
10 1999 121.6  6.9  6.0  0.9  13  51.2  464.5 380  354  553  199  285  566  281
11 2000 127.3  5.7  3.9  1.8  31  44.6  509.1 399  326  557  231  258  599  341
12 2001 134.8  7.5  6.0  1.5  20  61.8  570.9 407  375  536  161  264  567  303
13 2002 141.1  6.3  4.8  1.5  23  54.6  625.5 386  336  544  208  250  569  319
14 2003 150.1  9.0  7.2  1.8  20  82.3  707.8 410  373  560  187  302  605  303
15 2004 156.1  6.0  3.6  2.4  40  57.7  765.5 398  303  542  239  264  589  325
16 2005 161.5  5.4  4.2  1.2  22  53.9  819.4 431  372  639  267  296  674  378
17 2006 168.4  6.9  3.6  3.3  47  71.5  890.9 464  367  569  202  305  651  346
18 2007 176.8  8.4  5.4  3.0  35  91.1  982.0 455  383  586  203  313  616  303
19 2008 185.2  8.4  5.1  3.3  39  95.5 1077.5 454  370  584  214  316  619  303
20 2009 190.6  5.4  3.3  2.1  38  63.8 1141.3 455  374  583  209  327  646  319
21 2010 193.9  3.3  2.1  1.2  36  39.9 1181.2 448  381  564  183  303  607  304
22 2011 196.9  3.0  1.8  1.2  40  36.8 1218.0 436  361  548  187  312  574  262
23 2012 199.9  3.0  2.1  0.9  30  37.4 1255.4 444  382  590  208  315  629  314
24 2013 202.0  2.1  1.8  0.3  14  26.5 1281.9 442  411  633  222  334  633  299
25 2014 202.9  0.9  0.6  0.3  33  11.4 1293.3 444  379  574  195  372  574  202
26 2015 205.9  3.0  1.5  1.5  50  38.5 1331.9 478  385  571  186  352  624  272
27 2016 207.4  1.5  1.2  0.3  20  19.5 1351.3 437  403  573  170  356  573  217

Core Length:  206.4 mm
Core Density: 402 kg/m3
Cross-sectional Density:  406 kg/m3
Early/Latewood Threshold: 500 kg/m3
Attenuation Constant: 3.32

ִִִִִִִִִִִִִִִִִִִִִִִִִִִִִִִִִִִִִִִִִִִִִִִִִִִִִִִִִִִִִִִִִִִִִִִִִִִִִִִ
Core : 94
ֲֲֲִִִִִִִִִִִִִִִִִִִִִִִִִִִִִִִִִִִִִִִִִִִִִִִִִִִִִִִִִִִִִִִִִִִִִִִִִִִִ
       ³Widths (mm)              ³ Areas    ³ Densities (kg/m3)
       ³                         ³ (cm‎)    ³
Ring   ³Outer Ring Erly Late   % ³Incr Total³Ring E/Wd L/Wd Unif  Min  Max  Rng
 # Year³ Rad.      Wood Wood  LW ³          ³mean mean mean
ֱֱֱִִִִִִִִִִִִִִִִִִִִִִִִִִִִִִִִִִִִִִִִִִִִִִִִִִִִִִִִִִִִִִִִִִִִִִִִִִִִ

 3 1991  26.0 26.0 21.0  0.0   0  21.2   21.2 308  308    0    0  240  452  212
 4 1992  48.5 22.5 22.5  0.0   0  52.7   73.9 322  322    0    0  256  463  207
 5 1993  65.3 16.8 15.3  1.5   8  60.1  134.0 340  322  525  203  245  562  317
 6 1994  76.7 11.4  9.6  1.8  15  50.9  184.8 406  377  559  182  305  596  291
 7 1995  90.2 13.5 11.7  1.8  13  70.8  255.6 406  385  543  158  296  573  277
 8 1996 104.9 14.7 13.2  1.5  10  90.1  345.7 392  376  536  160  299  566  267
 9 1997 116.0 11.1  9.3  1.8  16  77.0  422.7 407  381  542  161  324  616  292
10 1998 125.0  9.0  8.4  0.6   6  68.1  490.9 398  388  549  161  325  583  258
11 1999 133.7  8.7  7.8  0.9  10  70.7  561.6 417  401  554  153  338  582  244
12 2000 139.4  5.7  4.2  1.5  26  48.9  610.5 445  391  598  207  315  642  327
13 2001 146.0  6.6  4.5  2.1  31  59.2  669.7 462  410  572  162  343  614  271
14 2002 153.2  7.2  5.4  1.8  24  67.7  737.3 452  409  580  171  343  652  309
15 2003 162.5  9.3  5.4  3.9  41  92.2  829.6 481  410  580  170  368  627  259
16 2004 169.7  7.2  5.1  2.1  29  75.1  904.7 446  392  578  186  302  612  310
17 2005 176.6  6.9  4.2  2.7  39  75.1  979.8 489  416  602  186  341  644  303
18 2006 184.1  7.5  3.6  3.9  52  85.0 1064.8 487  409  559  150  325  613  288
19 2007 191.3  7.2  4.8  2.4  33  84.9 1149.7 442  381  565  184  330  627  297
20 2008 198.2  6.9  4.2  2.7  39  84.4 1234.1 488  409  610  201  318  662  344
21 2009 205.1  6.9  3.0  3.9  56  87.4 1321.5 486  389  561  172  333  606  273
22 2010 210.5  5.4  2.7  2.7  49  70.5 1392.0 502  425  578  153  349  659  310
23 2011 218.0  7.5  3.6  3.9  52 101.0 1493.0 475  403  542  139  323  588  265
24 2012 224.3  6.3  3.6  2.7  42  87.5 1580.6 475  398  579  181  323  662  339
25 2013 228.5  4.2  2.4  1.8  42  59.7 1640.3 493  403  614  211  354  672  318
26 2014 232.4  3.9  1.5  2.4  61  56.5 1696.8 516  389  595  206  346  691  345
27 2015 237.5  5.1  2.7  2.4  47  75.3 1772.1 500  410  601  191  351  657  306
28 2016 242.0  4.5  1.5  3.0  66  67.8 1839.8 515  405  570  165  352  673  321

Core Length:  237.6 mm
Core Density: 444 kg/m3
Cross-sectional Density:  450 kg/m3
Early/Latewood Threshold: 500 kg/m3
Attenuation Constant: 3.32

ִִִִִִִִִִִִִִִִִִִִִִִִִִִִִִִִִִִִִִִִִִִִִִִִִִִִִִִִִִִִִִִִִִִִִִִִִִִִִִִ
Core : 103
ֲֲֲִִִִִִִִִִִִִִִִִִִִִִִִִִִִִִִִִִִִִִִִִִִִִִִִִִִִִִִִִִִִִִִִִִִִִִִִִִִִ
       ³Widths (mm)              ³ Areas    ³ Densities (kg/m3)
       ³                         ³ (cm‎)    ³
Ring   ³Outer Ring Erly Late   % ³Incr Total³Ring E/Wd L/Wd Unif  Min  Max  Rng
 # Year³ Rad.      Wood Wood  LW ³          ³mean mean mean
ֱֱֱִִִִִִִִִִִִִִִִִִִִִִִִִִִִִִִִִִִִִִִִִִִִִִִִִִִִִִִִִִִִִִִִִִִִִִִִִִִִ

 2 1990  10.3 10.3  9.3  0.0   0   3.3    3.3 346  346    0    0  299  484  185
 3 1991  26.5 16.2 16.2  0.0   0  18.7   22.1 366  366    0    0  293  450  157
 4 1992  46.3 19.8 19.8  0.0   0  45.3   67.3 382  382    0    0  287  499  212
 5 1993  64.9 18.6 16.2  2.4  12  65.0  132.3 398  377  540  163  317  578  261
 6 1994  75.7 10.8  6.6  4.2  38  47.7  180.0 476  416  569  153  352  596  244
 7 1995  88.0 12.3  6.0  6.3  51  63.3  243.3 478  416  538  122  345  629  284
 8 1996  98.8 10.8  6.3  4.5  41  63.4  306.7 466  408  547  139  344  615  271
 9 1997 107.2  8.4  6.3  2.1  24  54.4  361.0 434  393  556  163  328  595  267
10 1998 113.8  6.6  5.1  1.5  22  45.8  406.9 421  373  585  212  297  620  323
11 1999 121.9  8.1  4.8  3.3  40  60.0  466.8 485  418  583  165  357  655  298
12 2000 128.8  6.9  4.5  2.4  34  54.3  521.2 450  377  587  210  314  685  371
13 2001 136.0  7.2  3.6  3.6  50  59.9  581.1 508  413  604  191  344  705  361
14 2002 142.6  6.6  4.5  2.1  31  57.8  638.8 451  391  580  189  336  671  335
15 2003 149.8  7.2  4.8  2.4  33  66.1  705.0 457  400  571  171  365  686  321
16 2004 155.2  5.4  3.6  1.8  33  51.7  756.7 457  390  592  202  338  651  313
17 2005 159.7  4.5  3.3  1.2  26  44.5  801.2 454  406  587  181  345  699  354
18 2006 163.6  3.9  2.1  1.8  46  39.6  840.8 495  399  606  207  352  701  349
19 2007 168.4  4.8  3.0  1.8  37  50.1  890.9 472  413  571  158  363  702  339
20 2008 172.9  4.5  2.4  2.1  46  48.3  939.2 509  411  621  210  372  745  373
21 2009 177.4  4.5  2.4  2.1  46  49.5  988.7 525  431  633  202  376  736  360
22 2010 181.3  3.9  2.4  1.5  38  43.9 1032.6 483  413  595  182  357  679  322
23 2011 185.2  3.9  1.8  2.1  53  44.9 1077.5 515  412  603  191  367  715  348
24 2012 188.8  3.6  2.1  1.5  41  42.3 1119.8 518  433  638  205  403  710  307
25 2013 191.5  2.7  1.8  0.9  33  32.3 1152.1 497  432  626  194  399  733  334
26 2014 193.3  1.8  0.9  0.9  49  21.8 1173.9 545  437  652  215  399  732  333
27 2015 196.0  2.7  1.5  1.2  44  33.0 1206.9 514  430  620  190  377  717  340
28 2016 197.8  1.8  1.2  0.6  33  22.3 1229.1 490  447  578  131  401  646  245

Core Length:  196.8 mm
Core Density: 466 kg/m3
Cross-sectional Density:  468 kg/m3
Early/Latewood Threshold: 500 kg/m3
Attenuation Constant: 3.32

ִִִִִִִִִִִִִִִִִִִִִִִִִִִִִִִִִִִִִִִִִִִִִִִִִִִִִִִִִִִִִִִִִִִִִִִִִִִִִִִ
Core : 113
ֲֲֲִִִִִִִִִִִִִִִִִִִִִִִִִִִִִִִִִִִִִִִִִִִִִִִִִִִִִִִִִִִִִִִִִִִִִִִִִִִִ
       ³Widths (mm)              ³ Areas    ³ Densities (kg/m3)
       ³                         ³ (cm‎)    ³
Ring   ³Outer Ring Erly Late   % ³Incr Total³Ring E/Wd L/Wd Unif  Min  Max  Rng
 # Year³ Rad.      Wood Wood  LW ³          ³mean mean mean
ֱֱֱִִִִִִִִִִִִִִִִִִִִִִִִִִִִִִִִִִִִִִִִִִִִִִִִִִִִִִִִִִִִִִִִִִִִִִִִִִִִ

 1 1990  12.3 12.3 12.0  0.3   2   4.8    4.8 354  350  523  173  194  523  329
 2 1991  31.2 18.9 18.9  0.0   0  25.8   30.6 353  353    0    0  271  497  226
 3 1992  50.4 19.2 16.5  2.7  14  49.2   79.8 374  350  520  170  267  534  267
 4 1993  66.0 15.6 13.5  2.1  13  57.0  136.8 390  362  567  205  310  604  294
 5 1994  79.2 13.2  8.7  4.5  34  60.2  197.1 457  390  585  195  326  666  340
 6 1995  92.4 13.2 11.1  2.1  15  71.2  268.2 422  396  557  161  294  618  324
 7 1996 105.6 13.2  9.6  3.6  27  82.1  350.3 442  400  555  155  316  605  289
 8 1997 118.8 13.2  9.3  3.9  29  93.1  443.4 440  390  560  170  312  614  302
 9 1998 129.0 10.2  7.8  2.4  23  79.4  522.8 426  393  534  141  293  563  270
10 1999 140.1 11.1  5.1  6.0  54  93.8  616.6 502  422  570  148  314  626  312
11 2000 146.4  6.3  3.3  3.0  47  56.7  673.3 470  358  593  235  308  660  352
12 2001 153.3  6.9  3.9  3.0  43  65.0  738.3 475  384  593  209  302  680  378
13 2002 160.8  7.5  3.9  3.6  48  74.0  812.3 477  363  602  239  316  658  342
14 2003 169.2  8.4  4.5  3.9  46  87.1  899.4 498  402  610  208  321  662  341
15 2004 174.0  4.8  3.0  1.8  37  51.8  951.1 468  381  613  232  310  640  330
16 2005 178.2  4.2  2.1  2.1  49  46.5  997.6 495  392  598  206  312  679  367
17 2006 182.4  4.2  1.8  2.4  57  47.6 1045.2 507  388  596  208  343  676  333
18 2007 186.3  3.9  1.8  2.1  53  45.2 1090.4 489  371  590  219  346  646  300
19 2008 190.2  3.9  1.8  2.1  53  46.1 1136.5 518  414  608  194  346  682  336
20 2009 193.5  3.3  1.2  2.1  63  39.8 1176.3 541  410  616  206  381  661  280
21 2010 195.6  2.1  0.9  1.2  57  25.7 1202.0 528  408  618  210  384  665  281
22 2011 200.1  4.5  1.2  3.3  73  55.9 1257.9 564  418  617  199  369  660  291
23 2012 204.9  4.8  1.8  3.0  62  61.1 1319.0 545  421  620  199  374  707  333
24 2013 207.9  3.0  0.9  2.1  70  38.9 1357.9 552  428  605  177  389  687  298
25 2014 212.1  4.2  0.9  3.3  78  55.4 1413.3 600  448  642  194  430  688  258
26 2015 218.1  6.0  1.8  4.2  70  81.1 1494.4 556  411  618  207  393  665  272
27 2016 221.1  3.0  1.2  1.8  60  41.4 1535.8 534  428  605  177  380  710  330

Core Length:  221.1 mm
Core Density: 480 kg/m3
Cross-sectional Density:  483 kg/m3
Early/Latewood Threshold: 500 kg/m3
Attenuation Constant: 3.32

ִִִִִִִִִִִִִִִִִִִִִִִִִִִִִִִִִִִִִִִִִִִִִִִִִִִִִִִִִִִִִִִִִִִִִִִִִִִִִִִ
Core : 117
ֲֲֲִִִִִִִִִִִִִִִִִִִִִִִִִִִִִִִִִִִִִִִִִִִִִִִִִִִִִִִִִִִִִִִִִִִִִִִִִִִִ
       ³Widths (mm)              ³ Areas    ³ Densities (kg/m3)
       ³                         ³ (cm‎)    ³
Ring   ³Outer Ring Erly Late   % ³Incr Total³Ring E/Wd L/Wd Unif  Min  Max  Rng
 # Year³ Rad.      Wood Wood  LW ³          ³mean mean mean
ֱֱֱִִִִִִִִִִִִִִִִִִִִִִִִִִִִִִִִִִִִִִִִִִִִִִִִִִִִִִִִִִִִִִִִִִִִִִִִִִִִ

 2 1990  12.0 12.0  9.0  0.0   0   4.5    4.5 400  400    0    0  359  458   99
 3 1991  25.5 13.5 13.5  0.0   0  15.9   20.4 381  381    0    0  345  463  118
 4 1992  43.8 18.3 18.3  0.0   0  39.8   60.3 376  376    0    0  318  483  165
 5 1993  64.5 20.7 19.2  1.5   7  70.4  130.7 398  387  544  157  328  585  257
 6 1994  81.6 17.1 12.3  4.8  28  78.5  209.2 467  436  547  111  381  614  233
 7 1995  95.7 14.1 12.0  2.1  14  78.5  287.7 429  404  571  167  337  613  276
 8 1996 110.1 14.4 11.1  3.3  22  93.1  380.8 438  408  538  130  356  604  248
 9 1997 121.5 11.4  6.6  4.8  42  82.9  463.8 478  407  575  168  346  629  283
10 1998 133.8 12.3  8.1  4.2  34  98.7  562.4 449  395  551  156  333  605  272
11 1999 144.3 10.5  5.7  4.8  45  91.7  654.2 501  435  579  144  383  642  259
12 2000 150.6  6.3  4.5  1.8  28  58.4  712.5 453  409  566  157  351  642  291
13 2001 154.5  3.9  2.4  1.5  38  37.4  749.9 509  436  628  192  362  713  351
14 2002 157.8  3.3  1.8  1.5  45  32.4  782.3 510  438  597  159  380  671  291
15 2003 162.6  4.8  1.8  3.0  62  48.3  830.6 542  457  594  137  404  762  358
16 2004 168.9  6.3  3.3  3.0  47  65.6  896.2 528  423  645  222  368  720  352
17 2005 173.7  4.8  1.8  3.0  62  51.7  947.9 528  421  592  171  387  775  388
18 2006 178.2  4.5  1.5  3.0  66  49.7  997.6 575  414  655  241  393  740  347
19 2007 181.8  3.6  1.8  1.8  50  40.7 1038.3 545  433  657  224  394  779  385
20 2008 185.4  3.6  1.8  1.8  49  41.5 1079.9 540  437  642  205  397  759  362
21 2009 189.3  3.9  1.2  2.7  69  45.9 1125.8 574  441  634  193  417  752  335
22 2010 192.9  3.6  1.5  2.1  58  43.2 1169.0 551  447  626  179  407  779  372
23 2011 195.6  2.7  0.9  1.8  66  33.0 1202.0 565  447  624  177  397  744  347
24 2012 199.2  3.6  1.2  2.4  66  44.7 1246.6 544  432  601  169  405  729  324
25 2013 202.5  3.3  1.2  2.1  63  41.6 1288.2 545  460  593  133  434  708  274
26 2014 204.9  2.4  0.6  1.8  75  30.7 1319.0 579  450  622  172  415  719  304
27 2015 208.5  3.6  2.1  1.5  41  46.8 1365.7 524  441  641  200  410  721  311
28 2016 210.9  2.4  0.9  1.5  62  31.6 1397.3 537  423  606  183  346  732  386

Core Length:  207.9 mm
Core Density: 498 kg/m3
Cross-sectional Density:  493 kg/m3
Early/Latewood Threshold: 500 kg/m3
Attenuation Constant: 3.32

ִִִִִִִִִִִִִִִִִִִִִִִִִִִִִִִִִִִִִִִִִִִִִִִִִִִִִִִִִִִִִִִִִִִִִִִִִִִִִִִ
Core : 129
ֲֲֲִִִִִִִִִִִִִִִִִִִִִִִִִִִִִִִִִִִִִִִִִִִִִִִִִִִִִִִִִִִִִִִִִִִִִִִִִִִִ
       ³Widths (mm)              ³ Areas    ³ Densities (kg/m3)
       ³                         ³ (cm‎)    ³
Ring   ³Outer Ring Erly Late   % ³Incr Total³Ring E/Wd L/Wd Unif  Min  Max  Rng
 # Year³ Rad.      Wood Wood  LW ³          ³mean mean mean
ֱֱֱִִִִִִִִִִִִִִִִִִִִִִִִִִִִִִִִִִִִִִִִִִִִִִִִִִִִִִִִִִִִִִִִִִִִִִִִִִִִ

 3 1991  25.2 25.2 15.9  0.3   1  20.0   20.0 365  362  517  155  278  517  239
 4 1992  41.1 15.9 14.4  1.5   9  33.1   53.1 393  375  567  192  304  600  296
 5 1993  57.9 16.8 14.1  2.7  16  52.3  105.3 421  395  555  160  312  622  310
 6 1994  69.6 11.7  8.7  3.0  25  46.9  152.2 449  395  605  210  317  691  374
 7 1995  83.7 14.1  9.0  5.1  36  67.9  220.1 439  369  562  193  278  689  411
 8 1996  99.9 16.2 11.4  4.8  29  93.4  313.5 453  412  549  137  320  651  331
 9 1997 114.0 14.1  9.3  4.8  34  94.8  408.3 473  427  564  137  323  641  318
10 1998 124.2 10.2  6.9  3.3  32  76.3  484.6 434  365  581  216  286  665  379
11 1999 138.9 14.7  8.1  6.6  44 121.5  606.1 473  410  552  142  331  649  318
12 2000 145.5  6.6  4.8  1.8  27  59.0  665.1 426  363  596  233  295  683  388
13 2001 153.9  8.4  5.1  3.3  39  79.0  744.1 486  396  627  231  312  736  424
14 2002 161.7  7.8  4.8  3.0  38  77.3  821.4 485  409  607  198  333  727  394
15 2003 170.4  8.7  4.5  4.2  48  90.8  912.2 517  424  616  192  385  724  339
16 2004 176.7  6.3  3.6  2.7  42  68.7  980.9 495  402  619  217  334  763  429
17 2005 181.8  5.1  3.0  2.1  41  57.4 1038.3 487  404  606  202  337  754  417
18 2006 185.1  3.3  2.4  0.9  27  38.0 1076.4 435  368  613  245  313  654  341
19 2007 187.5  2.4  1.5  0.9  37  28.1 1104.5 474  392  611  219  338  751  413
20 2008 189.6  2.1  1.2  0.9  42  24.9 1129.3 455  374  564  190  353  626  273
21 2009 191.1  1.5  0.9  0.6  40  17.9 1147.3 505  400  663  263  374  698  324
22 2010 192.6  1.5  0.9  0.6  40  18.1 1165.4 512  418  653  235  404  760  356
23 2011 195.0  2.4  1.2  1.2  50  29.2 1194.6 553  410  697  287  381  760  379
24 2012 198.0  3.0  1.5  1.5  50  37.0 1231.6 516  412  619  207  374  749  375
25 2013 200.1  2.1  0.9  1.2  57  26.3 1257.9 529  418  612  194  394  663  269
26 2014 201.6  1.5  0.9  0.6  40  18.9 1276.8 532  462  636  174  429  766  337
27 2015 203.4  1.8  0.6  1.2  66  22.9 1299.7 559  448  614  166  414  705  291
28 2016 204.3  0.9  0.3  0.6  66  11.5 1311.3 559  466  605  139  466  651  185

Core Length:  195.3 mm
Core Density: 477 kg/m3
Cross-sectional Density:  471 kg/m3
Early/Latewood Threshold: 500 kg/m3
Attenuation Constant: 3.32

ִִִִִִִִִִִִִִִִִִִִִִִִִִִִִִִִִִִִִִִִִִִִִִִִִִִִִִִִִִִִִִִִִִִִִִִִִִִִִִִ
Core : 138
ֲֲֲִִִִִִִִִִִִִִִִִִִִִִִִִִִִִִִִִִִִִִִִִִִִִִִִִִִִִִִִִִִִִִִִִִִִִִִִִִִִ
       ³Widths (mm)              ³ Areas    ³ Densities (kg/m3)
       ³                         ³ (cm‎)    ³
Ring   ³Outer Ring Erly Late   % ³Incr Total³Ring E/Wd L/Wd Unif  Min  Max  Rng
 # Year³ Rad.      Wood Wood  LW ³          ³mean mean mean
ֱֱֱִִִִִִִִִִִִִִִִִִִִִִִִִִִִִִִִִִִִִִִִִִִִִִִִִִִִִִִִִִִִִִִִִִִִִִִִִִִִ

 3 1991  28.4 28.4 17.4  0.0   0  25.3   25.3 349  349    0    0  280  462  182
 4 1992  48.5 20.1 20.1  0.0   0  48.6   73.9 363  363    0    0  269  483  214
 5 1993  64.7 16.2 14.4  1.8  11  57.6  131.5 358  337  525  188  293  560  267
 6 1994  77.0 12.3  7.8  4.5  36  54.8  186.3 463  415  547  132  356  601  245
 7 1995  86.6  9.6  8.4  1.2  12  49.3  235.6 404  386  529  143  310  564  254
 8 1996  97.7 11.1  6.3  4.8  43  64.3  299.9 468  399  559  160  306  621  315
 9 1997 108.2 10.5  5.1  5.4  51  67.9  367.8 508  414  597  183  340  672  332
10 1998 116.9  8.7  5.4  3.3  37  61.5  429.3 461  396  569  173  306  634  328
11 1999 126.2  9.3  4.2  5.1  54  71.0  500.3 508  403  595  192  334  656  322
12 2000 131.6  5.4  2.1  3.3  61  43.7  544.1 515  367  609  242  314  737  423
13 2001 137.9  6.3  2.4  3.9  61  53.3  597.4 521  404  593  189  337  688  351
14 2002 142.4  4.5  1.8  2.7  60  39.6  637.0 530  405  613  208  346  681  335
15 2003 149.9  7.5  3.6  3.9  52  68.9  705.9 524  441  601  160  381  689  308
16 2004 154.7  4.8  1.8  3.0  62  45.9  751.8 528  410  599  189  377  683  306
17 2005 157.7  3.0  1.2  1.8  60  29.4  781.3 553  428  636  208  387  729  342
18 2006 161.0  3.3  0.9  2.4  72  33.0  814.3 564  418  619  201  378  713  335
19 2007 164.0  3.0  1.2  1.8  60  30.6  845.0 558  442  636  194  406  679  273
20 2008 167.3  3.3  0.9  2.4  72  34.3  879.3 583  440  637  197  428  750  322
21 2009 170.9  3.6  0.9  2.7  74  38.2  917.6 581  446  626  180  406  726  320
22 2010 173.9  3.0  0.6  2.4  80  32.5  950.1 566  401  608  207  373  733  360
23 2011 176.9  3.0  0.9  2.1  70  33.1  983.1 567  431  625  194  399  679  280
24 2012 181.7  4.8  1.2  3.6  74  54.1 1037.2 551  430  591  161  396  678  282
25 2013 184.4  2.7  0.9  1.8  66  31.1 1068.2 553  432  613  181  411  722  311
26 2014 186.2  1.8  0.6  1.2  66  21.0 1089.2 606  462  679  217  459  733  274
27 2015 190.1  3.9  0.9  3.0  76  46.1 1135.3 595  443  640  197  419  735  316
28 2016 191.6  1.5  0.3  1.2  80  18.0 1153.3 607  451  647  196  451  750  299

Core Length:  180.6 mm
Core Density: 514 kg/m3
Cross-sectional Density:  505 kg/m3
Early/Latewood Threshold: 500 kg/m3
Attenuation Constant: 3.32

