File : C:\DENSITOM\WOODHI~1\WHILL47.DAT
Cores :
11
13
16
17
22
31
33
37
39
44
45
46

ִִִִִִִִִִִִִִִִִִִִִִִִִִִִִִִִִִִִִִִִִִִִִִִִִִִִִִִִִִִִִִִִִִִִִִִִִִִִִִִ
Core : 11
ֲֲֲִִִִִִִִִִִִִִִִִִִִִִִִִִִִִִִִִִִִִִִִִִִִִִִִִִִִִִִִִִִִִִִִִִִִִִִִִִִִ
       ³Widths (mm)              ³ Areas    ³ Densities (kg/m3)
       ³                         ³ (cm‎)    ³
Ring   ³Outer Ring Erly Late   % ³Incr Total³Ring E/Wd L/Wd Unif  Min  Max  Rng
 # Year³ Rad.      Wood Wood  LW ³          ³mean mean mean
ֱֱֱִִִִִִִִִִִִִִִִִִִִִִִִִִִִִִִִִִִִִִִִִִִִִִִִִִִִִִִִִִִִִִִִִִִִִִִִִִִִ

 1 1989   4.8  4.8  4.8  0.0   0   0.7    0.7 351  351    0    0  180  406  226
 2 1990  11.4  6.6  6.6  0.0   0   3.4    4.1 347  347    0    0  301  422  121
 3 1991  29.7 18.3 18.3  0.0   0  23.6   27.7 350  350    0    0  292  486  194
 4 1992  50.7 21.0 20.7  0.3   1  53.0   80.8 367  365  501  136  288  501  213
 5 1993  67.5 16.8 14.4  2.4  14  62.4  143.1 367  337  546  209  278  582  304
 6 1994  75.0  7.5  5.1  2.4  32  33.6  176.7 444  377  587  210  315  642  327
 7 1995  81.9  6.9  4.2  2.7  39  34.0  210.7 442  372  553  181  305  589  284
 8 1996  88.5  6.6  3.9  2.7  40  35.3  246.1 457  386  559  173  321  615  294
 9 1997  95.1  6.6  3.6  3.0  45  38.1  284.1 493  400  604  204  319  657  338
10 1998 100.8  5.7  3.0  2.7  47  35.1  319.2 498  398  608  210  328  663  335
11 1999 108.3  7.5  3.0  4.5  60  49.3  368.5 509  414  572  158  363  640  277
12 2000 113.4  5.1  3.3  1.8  35  35.5  404.0 449  365  604  239  305  696  391
13 2001 121.2  7.8  3.9  3.9  49  57.5  461.5 500  418  583  165  329  645  316
14 2002 129.0  7.8  3.6  4.2  53  61.3  522.8 513  428  586  158  347  636  289
15 2003 139.5 10.5  4.5  6.0  57  88.6  611.4 509  422  575  153  342  646  304
16 2004 145.8  6.3  3.0  3.3  52  56.5  667.8 505  414  589  175  341  638  297
17 2005 151.5  5.7  2.7  3.0  52  53.2  721.1 504  405  594  189  359  680  321
18 2006 156.9  5.4  2.1  3.3  61  52.3  773.4 542  420  620  200  346  685  339
19 2007 163.2  6.3  2.1  4.2  66  63.4  836.7 514  406  569  163  376  672  296
20 2008 169.5  6.3  3.6  2.7  42  65.8  902.6 503  425  607  182  358  668  310
21 2009 177.9  8.4  4.8  3.6  42  91.7  994.3 472  420  543  123  335  605  270
22 2010 183.9  6.0  3.6  2.4  40  68.2 1062.5 475  396  594  198  325  682  357
23 2011 192.3  8.4  3.0  5.4  64  99.3 1161.7 515  420  568  148  357  609  252
24 2012 201.0  8.7  5.7  3.0  34 107.5 1269.2 478  429  572  143  358  635  277
25 2013 207.3  6.3  3.6  2.7  42  80.8 1350.0 495  415  602  187  369  654  285
26 2014 210.6  3.3  1.2  2.1  63  43.3 1393.4 525  400  597  197  364  697  333
27 2015 215.4  4.8  2.4  2.4  49  64.2 1457.6 509  413  605  192  358  687  329
28 2016 219.3  3.9  1.8  2.1  53  53.3 1510.9 508  427  578  151  383  631  248

Core Length:  219.9 mm
Core Density: 469 kg/m3
Cross-sectional Density:  483 kg/m3
Early/Latewood Threshold: 500 kg/m3
Attenuation Constant: 3.19

ִִִִִִִִִִִִִִִִִִִִִִִִִִִִִִִִִִִִִִִִִִִִִִִִִִִִִִִִִִִִִִִִִִִִִִִִִִִִִִִ
Core : 13
ֲֲֲִִִִִִִִִִִִִִִִִִִִִִִִִִִִִִִִִִִִִִִִִִִִִִִִִִִִִִִִִִִִִִִִִִִִִִִִִִִִ
       ³Widths (mm)              ³ Areas    ³ Densities (kg/m3)
       ³                         ³ (cm‎)    ³
Ring   ³Outer Ring Erly Late   % ³Incr Total³Ring E/Wd L/Wd Unif  Min  Max  Rng
 # Year³ Rad.      Wood Wood  LW ³          ³mean mean mean
ֱֱֱִִִִִִִִִִִִִִִִִִִִִִִִִִִִִִִִִִִִִִִִִִִִִִִִִִִִִִִִִִִִִִִִִִִִִִִִִִִִ

 1 1989   4.5  4.5  4.5  0.0   0   0.6    0.6 304  304    0    0  206  399  193
 2 1990  15.3 10.8 10.2  0.6   5   6.7    7.4 360  351  511  160  279  514  235
 3 1991  36.6 21.3 21.3  0.0   0  34.7   42.1 324  324    0    0  253  404  151
 4 1992  57.0 20.4 20.4  0.0   0  60.0  102.1 349  349    0    0  278  476  198
 5 1993  75.6 18.6 16.2  2.4  12  77.5  179.6 379  358  525  167  274  549  275
 6 1994  86.7 11.1  9.6  1.5  13  56.6  236.2 391  363  566  203  288  615  327
 7 1995  95.7  9.0  8.4  0.6   6  51.6  287.7 384  370  584  214  281  592  311
 8 1996 105.6  9.9  6.9  3.0  30  62.6  350.3 426  382  528  146  290  575  285
 9 1997 114.6  9.0  6.6  2.4  26  62.3  412.6 427  371  581  210  282  615  333
10 1998 122.7  8.1  5.4  2.7  33  60.4  473.0 416  342  564  222  262  597  335
11 1999 129.9  7.2  4.2  3.0  41  57.1  530.1 465  376  590  214  284  637  353
12 2000 134.4  4.5  3.3  1.2  26  37.4  567.5 430  372  589  217  299  648  349
13 2001 140.7  6.3  3.3  3.0  47  54.4  621.9 496  411  589  178  304  720  416
14 2002 146.1  5.4  3.6  1.8  33  48.7  670.6 462  382  622  240  321  725  404
15 2003 152.7  6.6  4.5  2.1  31  62.0  732.5 447  384  581  197  300  664  364
16 2004 156.6  3.9  2.4  1.5  38  37.9  770.4 471  391  599  208  316  662  346
17 2005 161.7  5.1  3.6  1.5  29  51.0  821.4 467  409  607  198  311  669  358
18 2006 166.8  5.1  3.3  1.8  35  52.6  874.1 476  397  620  223  314  683  369
19 2007 172.2  5.4  3.9  1.5  27  57.5  931.6 472  416  617  201  350  655  305
20 2008 176.4  4.2  2.1  2.1  50  46.0  977.6 518  417  619  202  324  714  390
21 2009 181.5  5.1  2.4  2.7  52  57.3 1034.9 497  402  582  180  334  698  364
22 2010 184.5  3.0  1.8  1.2  40  34.5 1069.4 495  413  618  205  327  680  353
23 2011 186.9  2.4  1.2  1.2  49  28.0 1097.4 520  439  601  162  378  637  259
24 2012 189.9  3.0  1.5  1.5  50  35.5 1132.9 500  397  603  206  341  693  352
25 2013 192.6  2.7  1.2  1.5  55  32.4 1165.4 501  386  594  208  346  705  359
26 2014 194.4  1.8  0.9  0.9  49  21.9 1187.3 517  424  609  185  378  653  275
27 2015 196.2  1.8  0.9  0.9  49  22.1 1209.3 515  422  607  185  377  653  276
28 2016 198.3  2.1  1.2  0.9  42  26.0 1235.4 486  403  597  194  352  649  297

Core Length:  198.3 mm
Core Density: 446 kg/m3
Cross-sectional Density:  446 kg/m3
Early/Latewood Threshold: 500 kg/m3
Attenuation Constant: 3.19

ִִִִִִִִִִִִִִִִִִִִִִִִִִִִִִִִִִִִִִִִִִִִִִִִִִִִִִִִִִִִִִִִִִִִִִִִִִִִִִִ
Core : 16
ֲֲֲִִִִִִִִִִִִִִִִִִִִִִִִִִִִִִִִִִִִִִִִִִִִִִִִִִִִִִִִִִִִִִִִִִִִִִִִִִִִ
       ³Widths (mm)              ³ Areas    ³ Densities (kg/m3)
       ³                         ³ (cm‎)    ³
Ring   ³Outer Ring Erly Late   % ³Incr Total³Ring E/Wd L/Wd Unif  Min  Max  Rng
 # Year³ Rad.      Wood Wood  LW ³          ³mean mean mean
ֱֱֱִִִִִִִִִִִִִִִִִִִִִִִִִִִִִִִִִִִִִִִִִִִִִִִִִִִִִִִִִִִִִִִִִִִִִִִִִִִִ

 2 1991  21.1 21.1 18.9  1.2   5  14.0   14.0 385  376  534  158  299  551  252
 3 1992  39.4 18.3 18.0  0.3   1  34.8   48.8 394  392  518  126  329  518  189
 4 1993  55.3 15.9 11.4  4.5  28  47.3   96.1 434  380  570  190  306  639  333
 5 1994  66.1 10.8  7.2  3.6  33  41.2  137.3 484  435  582  147  368  649  281
 6 1995  75.7  9.6  6.6  3.0  31  42.8  180.0 466  425  556  131  366  662  296
 7 1996  86.5 10.8  7.2  3.6  33  55.0  235.1 463  403  582  179  360  669  309
 8 1997  97.3 10.8  6.3  4.5  41  62.4  297.4 475  409  567  158  363  659  296
 9 1998 105.4  8.1  5.1  3.0  37  51.6  349.0 471  391  606  215  326  666  340
10 1999 113.2  7.8  5.1  2.7  34  53.6  402.6 474  412  593  181  367  685  318
11 2000 119.5  6.3  3.6  2.7  42  46.1  448.6 487  391  615  224  347  699  352
12 2001 134.2 14.7  7.5  7.2  48 117.2  565.8 502  443  563  120  337  681  344
13 2002 143.2  9.0  4.2  4.8  53  78.4  644.2 512  410  602  192  369  686  317
14 2003 156.1 12.9  6.3  6.6  51 121.3  765.5 524  433  611  178  377  697  320
15 2004 166.3 10.2  3.0  7.2  70 103.3  868.8 565  436  619  183  375  706  331
16 2005 174.4  8.1  3.3  4.8  59  86.7  955.5 547  440  621  181  408  712  304
17 2006 181.0  6.6  2.7  3.9  59  73.7 1029.2 544  439  616  177  388  694  306
18 2007 189.4  8.4  4.5  3.9  46  97.7 1127.0 521  438  617  179  398  691  293
19 2008 195.1  5.7  2.7  3.0  52  68.9 1195.8 540  436  634  198  395  727  332
20 2009 200.5  5.4  2.1  3.3  61  67.1 1262.9 537  441  598  157  386  728  342
21 2010 204.7  4.2  1.5  2.7  64  53.5 1316.4 532  419  594  175  382  688  306
22 2011 208.9  4.2  1.2  3.0  71  54.6 1371.0 556  419  610  191  392  701  309
23 2012 213.4  4.5  1.5  3.0  66  59.7 1430.7 575  462  631  169  441  761  320
24 2013 217.9  4.5  2.4  2.1  46  61.0 1491.6 542  436  664  228  378  718  340
25 2014 221.2  3.3  1.5  1.8  54  45.5 1537.2 508  404  595  191  383  703  320
26 2015 224.5  3.3  1.5  1.8  54  46.2 1583.4 528  422  616  194  390  703  313
27 2016 227.8  3.3  1.5  1.8  54  46.9 1630.3 538  442  618  176  411  738  327

Core Length:  227.1 mm
Core Density: 504 kg/m3
Cross-sectional Density:  514 kg/m3
Early/Latewood Threshold: 500 kg/m3
Attenuation Constant: 3.19

ִִִִִִִִִִִִִִִִִִִִִִִִִִִִִִִִִִִִִִִִִִִִִִִִִִִִִִִִִִִִִִִִִִִִִִִִִִִִִִִ
Core : 17
ֲֲֲִִִִִִִִִִִִִִִִִִִִִִִִִִִִִִִִִִִִִִִִִִִִִִִִִִִִִִִִִִִִִִִִִִִִִִִִִִִִ
       ³Widths (mm)              ³ Areas    ³ Densities (kg/m3)
       ³                         ³ (cm‎)    ³
Ring   ³Outer Ring Erly Late   % ³Incr Total³Ring E/Wd L/Wd Unif  Min  Max  Rng
 # Year³ Rad.      Wood Wood  LW ³          ³mean mean mean
ֱֱֱִִִִִִִִִִִִִִִִִִִִִִִִִִִִִִִִִִִִִִִִִִִִִִִִִִִִִִִִִִִִִִִִִִִִִִִִִִִִ

 2 1990  20.1 20.1 14.1  0.0   0  12.7   12.7 342  342    0    0  279  433  154
 3 1991  39.0 18.9 18.3  0.6   3  35.1   47.8 360  354  515  161  290  521  231
 4 1992  57.9 18.9 18.3  0.6   3  57.5  105.3 374  369  515  146  300  523  223
 5 1993  77.7 19.8 17.1  2.7  13  84.3  189.7 410  385  568  183  291  619  328
 6 1994  88.8 11.1  6.3  4.8  43  58.1  247.7 477  396  584  188  355  641  286
 7 1995  98.4  9.6  7.5  2.1  21  56.5  304.2 451  418  567  149  344  671  327
 8 1996 108.6 10.2  4.8  5.4  52  66.3  370.5 491  368  601  233  306  689  383
 9 1997 119.7 11.1  6.3  4.8  43  79.6  450.1 492  417  590  173  334  697  363
10 1998 127.5  7.8  4.5  3.3  42  60.6  510.7 462  374  582  208  333  633  300
11 1999 135.0  7.5  4.2  3.3  44  61.9  572.6 497  391  632  241  337  707  370
12 2000 139.8  4.8  2.4  2.4  49  41.4  614.0 504  362  646  284  326  738  412
13 2001 147.6  7.8  2.7  5.1  65  70.4  684.4 538  404  609  205  325  733  408
14 2002 154.5  6.9  2.1  4.8  69  65.5  749.9 556  401  624  223  348  707  359
15 2003 162.3  7.8  3.9  3.9  49  77.6  827.5 522  439  605  166  360  736  376
16 2004 167.4  5.1  2.4  2.7  52  52.8  880.4 510  407  602  195  358  695  337
17 2005 172.5  5.1  3.0  2.1  41  54.5  934.8 480  391  609  218  337  728  391
18 2006 177.9  5.4  2.1  3.3  61  59.4  994.3 532  395  619  224  349  680  331
19 2007 183.3  5.4  3.0  2.4  44  61.3 1055.5 512  418  630  212  351  702  351
20 2008 186.3  3.0  0.9  2.1  70  34.8 1090.4 540  399  600  201  368  695  327
21 2009 190.2  3.9  1.2  2.7  69  46.1 1136.5 540  401  602  201  348  659  311
22 2010 193.2  3.0  1.2  1.8  60  36.1 1172.6 536  399  627  228  359  705  346
23 2011 197.7  4.5  1.5  3.0  66  55.3 1227.9 536  405  602  197  380  656  276
24 2012 201.3  3.6  1.2  2.4  66  45.1 1273.0 536  414  597  183  366  659  293
25 2013 204.3  3.0  1.5  1.5  50  38.2 1311.3 495  405  585  180  359  712  353
26 2014 206.4  2.1  0.9  1.2  57  27.1 1338.3 539  402  641  239  338  679  341
27 2015 209.1  2.7  1.2  1.5  55  35.2 1373.6 531  412  626  214  365  684  319
28 2016 212.1  3.0  1.2  1.8  60  39.7 1413.3 513  396  591  195  336  682  346

Core Length:  206.4 mm
Core Density: 491 kg/m3
Cross-sectional Density:  493 kg/m3
Early/Latewood Threshold: 500 kg/m3
Attenuation Constant: 3.19

ִִִִִִִִִִִִִִִִִִִִִִִִִִִִִִִִִִִִִִִִִִִִִִִִִִִִִִִִִִִִִִִִִִִִִִִִִִִִִִִ
Core : 22
ֲֲֲִִִִִִִִִִִִִִִִִִִִִִִִִִִִִִִִִִִִִִִִִִִִִִִִִִִִִִִִִִִִִִִִִִִִִִִִִִִִ
       ³Widths (mm)              ³ Areas    ³ Densities (kg/m3)
       ³                         ³ (cm‎)    ³
Ring   ³Outer Ring Erly Late   % ³Incr Total³Ring E/Wd L/Wd Unif  Min  Max  Rng
 # Year³ Rad.      Wood Wood  LW ³          ³mean mean mean
ֱֱֱִִִִִִִִִִִִִִִִִִִִִִִִִִִִִִִִִִִִִִִִִִִִִִִִִִִִִִִִִִִִִִִִִִִִִִִִִִִִ

 1 1990   3.3  3.3  3.3  0.0   0   0.3    0.3 370  370    0    0  283  435  152
 2 1991  21.0 17.7 17.7  0.0   0  13.5   13.9 336  336    0    0  265  460  195
 3 1992  35.7 14.7 14.7  0.0   0  26.2   40.0 361  361    0    0  294  497  203
 4 1993  52.8 17.1 13.5  3.6  21  47.5   87.6 385  344  537  193  269  572  303
 5 1994  61.5  8.7  6.9  1.8  20  31.2  118.8 417  368  602  234  311  689  378
 6 1995  69.6  8.1  6.0  2.1  25  33.4  152.2 412  362  555  193  287  647  360
 7 1996  76.5  6.9  4.5  2.4  34  31.7  183.9 449  390  559  169  313  609  296
 8 1997  85.5  9.0  6.0  3.0  33  45.8  229.7 475  423  578  155  343  669  326
 9 1998  93.3  7.8  5.7  2.1  26  43.8  273.5 427  374  572  198  301  668  367
10 1999 101.4  8.1  5.1  3.0  37  49.5  323.0 476  414  582  168  336  671  335
11 2000 106.2  4.8  3.0  1.8  37  31.3  354.3 471  407  577  170  344  623  279
12 2001 114.6  8.4  4.2  4.2  49  58.3  412.6 518  440  596  156  379  685  306
13 2002 124.5  9.9  4.2  5.7  57  74.4  487.0 513  432  573  141  384  673  289
14 2003 137.4 12.9  7.5  5.4  41 106.1  593.1 497  422  601  179  357  662  305
15 2004 144.0  6.6  3.3  3.3  50  58.3  651.4 508  429  586  157  383  714  331
16 2005 150.0  6.0  3.9  2.1  35  55.4  706.9 501  427  637  210  386  749  363
17 2006 155.7  5.7  2.4  3.3  57  54.7  761.6 553  437  638  201  404  747  343
18 2007 160.8  5.1  2.7  2.4  47  50.7  812.3 528  455  610  155  399  739  340
19 2008 165.9  5.1  2.1  3.0  58  52.3  864.7 538  448  602  154  391  722  331
20 2009 171.6  5.7  3.9  1.8  31  60.4  925.1 471  426  568  142  352  636  284
21 2010 174.9  3.3  2.7  0.6  18  35.9  961.0 437  408  566  158  360  581  221
22 2011 178.2  3.3  1.5  1.8  54  36.6  997.6 524  438  596  158  389  701  312
23 2012 181.5  3.3  1.8  1.5  45  37.3 1034.9 545  466  640  174  422  704  282
24 2013 183.9  2.4  0.9  1.5  62  27.6 1062.5 595  486  661  175  477  775  298
25 2014 186.3  2.4  0.3  2.1  87  27.9 1090.4 583  443  603  160  443  743  300
26 2015 189.9  3.6  0.9  2.7  74  42.5 1132.9 586  469  625  156  442  715  273
27 2016 192.9  3.0  0.9  2.1  70  36.1 1169.0 557  445  605  160  383  727  344

Core Length:  192.9 mm
Core Density: 482 kg/m3
Cross-sectional Density:  493 kg/m3
Early/Latewood Threshold: 500 kg/m3
Attenuation Constant: 3.19

ִִִִִִִִִִִִִִִִִִִִִִִִִִִִִִִִִִִִִִִִִִִִִִִִִִִִִִִִִִִִִִִִִִִִִִִִִִִִִִִ
Core : 31
ֲֲֲִִִִִִִִִִִִִִִִִִִִִִִִִִִִִִִִִִִִִִִִִִִִִִִִִִִִִִִִִִִִִִִִִִִִִִִִִִִִ
       ³Widths (mm)              ³ Areas    ³ Densities (kg/m3)
       ³                         ³ (cm‎)    ³
Ring   ³Outer Ring Erly Late   % ³Incr Total³Ring E/Wd L/Wd Unif  Min  Max  Rng
 # Year³ Rad.      Wood Wood  LW ³          ³mean mean mean
ֱֱֱִִִִִִִִִִִִִִִִִִִִִִִִִִִִִִִִִִִִִִִִִִִִִִִִִִִִִִִִִִִִִִִִִִִִִִִִִִִִ

 2 1990  14.6 14.6  9.6  0.0   0   6.7    6.7 344  344    0    0  308  418  110
 3 1991  35.0 20.4 20.4  0.0   0  31.8   38.5 360  360    0    0  289  447  158
 4 1992  55.7 20.7 19.2  1.5   7  59.0   97.5 392  383  507  124  308  521  213
 5 1993  70.4 14.7 11.4  3.3  22  58.2  155.7 414  378  540  162  324  577  253
 6 1994  77.6  7.2  5.4  1.8  24  33.5  189.2 457  404  613  209  347  682  335
 7 1995  85.1  7.5  4.8  2.7  36  38.3  227.5 453  395  556  161  327  599  272
 8 1996  92.3  7.2  4.8  2.4  33  40.1  267.6 450  374  603  229  310  644  334
 9 1997  99.2  6.9  3.9  3.0  43  41.5  309.2 476  386  592  206  313  677  364
10 1998 106.1  6.9  3.9  3.0  43  44.5  353.7 460  357  594  237  292  668  376
11 1999 112.4  6.3  2.4  3.9  61  43.2  396.9 527  406  601  195  348  694  346
12 2000 116.3  3.9  2.1  1.8  46  28.0  424.9 490  369  632  263  326  691  365
13 2001 121.7  5.4  1.8  3.6  66  40.4  465.3 528  386  599  213  345  724  379
14 2002 126.2  4.5  1.8  2.7  60  35.0  500.3 545  412  634  222  358  721  363
15 2003 133.1  6.9  2.4  4.5  65  56.2  556.6 555  436  618  182  387  710  323
16 2004 136.7  3.6  1.8  1.8  49  30.5  587.1 541  443  639  196  398  732  334
17 2005 140.0  3.3  1.8  1.5  45  28.7  615.8 514  413  635  222  373  743  370
18 2006 142.7  2.7  1.2  1.5  55  24.0  639.7 564  435  668  233  377  741  364
19 2007 145.7  3.0  1.8  1.2  40  27.2  666.9 512  431  635  204  378  710  332
20 2008 148.4  2.7  1.2  1.5  55  24.9  691.9 544  421  643  222  381  724  343
21 2009 152.0  3.6  1.5  2.1  58  34.0  725.8 539  412  630  218  372  741  369
22 2010 155.0  3.0  1.2  1.8  60  28.9  754.8 538  416  619  203  384  738  354
23 2011 157.7  2.7  1.2  1.5  55  26.5  781.3 544  446  622  176  391  682  291
24 2012 160.1  2.4  1.2  1.2  50  24.0  805.3 519  433  605  172  389  688  299
25 2013 161.9  1.8  0.9  0.9  49  18.2  823.5 507  426  588  162  397  656  259
26 2014 163.7  1.8  0.6  1.2  66  18.4  841.9 587  468  646  178  466  721  255
27 2015 166.4  2.7  1.2  1.5  55  28.0  869.9 540  425  633  208  399  712  313
28 2016 167.9  1.5  0.3  1.2  80  15.8  885.6 567  410  606  196  410  668  258

Core Length:  162.9 mm
Core Density: 498 kg/m3
Cross-sectional Density:  493 kg/m3
Early/Latewood Threshold: 500 kg/m3
Attenuation Constant: 3.19

ִִִִִִִִִִִִִִִִִִִִִִִִִִִִִִִִִִִִִִִִִִִִִִִִִִִִִִִִִִִִִִִִִִִִִִִִִִִִִִִ
Core : 33
ֲֲֲִִִִִִִִִִִִִִִִִִִִִִִִִִִִִִִִִִִִִִִִִִִִִִִִִִִִִִִִִִִִִִִִִִִִִִִִִִִִ
       ³Widths (mm)              ³ Areas    ³ Densities (kg/m3)
       ³                         ³ (cm‎)    ³
Ring   ³Outer Ring Erly Late   % ³Incr Total³Ring E/Wd L/Wd Unif  Min  Max  Rng
 # Year³ Rad.      Wood Wood  LW ³          ³mean mean mean
ֱֱֱִִִִִִִִִִִִִִִִִִִִִִִִִִִִִִִִִִִִִִִִִִִִִִִִִִִִִִִִִִִִִִִִִִִִִִִִִִִִ

 3 1991  25.2 25.2 16.2  0.0   0  20.0   20.0 365  365    0    0  314  461  147
 4 1992  43.8 18.6 18.3  0.3   1  40.3   60.3 368  366  510  144  304  510  206
 5 1993  60.6 16.8 14.4  2.4  14  55.1  115.4 397  370  556  186  274  584  310
 6 1994  73.2 12.6  9.3  3.3  26  53.0  168.3 455  414  571  157  325  647  322
 7 1995  83.7 10.5  7.8  2.7  25  51.8  220.1 441  409  536  127  325  671  346
 8 1996  92.1  8.4  5.4  3.0  35  46.4  266.5 459  401  564  163  328  650  322
 9 1997 100.2  8.1  6.0  2.1  25  48.9  315.4 460  423  565  142  349  604  255
10 1998 106.5  6.3  4.5  1.8  28  40.9  356.3 428  369  574  205  288  646  358
11 1999 112.5  6.0  3.0  3.0  50  41.3  397.6 499  418  579  161  371  658  287
12 2000 117.3  4.8  2.7  2.1  43  34.7  432.3 470  377  589  212  320  656  336
13 2001 129.9 12.6  8.1  4.5  35  97.9  530.1 493  435  597  162  352  696  344
14 2002 138.9  9.0  4.5  4.5  50  76.0  606.1 499  416  581  165  370  648  278
15 2003 148.2  9.3  4.2  5.1  54  83.9  690.0 513  447  567  120  382  646  264
16 2004 154.8  6.6  3.0  3.6  54  62.8  752.8 496  414  563  149  338  653  315
17 2005 160.8  6.0  3.0  3.0  50  59.5  812.3 512  413  610  197  370  717  347
18 2006 167.7  6.9  2.1  4.8  69  71.2  883.5 547  402  610  208  356  683  327
19 2007 172.5  4.8  1.8  3.0  62  51.3  934.8 536  405  614  209  385  693  308
20 2008 177.0  4.5  1.5  3.0  66  49.4  984.2 564  427  633  206  399  706  307
21 2009 181.8  4.8  1.2  3.6  74  54.1 1038.3 575  442  619  177  419  681  262
22 2010 185.4  3.6  1.2  2.4  66  41.5 1079.9 559  441  618  177  393  677  284
23 2011 188.7  3.3  0.6  2.7  81  38.8 1118.6 606  451  640  189  440  710  270
24 2012 191.4  2.7  0.9  1.8  66  32.2 1150.9 586  454  651  197  429  726  297
25 2013 193.8  2.4  0.6  1.8  75  29.0 1179.9 585  471  624  153  471  737  266
26 2014 195.9  2.1  0.3  1.8  85  25.7 1205.6 592  425  620  195  425  709  284
27 2015 198.0  2.1  0.6  1.5  71  26.0 1231.6 589  469  638  169  455  713  258
28 2016 200.7  2.7  0.6  2.1  77  33.8 1265.4 579  425  623  198  360  713  353

Core Length:  191.7 mm
Core Density: 506 kg/m3
Cross-sectional Density:  504 kg/m3
Early/Latewood Threshold: 500 kg/m3
Attenuation Constant: 3.19

ִִִִִִִִִִִִִִִִִִִִִִִִִִִִִִִִִִִִִִִִִִִִִִִִִִִִִִִִִִִִִִִִִִִִִִִִִִִִִִִ
Core : 37
ֲֲֲִִִִִִִִִִִִִִִִִִִִִִִִִִִִִִִִִִִִִִִִִִִִִִִִִִִִִִִִִִִִִִִִִִִִִִִִִִִִ
       ³Widths (mm)              ³ Areas    ³ Densities (kg/m3)
       ³                         ³ (cm‎)    ³
Ring   ³Outer Ring Erly Late   % ³Incr Total³Ring E/Wd L/Wd Unif  Min  Max  Rng
 # Year³ Rad.      Wood Wood  LW ³          ³mean mean mean
ֱֱֱִִִִִִִִִִִִִִִִִִִִִִִִִִִִִִִִִִִִִִִִִִִִִִִִִִִִִִִִִִִִִִִִִִִִִִִִִִִִ

 1 1990  11.2 11.2 10.2  0.0   0   3.9    3.9 336  336    0    0  276  483  207
 2 1991  28.9 17.7 17.7  0.0   0  22.3   26.2 345  345    0    0  277  476  199
 3 1992  46.0 17.1 15.6  1.5   8  40.2   66.5 379  365  522  157  302  540  238
 4 1993  59.8 13.8 12.3  1.5  10  45.9  112.3 365  340  577  237  276  619  343
 5 1994  65.8  6.0  4.5  1.5  25  23.7  136.0 444  392  602  210  315  690  375
 6 1995  74.8  9.0  4.5  4.5  50  39.8  175.8 483  376  590  214  303  687  384
 7 1996  79.6  4.8  3.6  1.2  24  23.3  199.1 432  383  578  195  320  636  316
 8 1997  88.6  9.0  2.7  6.3  70  47.6  246.6 522  370  587  217  329  675  346
 9 1998  95.2  6.6  3.6  3.0  45  38.1  284.7 468  363  593  230  294  662  368
10 1999 103.9  8.7  4.2  4.5  51  54.4  339.1 512  417  601  184  323  690  367
11 2000 109.0  5.1  2.1  3.0  58  34.1  373.3 527  392  621  229  372  755  383
12 2001 118.0  9.0  3.0  6.0  66  64.2  437.4 536  449  579  130  391  725  334
13 2002 128.8 10.8  5.1  5.7  52  83.7  521.2 515  432  590  158  362  653  291
14 2003 140.2 11.4  6.3  5.1  44  96.3  617.5 497  435  574  139  383  669  286
15 2004 145.0  4.8  2.4  2.4  50  43.0  660.5 499  394  605  211  352  675  323
16 2005 149.5  4.5  2.4  2.1  46  41.6  702.2 508  403  628  225  346  698  352
17 2006 154.6  5.1  2.1  3.0  58  48.7  750.9 511  402  586  184  333  629  296
18 2007 159.7  5.1  2.1  3.0  58  50.4  801.2 522  422  592  170  383  676  293
19 2008 164.5  4.8  2.1  2.7  56  48.9  850.1 526  413  614  201  356  669  313
20 2009 172.0  7.5  3.6  3.9  52  79.3  929.4 494  430  553  123  360  641  281
21 2010 176.2  4.2  1.8  2.4  57  45.9  975.4 522  388  623  235  344  733  389
22 2011 180.4  4.2  1.5  2.7  64  47.1 1022.4 516  431  562  131  416  602  186
23 2012 185.2  4.8  2.1  2.7  56  55.1 1077.5 505  410  579  169  375  694  319
24 2013 188.5  3.3  1.5  1.8  54  38.7 1116.3 527  416  620  204  367  687  320
25 2014 192.1  3.6  1.2  2.4  66  43.0 1159.3 559  426  626  200  394  698  304
26 2015 195.7  3.6  1.5  2.1  58  43.9 1203.2 539  400  638  238  374  750  376
27 2016 199.0  3.3  1.2  2.1  63  40.9 1244.1 577  430  660  230  400  748  348

Core Length:  198.3 mm
Core Density: 487 kg/m3
Cross-sectional Density:  499 kg/m3
Early/Latewood Threshold: 500 kg/m3
Attenuation Constant: 3.19

ִִִִִִִִִִִִִִִִִִִִִִִִִִִִִִִִִִִִִִִִִִִִִִִִִִִִִִִִִִִִִִִִִִִִִִִִִִִִִִִ
Core : 39
ֲֲֲִִִִִִִִִִִִִִִִִִִִִִִִִִִִִִִִִִִִִִִִִִִִִִִִִִִִִִִִִִִִִִִִִִִִִִִִִִִִ
       ³Widths (mm)              ³ Areas    ³ Densities (kg/m3)
       ³                         ³ (cm‎)    ³
Ring   ³Outer Ring Erly Late   % ³Incr Total³Ring E/Wd L/Wd Unif  Min  Max  Rng
 # Year³ Rad.      Wood Wood  LW ³          ³mean mean mean
ֱֱֱִִִִִִִִִִִִִִִִִִִִִִִִִִִִִִִִִִִִִִִִִִִִִִִִִִִִִִִִִִִִִִִִִִִִִִִִִִִִ

 1 1990   6.6  6.6  6.3  0.3   4   1.4    1.4 379  373  502  129  291  502  211
 2 1991  23.1 16.5 15.0  1.5   9  15.4   16.8 409  397  523  126  337  542  205
 3 1992  40.2 17.1 16.2  0.9   5  34.0   50.8 420  414  518  104  357  521  164
 4 1993  57.9 17.7 13.2  4.5  25  54.5  105.3 436  403  532  129  361  562  201
 5 1994  68.7 10.8  7.5  3.3  30  43.0  148.3 450  402  559  157  355  600  245
 6 1995  78.9 10.2  6.0  4.2  41  47.3  195.6 458  407  531  124  353  568  215
 7 1996  90.0 11.1  5.1  6.0  54  58.9  254.5 478  394  549  155  341  610  269
 8 1997 104.4 14.4  6.9  7.5  52  87.9  342.4 496  423  563  140  354  621  267
 9 1998 111.9  7.5  4.2  3.3  44  51.0  393.4 470  392  569  177  337  647  310
10 1999 117.0  5.1  2.1  3.0  58  36.7  430.1 533  431  604  173  373  676  303
11 2000 120.9  3.9  2.4  1.5  38  29.1  459.2 498  411  637  226  361  721  360
12 2001 127.8  6.9  2.4  4.5  65  53.9  513.1 527  433  576  143  382  667  285
13 2002 133.8  6.0  2.7  3.3  55  49.3  562.4 512  439  573  134  403  652  249
14 2003 141.6  7.8  3.9  3.9  49  67.5  629.9 527  451  603  152  406  654  248
15 2004 146.1  4.5  2.1  2.4  53  40.7  670.6 526  442  600  158  398  674  276
16 2005 150.6  4.5  2.7  1.8  40  41.9  712.5 508  430  625  195  389  693  304
17 2006 155.4  4.8  1.5  3.3  68  46.1  758.7 556  422  617  195  373  695  322
18 2007 159.0  3.6  1.5  2.1  58  35.6  794.2 523  431  588  157  406  673  267
19 2008 161.7  2.7  0.9  1.8  66  27.2  821.4 566  442  628  186  428  750  322
20 2009 164.4  2.7  0.9  1.8  66  27.7  849.1 582  472  636  164  453  702  249
21 2010 166.8  2.4  0.9  1.5  62  25.0  874.1 536  461  581  120  447  685  238
22 2011 168.6  1.8  0.6  1.2  66  19.0  893.0 581  469  638  169  467  685  218
23 2012 171.6  3.0  1.2  1.8  60  32.1  925.1 542  476  587  111  461  723  262
24 2013 174.3  2.7  0.6  2.1  77  29.3  954.4 558  450  590  140  443  760  317
25 2014 175.5  1.2  0.3  0.9  75  13.2  967.6 601  473  644  171  473  717  244
26 2015 178.5  3.0  0.9  2.1  70  33.4 1001.0 572  480  612  132  462  731  269
27 2016 180.3  1.8  0.9  0.9  49  20.3 1021.3 542  449  636  187  374  692  318

Core Length:  180.3 mm
Core Density: 510 kg/m3
Cross-sectional Density:  508 kg/m3
Early/Latewood Threshold: 500 kg/m3
Attenuation Constant: 3.19

ִִִִִִִִִִִִִִִִִִִִִִִִִִִִִִִִִִִִִִִִִִִִִִִִִִִִִִִִִִִִִִִִִִִִִִִִִִִִִִִ
Core : 44
ֲֲֲִִִִִִִִִִִִִִִִִִִִִִִִִִִִִִִִִִִִִִִִִִִִִִִִִִִִִִִִִִִִִִִִִִִִִִִִִִִִ
       ³Widths (mm)              ³ Areas    ³ Densities (kg/m3)
       ³                         ³ (cm‎)    ³
Ring   ³Outer Ring Erly Late   % ³Incr Total³Ring E/Wd L/Wd Unif  Min  Max  Rng
 # Year³ Rad.      Wood Wood  LW ³          ³mean mean mean
ֱֱֱִִִִִִִִִִִִִִִִִִִִִִִִִִִִִִִִִִִִִִִִִִִִִִִִִִִִִִִִִִִִִִִִִִִִִִִִִִִִ

 1 1990   4.2  4.2  4.2  0.0   0   0.6    0.6 340  340    0    0  273  444  171
 2 1991  19.2 15.0 15.0  0.0   0  11.0   11.6 333  333    0    0  283  414  131
 3 1992  36.6 17.4 17.4  0.0   0  30.5   42.1 344  344    0    0  274  445  171
 4 1993  54.3 17.7 17.1  0.6   3  50.5   92.6 339  333  515  182  258  515  257
 5 1994  65.1 10.8  8.7  2.1  19  40.5  133.1 406  373  544  171  314  580  266
 6 1995  73.8  8.7  6.3  2.4  27  38.0  171.1 434  393  542  149  306  581  275
 7 1996  83.4  9.6  6.3  3.3  34  47.4  218.5 444  383  562  179  311  636  325
 8 1997  91.5  8.1  6.0  2.1  25  44.5  263.0 444  397  578  181  328  644  316
 9 1998  97.5  6.0  4.2  1.8  29  35.6  298.6 439  381  573  192  305  660  355
10 1999 103.8  6.3  4.2  2.1  33  39.8  338.5 482  417  610  193  338  652  314
11 2000 110.1  6.3  3.0  3.3  52  42.3  380.8 491  378  593  215  311  681  370
12 2001 122.4 12.3  8.1  4.2  34  89.8  470.7 464  415  560  145  311  616  305
13 2002 137.4 15.0 11.1  3.9  25 122.4  593.1 450  409  567  158  327  623  296
14 2003 150.0 12.6  8.7  3.9  30 113.8  706.9 464  407  591  184  365  668  303
15 2004 157.8  7.8  3.3  4.5  57  75.4  782.3 498  403  568  165  349  625  276
16 2005 165.3  7.5  4.8  2.7  36  76.1  858.4 481  413  604  191  328  700  372
17 2006 170.7  5.4  2.4  3.0  55  57.0  915.4 517  407  604  197  343  687  344
18 2007 175.2  4.5  2.4  2.1  46  48.9  964.3 502  404  615  211  336  675  339
19 2008 180.0  4.8  1.8  3.0  62  53.6 1017.9 534  413  607  194  360  712  352
20 2009 185.4  5.4  2.7  2.7  49  62.0 1079.9 510  419  602  183  328  673  345
21 2010 189.3  3.9  2.1  1.8  46  45.9 1125.8 506  407  622  215  326  704  378
22 2011 193.5  4.2  1.8  2.4  57  50.5 1176.3 526  421  604  183  379  649  270
23 2012 197.1  3.6  1.5  2.1  58  44.2 1220.5 513  395  597  202  346  684  338
24 2013 199.8  2.7  1.5  1.2  44  33.7 1254.1 496  424  586  162  382  685  303
25 2014 201.6  1.8  0.6  1.2  66  22.7 1276.8 540  446  587  141  430  647  217
26 2015 203.4  1.8  0.9  0.9  49  22.9 1299.7 557  475  639  164  438  696  258
27 2016 206.4  3.0  1.5  1.5  50  38.6 1338.3 515  427  604  177  391  695  304

Core Length:  206.4 mm
Core Density: 465 kg/m3
Cross-sectional Density:  472 kg/m3
Early/Latewood Threshold: 500 kg/m3
Attenuation Constant: 3.19

ִִִִִִִִִִִִִִִִִִִִִִִִִִִִִִִִִִִִִִִִִִִִִִִִִִִִִִִִִִִִִִִִִִִִִִִִִִִִִִִ
Core : 45
ֲֲֲִִִִִִִִִִִִִִִִִִִִִִִִִִִִִִִִִִִִִִִִִִִִִִִִִִִִִִִִִִִִִִִִִִִִִִִִִִִִ
       ³Widths (mm)              ³ Areas    ³ Densities (kg/m3)
       ³                         ³ (cm‎)    ³
Ring   ³Outer Ring Erly Late   % ³Incr Total³Ring E/Wd L/Wd Unif  Min  Max  Rng
 # Year³ Rad.      Wood Wood  LW ³          ³mean mean mean
ֱֱֱִִִִִִִִִִִִִִִִִִִִִִִִִִִִִִִִִִִִִִִִִִִִִִִִִִִִִִִִִִִִִִִִִִִִִִִִִִִִ

 2 1990  17.5 17.5 13.5  0.0   0   9.6    9.6 374  374    0    0  327  473  146
 3 1991  36.7 19.2 19.2  0.0   0  32.7   42.3 365  365    0    0  309  488  179
 4 1992  56.2 19.5 18.0  1.5   7  56.9   99.2 404  394  528  134  326  538  212
 5 1993  71.5 15.3 12.6  2.7  17  61.4  160.6 409  377  559  182  319  620  301
 6 1994  79.9  8.4  6.0  2.4  28  40.0  200.6 457  402  594  192  331  689  358
 7 1995  88.0  8.1  4.2  3.9  48  42.7  243.3 452  353  559  206  298  703  405
 8 1996  96.1  8.1  5.4  2.7  33  46.8  290.1 448  397  551  154  335  652  317
 9 1997 103.9  7.8  4.8  3.0  38  49.0  339.1 478  401  601  200  314  684  370
10 1998 111.7  7.8  5.4  2.4  30  52.8  392.0 456  389  606  217  301  665  364
11 1999 121.0  9.3  5.7  3.6  38  68.0  460.0 470  407  570  163  336  671  335
12 2000 127.3  6.3  3.3  3.0  47  49.1  509.1 492  385  609  224  339  704  365
13 2001 134.8  7.5  1.8  5.7  76  61.8  570.9 552  410  597  187  364  717  353
14 2002 141.7  6.9  3.6  3.3  47  59.9  630.8 514  441  595  154  390  724  334
15 2003 149.5  7.8  5.1  2.7  34  71.4  702.2 495  451  579  128  402  686  284
16 2004 154.3  4.8  2.7  2.1  43  45.8  748.0 512  410  643  233  354  750  396
17 2005 158.5  4.2  2.1  2.1  50  41.3  789.2 512  418  605  187  369  695  326
18 2006 164.2  5.7  1.8  3.9  68  57.8  847.0 574  432  640  208  393  741  348
19 2007 168.4  4.2  1.8  2.4  57  43.9  890.9 525  418  604  186  373  723  350
20 2008 173.2  4.8  1.5  3.3  68  51.5  942.4 570  446  626  180  410  750  340
21 2009 178.9  5.7  1.8  3.9  68  63.1 1005.5 561  434  620  186  379  739  360
22 2010 182.8  3.9  1.2  2.7  69  44.3 1049.8 547  414  606  192  378  753  375
23 2011 187.9  5.1  2.1  3.0  58  59.4 1109.2 543  435  618  183  395  704  309
24 2012 193.6  5.7  3.0  2.7  47  68.3 1177.5 532  439  635  196  392  717  325
25 2013 197.2  3.6  2.1  1.5  41  44.2 1221.7 520  449  619  170  417  675  258
26 2014 200.2  3.0  1.2  1.8  60  37.5 1259.2 510  432  563  131  382  606  224
27 2015 203.5  3.3  1.8  1.5  45  41.9 1301.0 523  434  630  196  391  701  310
28 2016 205.9  2.4  1.5  0.9  37  30.9 1331.9 508  442  619  177  374  660  286

Core Length:  201.9 mm
Core Density: 492 kg/m3
Cross-sectional Density:  498 kg/m3
Early/Latewood Threshold: 500 kg/m3
Attenuation Constant: 3.19

ִִִִִִִִִִִִִִִִִִִִִִִִִִִִִִִִִִִִִִִִִִִִִִִִִִִִִִִִִִִִִִִִִִִִִִִִִִִִִִִ
Core : 46
ֲֲֲִִִִִִִִִִִִִִִִִִִִִִִִִִִִִִִִִִִִִִִִִִִִִִִִִִִִִִִִִִִִִִִִִִִִִִִִִִִִ
       ³Widths (mm)              ³ Areas    ³ Densities (kg/m3)
       ³                         ³ (cm‎)    ³
Ring   ³Outer Ring Erly Late   % ³Incr Total³Ring E/Wd L/Wd Unif  Min  Max  Rng
 # Year³ Rad.      Wood Wood  LW ³          ³mean mean mean
ֱֱֱִִִִִִִִִִִִִִִִִִִִִִִִִִִִִִִִִִִִִִִִִִִִִִִִִִִִִִִִִִִִִִִִִִִִִִִִִִִִ

 4 1992  24.9 24.9 15.3  0.6   2  19.5   19.5 360  354  513  159  299  522  223
 5 1993  42.0 17.1 15.3  1.8  10  35.9   55.4 375  357  522  165  269  540  271
 6 1994  56.4 14.4 11.1  3.3  22  44.5   99.9 411  374  534  160  310  582  272
 7 1995  70.5 14.1 12.9  1.2   8  56.2  156.1 393  380  527  147  314  562  248
 8 1996  83.4 12.9 12.0  0.9   6  62.4  218.5 397  389  507  118  290  512  222
 9 1997  97.8 14.4 10.2  4.2  29  82.0  300.5 460  412  577  165  317  634  317
10 1998 106.5  8.7  6.0  2.7  31  55.8  356.3 435  384  551  167  331  600  269
11 1999 111.9  5.4  3.6  1.8  33  37.1  393.4 452  393  571  178  323  622  299
12 2000 115.5  3.6  2.4  1.2  33  25.7  419.1 461  385  613  228  298  656  358
13 2001 121.8  6.3  2.1  4.2  66  47.0  466.1 520  393  583  190  334  646  312
14 2002 129.3  7.5  3.6  3.9  52  59.2  525.2 504  427  575  148  345  628  283
15 2003 135.6  6.3  3.6  2.7  42  52.4  577.7 493  423  587  164  330  679  349
16 2004 139.5  3.9  1.5  2.4  61  33.7  611.4 539  413  617  204  344  680  336
17 2005 143.7  4.2  2.4  1.8  42  37.4  648.7 511  427  622  195  376  707  331
18 2006 147.3  3.6  1.5  2.1  58  32.9  681.6 539  408  632  224  341  688  347
19 2007 150.0  2.7  1.2  1.5  55  25.2  706.9 518  403  610  207  340  694  354
20 2008 153.3  3.3  1.2  2.1  63  31.4  738.3 511  396  576  180  373  646  273
21 2009 155.7  2.4  0.9  1.5  62  23.3  761.6 547  431  616  185  389  698  309
22 2010 157.8  2.1  0.6  1.5  71  20.7  782.3 544  421  593  172  405  710  305
23 2011 159.3  1.5  0.3  1.2  80  14.9  797.2 550  408  586  178  408  666  258
24 2012 161.1  1.8  0.9  0.9  49  18.1  815.3 521  439  604  165  408  683  275
25 2013 162.9  1.8  0.9  0.9  49  18.3  833.7 508  426  590  164  390  667  277
26 2014 164.7  1.8  0.6  1.2  66  18.5  852.2 571  443  635  192  410  698  288
27 2015 167.4  2.7  0.9  1.8  66  28.2  880.4 568  455  624  169  428  682  254
28 2016 168.6  1.2  0.3  0.9  75  12.7  893.0 562  458  597  139  458  639  181

Core Length:  159.6 mm
Core Density: 490 kg/m3
Cross-sectional Density:  476 kg/m3
Early/Latewood Threshold: 500 kg/m3
Attenuation Constant: 3.19

