File : C:\DENSITOM\WOODHI~1\WHILL38.DAT
Cores :
3
6
18
19
21
22
23
27
29
32
33
34
40

ִִִִִִִִִִִִִִִִִִִִִִִִִִִִִִִִִִִִִִִִִִִִִִִִִִִִִִִִִִִִִִִִִִִִִִִִִִִִִִִ
Core : 3
ֲֲֲִִִִִִִִִִִִִִִִִִִִִִִִִִִִִִִִִִִִִִִִִִִִִִִִִִִִִִִִִִִִִִִִִִִִִִִִִִִִ
       ³Widths (mm)              ³ Areas    ³ Densities (kg/m3)
       ³                         ³ (cm‎)    ³
Ring   ³Outer Ring Erly Late   % ³Incr Total³Ring E/Wd L/Wd Unif  Min  Max  Rng
 # Year³ Rad.      Wood Wood  LW ³          ³mean mean mean
ֱֱֱִִִִִִִִִִִִִִִִִִִִִִִִִִִִִִִִִִִִִִִִִִִִִִִִִִִִִִִִִִִִִִִִִִִִִִִִִִִִ

 1 1989   3.3  3.3  3.3  0.0   0   0.3    0.3 419  419    0    0  325  499  174
 2 1990  12.0  8.7  8.1  0.6   6   4.2    4.5 436  428  549  121  364  571  207
 3 1991  25.2 13.2 11.4  1.8  13  15.4   20.0 444  432  523   91  395  534  139
 4 1992  39.3 14.1 10.5  3.6  25  28.6   48.5 437  397  553  156  356  591  235
 5 1993  52.8 13.5 10.2  3.3  24  39.1   87.6 450  404  592  188  365  658  293
 6 1994  63.9 11.1  7.5  3.6  32  40.7  128.3 473  408  608  200  363  675  312
 7 1995  74.7 10.8  7.8  3.0  27  47.0  175.3 457  406  589  183  328  640  312
 8 1996  86.1 11.4  5.4  6.0  52  57.6  232.9 500  402  588  186  344  651  307
 9 1997  96.3 10.2  5.7  4.5  44  58.4  291.3 500  413  610  197  369  665  296
10 1998 104.4  8.1  3.6  4.5  55  51.1  342.4 516  388  618  230  322  716  394
11 1999 114.0  9.6  3.6  6.0  62  65.9  408.3 564  461  625  164  414  737  323
12 2000 119.1  5.1  2.4  2.7  52  37.3  445.6 507  418  587  169  353  687  334
13 2001 123.9  4.8  2.1  2.7  56  36.6  482.3 529  395  634  239  342  717  375
14 2002 128.4  4.5  1.5  3.0  66  35.7  517.9 567  424  639  215  381  747  366
15 2003 132.9  4.5  1.5  3.0  66  36.9  554.9 573  463  628  165  400  742  342
16 2004 136.2  3.3  0.9  2.4  72  27.9  582.8 582  435  638  203  405  713  308
17 2005 139.2  3.0  1.2  1.8  60  26.0  608.7 562  431  649  218  397  735  338
18 2006 141.9  2.7  0.9  1.8  66  23.8  632.6 567  392  654  262  373  784  411
19 2007 144.6  2.7  0.9  1.8  66  24.3  656.9 567  436  633  197  416  761  345
20 2008 147.9  3.3  1.2  2.1  63  30.3  687.2 582  421  675  254  391  798  407
21 2009 150.9  3.0  0.9  2.1  70  28.2  715.4 599  438  668  230  383  781  398
22 2010 152.7  1.8  0.6  1.2  66  17.2  732.5 560  418  631  213  413  731  318
23 2011 154.8  2.1  0.6  1.5  71  20.3  752.8 605  456  664  208  444  765  321
24 2012 156.0  1.2  0.3  0.9  75  11.7  764.5 611  481  655  174  481  747  266
25 2013 156.9  0.9  0.0  0.9  99   8.8  773.4 623    0  623  623  561  745  184
26 2014 157.8  0.9  0.3  0.6  66   8.9  782.3 585  465  646  181  465  753  288
27 2015 159.0  1.2  0.3  0.9  75  11.9  794.2 597  470  640  170  470  759  289
28 2016 160.2  1.2  0.3  0.9  74  12.0  806.3 561  414  611  197  414  714  300

Core Length:  160.2 mm
Core Density: 534 kg/m3
Cross-sectional Density:  529 kg/m3
Early/Latewood Threshold: 500 kg/m3
Attenuation Constant: 3.19

ִִִִִִִִִִִִִִִִִִִִִִִִִִִִִִִִִִִִִִִִִִִִִִִִִִִִִִִִִִִִִִִִִִִִִִִִִִִִִִִ
Core : 6
ֲֲֲִִִִִִִִִִִִִִִִִִִִִִִִִִִִִִִִִִִִִִִִִִִִִִִִִִִִִִִִִִִִִִִִִִִִִִִִִִִִ
       ³Widths (mm)              ³ Areas    ³ Densities (kg/m3)
       ³                         ³ (cm‎)    ³
Ring   ³Outer Ring Erly Late   % ³Incr Total³Ring E/Wd L/Wd Unif  Min  Max  Rng
 # Year³ Rad.      Wood Wood  LW ³          ³mean mean mean
ֱֱֱִִִִִִִִִִִִִִִִִִִִִִִִִִִִִִִִִִִִִִִִִִִִִִִִִִִִִִִִִִִִִִִִִִִִִִִִִִִִ

 1 1990   9.6  9.6  9.0  0.6   6   2.9    2.9 397  389  511  122  347  512  165
 2 1991  24.6 15.0 14.7  0.3   2  16.1   19.0 392  390  501  111  338  501  163
 3 1992  42.0 17.4 15.0  2.4  13  36.4   55.4 407  386  542  156  332  567  235
 4 1993  58.5 16.5 13.2  3.3  19  52.1  107.5 418  382  559  177  323  620  297
 5 1994  72.6 14.1 10.5  3.6  25  58.1  165.6 460  399  639  240  339  707  368
 6 1995  82.8 10.2  5.4  4.8  47  49.8  215.4 461  378  553  175  340  655  315
 7 1996  91.2  8.4  6.0  2.4  28  45.9  261.3 427  369  573  204  318  592  274
 8 1997  99.9  8.7  4.5  4.2  48  52.2  313.5 505  395  624  229  335  707  372
 9 1998 109.2  9.3  5.1  4.2  45  61.1  374.6 486  392  599  207  305  689  384
10 1999 115.5  6.3  3.6  2.7  42  44.5  419.1 484  384  617  233  322  708  386
11 2000 120.9  5.4  2.1  3.3  61  40.1  459.2 518  379  606  227  339  721  382
12 2001 126.9  6.0  1.8  4.2  70  46.7  505.9 572  403  644  241  340  728  388
13 2002 131.4  4.5  1.8  2.7  59  36.5  542.4 555  425  641  216  380  720  340
14 2003 137.7  6.3  2.1  4.2  66  53.3  595.7 561  449  617  168  416  728  312
15 2004 140.7  3.0  1.2  1.8  60  26.2  621.9 532  394  623  229  368  719  351
16 2005 143.4  2.7  1.2  1.5  55  24.1  646.0 561  433  664  231  385  725  340
17 2006 147.0  3.6  0.9  2.7  75  32.8  678.9 592  411  652  241  382  716  334
18 2007 151.2  4.2  1.2  3.0  71  39.3  718.2 591  442  651  209  421  744  323
19 2008 155.7  4.5  1.2  3.3  73  43.4  761.6 598  440  655  215  397  747  350
20 2009 159.6  3.9  1.2  2.7  69  38.6  800.2 579  421  650  229  400  738  338
21 2010 162.6  3.0  1.2  1.8  60  30.4  830.6 553  441  628  187  392  734  342
22 2011 166.5  3.9  0.9  3.0  76  40.3  870.9 585  431  631  200  417  703  286
23 2012 170.7  4.2  1.2  3.0  71  44.5  915.4 577  437  633  196  422  731  309
24 2013 173.4  2.7  1.2  1.5  55  29.2  944.6 563  450  654  204  419  716  297
25 2014 176.1  2.7  0.9  1.8  66  29.6  974.2 602  455  675  220  435  738  303
26 2015 179.1  3.0  1.2  1.8  60  33.5 1007.7 567  431  658  227  405  712  307
27 2016 182.1  3.0  1.2  1.8  60  34.0 1041.8 558  443  635  192  416  691  275

Core Length:  182.1 mm
Core Density: 522 kg/m3
Cross-sectional Density:  523 kg/m3
Early/Latewood Threshold: 500 kg/m3
Attenuation Constant: 3.19

ִִִִִִִִִִִִִִִִִִִִִִִִִִִִִִִִִִִִִִִִִִִִִִִִִִִִִִִִִִִִִִִִִִִִִִִִִִִִִִִ
Core : 18
ֲֲֲִִִִִִִִִִִִִִִִִִִִִִִִִִִִִִִִִִִִִִִִִִִִִִִִִִִִִִִִִִִִִִִִִִִִִִִִִִִִ
       ³Widths (mm)              ³ Areas    ³ Densities (kg/m3)
       ³                         ³ (cm‎)    ³
Ring   ³Outer Ring Erly Late   % ³Incr Total³Ring E/Wd L/Wd Unif  Min  Max  Rng
 # Year³ Rad.      Wood Wood  LW ³          ³mean mean mean
ֱֱֱִִִִִִִִִִִִִִִִִִִִִִִִִִִִִִִִִִִִִִִִִִִִִִִִִִִִִִִִִִִִִִִִִִִִִִִִִִִִ

 1 1990   6.7  6.7  5.7  0.0   0   1.4    1.4 332  332    0    0  252  383  131
 2 1991  16.9 10.2 10.2  0.0   0   7.6    9.0 338  338    0    0  284  434  150
 3 1992  32.5 15.6 14.1  1.5   9  24.2   33.2 376  360  525  165  272  544  272
 4 1993  48.4 15.9 14.7  1.2   7  40.4   73.6 377  364  533  169  299  546  247
 5 1994  61.9 13.5 12.0  1.5  11  46.8  120.4 384  364  542  178  322  564  242
 6 1995  71.8  9.9  8.4  1.5  15  41.6  162.0 414  390  547  157  336  592  256
 7 1996  78.4  6.6  4.8  1.8  27  31.1  193.1 424  386  528  142  330  565  235
 8 1997  84.4  6.0  4.8  1.2  20  30.7  223.8 410  379  534  155  296  547  251
 9 1998  90.7  6.3  4.8  1.5  23  34.7  258.4 449  403  593  190  311  680  369
10 1999  97.0  6.3  4.8  1.5  23  37.1  295.6 423  379  561  182  288  633  345
11 2000 101.5  4.5  3.3  1.2  26  28.1  323.7 443  396  573  177  341  650  309
12 2001 104.2  2.7  1.8  0.9  33  17.4  341.1 442  381  564  183  310  608  298
13 2002 106.9  2.7  0.9  1.8  66  17.9  359.0 533  425  588  163  391  682  291
14 2003 109.9  3.0  1.8  1.2  40  20.4  379.4 494  419  606  187  359  627  268
15 2004 112.6  2.7  1.5  1.2  44  18.9  398.3 517  448  604  156  393  671  278
16 2005 113.8  1.2  0.6  0.6  50   8.5  406.9 564  473  655  182  460  716  256
17 2006 115.3  1.5  0.6  0.9  60  10.8  417.6 567  449  646  197  436  697  261
18 2007 116.8  1.5  0.6  0.9  60  10.9  428.6 558  416  653  237  400  689  289
19 2008 118.6  1.8  0.6  1.2  66  13.3  441.9 550  431  610  179  420  675  255
20 2009 120.1  1.5  0.3  1.2  80  11.2  453.1 554  477  573   96  477  617  140
21 2010 121.6  1.5  0.3  1.2  80  11.4  464.5 610  481  642  161  481  721  240
22 2011 122.5  0.9  0.3  0.6  66   6.9  471.4 585  489  633  144  489  647  158
23 2012 123.1  0.6  0.3  0.3  50   4.6  476.1 508  422  595  173  422  595  173
24 2013 124.0  0.9  0.3  0.6  66   7.0  483.1 559  474  601  127  474  646  172
25 2014 124.3  0.3  0.0  0.3 100   2.3  485.4 592    0  592  592  592  592    0
26 2015 124.6  0.3  0.0  0.3  99   2.3  487.7 616    0  616  616  616  616    0
27 2016 124.9  0.3  0.3  0.0   0   2.4  490.1 336  336    0    0  336  336    0

Core Length:  123.9 mm
Core Density: 479 kg/m3
Cross-sectional Density:  450 kg/m3
Early/Latewood Threshold: 500 kg/m3
Attenuation Constant: 3.19

ִִִִִִִִִִִִִִִִִִִִִִִִִִִִִִִִִִִִִִִִִִִִִִִִִִִִִִִִִִִִִִִִִִִִִִִִִִִִִִִ
Core : 19
ֲֲֲִִִִִִִִִִִִִִִִִִִִִִִִִִִִִִִִִִִִִִִִִִִִִִִִִִִִִִִִִִִִִִִִִִִִִִִִִִִִ
       ³Widths (mm)              ³ Areas    ³ Densities (kg/m3)
       ³                         ³ (cm‎)    ³
Ring   ³Outer Ring Erly Late   % ³Incr Total³Ring E/Wd L/Wd Unif  Min  Max  Rng
 # Year³ Rad.      Wood Wood  LW ³          ³mean mean mean
ֱֱֱִִִִִִִִִִִִִִִִִִִִִִִִִִִִִִִִִִִִִִִִִִִִִִִִִִִִִִִִִִִִִִִִִִִִִִִִִִִִ

 2 1990  17.7 17.7 11.7  0.0   0   9.8    9.8 301  301    0    0  264  410  146
 3 1991  32.7 15.0 14.4  0.6   4  23.8   33.6 332  324  509  185  255  512  257
 4 1992  46.5 13.8 12.6  1.2   8  34.3   67.9 369  355  508  153  286  515  229
 5 1993  61.5 15.0 10.2  4.8  31  50.9  118.8 418  353  557  204  292  601  309
 6 1994  70.5  9.0  6.9  2.1  23  37.3  156.1 447  400  602  202  350  657  307
 7 1995  78.6  8.1  7.2  0.9  11  37.9  194.1 413  398  538  140  317  587  270
 8 1996  85.5  6.9  4.2  2.7  39  35.6  229.7 447  379  555  176  322  625  303
 9 1997  93.9  8.4  6.3  2.1  24  47.3  277.0 440  397  570  173  352  623  271
10 1998  99.6  5.7  3.3  2.4  42  34.7  311.7 433  357  536  179  294  586  292
11 1999 104.4  4.8  3.0  1.8  37  30.8  342.4 453  387  563  176  317  629  312
12 2000 108.6  4.2  3.0  1.2  28  28.1  370.5 438  386  568  182  301  604  303
13 2001 111.9  3.3  1.2  2.1  63  22.9  393.4 524  413  588  175  371  667  296
14 2002 114.9  3.0  1.2  1.8  60  21.4  414.8 510  395  587  192  346  663  317
15 2003 118.5  3.6  2.1  1.5  41  26.4  441.2 518  460  599  139  392  665  273
16 2004 121.2  2.7  0.9  1.8  66  20.3  461.5 523  415  578  163  408  694  286
17 2005 123.6  2.4  0.6  1.8  74  18.5  479.9 568  442  610  168  436  700  264
18 2006 125.4  1.8  0.6  1.2  66  14.1  494.0 567  440  630  190  397  684  287
19 2007 128.4  3.0  0.9  2.1  69  23.9  517.9 547  439  594  155  415  706  291
20 2008 130.8  2.4  0.6  1.8  75  19.5  537.5 570  438  614  176  431  706  275
21 2009 132.9  2.1  0.6  1.5  71  17.4  554.9 579  470  623  153  453  686  233
22 2010 135.0  2.1  0.9  1.2  57  17.7  572.6 572  453  662  209  420  709  289
23 2011 136.5  1.5  0.3  1.2  80  12.8  585.3 587  483  613  130  483  711  228
24 2012 139.2  2.7  0.9  1.8  66  23.4  608.7 567  456  622  166  445  709  264
25 2013 141.0  1.8  0.6  1.2  66  15.8  624.6 577  476  628  152  467  683  216
26 2014 142.5  1.5  0.3  1.2  80  13.4  637.9 585  425  626  201  425  683  258
27 2015 144.6  2.1  0.6  1.5  71  18.9  656.9 598  460  654  194  457  725  268
28 2016 146.1  1.5  0.6  0.9  60  13.7  670.6 548  396  649  253  320  685  365

Core Length:  140.1 mm
Core Density: 497 kg/m3
Cross-sectional Density:  479 kg/m3
Early/Latewood Threshold: 500 kg/m3
Attenuation Constant: 3.19

ִִִִִִִִִִִִִִִִִִִִִִִִִִִִִִִִִִִִִִִִִִִִִִִִִִִִִִִִִִִִִִִִִִִִִִִִִִִִִִִ
Core : 21
ֲֲֲִִִִִִִִִִִִִִִִִִִִִִִִִִִִִִִִִִִִִִִִִִִִִִִִִִִִִִִִִִִִִִִִִִִִִִִִִִִִ
       ³Widths (mm)              ³ Areas    ³ Densities (kg/m3)
       ³                         ³ (cm‎)    ³
Ring   ³Outer Ring Erly Late   % ³Incr Total³Ring E/Wd L/Wd Unif  Min  Max  Rng
 # Year³ Rad.      Wood Wood  LW ³          ³mean mean mean
ֱֱֱִִִִִִִִִִִִִִִִִִִִִִִִִִִִִִִִִִִִִִִִִִִִִִִִִִִִִִִִִִִִִִִִִִִִִִִִִִִִ

 3 1992  20.3 20.3 18.3  0.0   0  12.9   12.9 340  340    0    0  282  497  215
 4 1993  37.7 17.4 16.5  0.9   5  31.7   44.7 347  337  536  199  257  559  302
 5 1994  47.0  9.3  7.8  1.5  16  24.7   69.4 383  350  554  204  292  617  325
 6 1995  54.8  7.8  6.6  1.2  15  24.9   94.3 425  399  564  165  308  654  346
 7 1996  61.4  6.6  5.7  0.9  13  24.1  118.4 396  368  575  207  303  607  304
 8 1997  69.2  7.8  5.4  2.4  30  32.0  150.4 446  384  585  201  327  654  327
 9 1998  75.8  6.6  4.8  1.8  27  30.1  180.5 443  389  588  199  325  691  366
10 1999  83.3  7.5  5.1  2.4  32  37.5  218.0 470  404  609  205  342  725  383
11 2000  89.0  5.7  3.6  2.1  36  30.9  248.8 463  391  588  197  340  731  391
12 2001  95.9  6.9  3.3  3.6  52  40.1  288.9 534  442  618  176  369  736  367
13 2002 100.4  4.5  2.4  2.1  46  27.8  316.7 521  427  628  201  386  709  323
14 2003 105.8  5.4  2.4  3.0  55  35.0  351.7 543  458  611  153  407  731  324
15 2004 111.2  5.4  3.0  2.4  44  36.8  388.5 520  433  628  195  373  720  347
16 2005 116.9  5.7  3.3  2.4  42  40.8  429.3 510  438  609  171  373  770  397
17 2006 122.0  5.1  2.1  3.0  58  38.3  467.6 555  443  633  190  377  720  343
18 2007 127.1  5.1  2.7  2.4  47  39.9  507.5 521  435  617  182  391  740  349
19 2008 131.6  4.5  1.2  3.3  73  36.6  544.1 555  418  604  186  393  701  308
20 2009 135.8  4.2  1.5  2.7  64  35.3  579.4 563  442  630  188  390  723  333
21 2010 139.1  3.3  1.2  2.1  63  28.5  607.9 520  431  571  140  387  666  279
22 2011 143.9  4.8  1.2  3.6  74  42.7  650.5 555  425  598  173  381  704  323
23 2012 148.7  4.8  2.1  2.7  56  44.1  694.7 534  449  600  151  382  695  313
24 2013 152.0  3.3  1.8  1.5  45  31.2  725.8 513  446  593  147  396  678  282
25 2014 154.1  2.1  0.6  1.5  71  20.2  746.0 566  445  614  169  419  698  279
26 2015 156.8  2.7  0.9  1.8  66  26.4  772.4 546  437  600  163  416  668  252
27 2016 158.9  2.1  0.6  1.5  71  20.8  793.2 567  472  605  133  466  676  210

Core Length:  157.2 mm
Core Density: 493 kg/m3
Cross-sectional Density:  500 kg/m3
Early/Latewood Threshold: 500 kg/m3
Attenuation Constant: 3.19

ִִִִִִִִִִִִִִִִִִִִִִִִִִִִִִִִִִִִִִִִִִִִִִִִִִִִִִִִִִִִִִִִִִִִִִִִִִִִִִִ
Core : 22
ֲֲֲִִִִִִִִִִִִִִִִִִִִִִִִִִִִִִִִִִִִִִִִִִִִִִִִִִִִִִִִִִִִִִִִִִִִִִִִִִִִ
       ³Widths (mm)              ³ Areas    ³ Densities (kg/m3)
       ³                         ³ (cm‎)    ³
Ring   ³Outer Ring Erly Late   % ³Incr Total³Ring E/Wd L/Wd Unif  Min  Max  Rng
 # Year³ Rad.      Wood Wood  LW ³          ³mean mean mean
ֱֱֱִִִִִִִִִִִִִִִִִִִִִִִִִִִִִִִִִִִִִִִִִִִִִִִִִִִִִִִִִִִִִִִִִִִִִִִִִִִִ

 2 1990  11.3 11.3  9.3  0.0   0   4.0    4.0 361  361    0    0  292  475  183
 3 1991  29.9 18.6 18.3  0.3   1  24.1   28.1 372  370  503  133  307  503  196
 4 1992  48.2 18.3 17.4  0.9   4  44.9   73.0 370  362  538  176  296  541  245
 5 1993  65.3 17.1 14.1  3.0  17  61.0  134.0 401  376  521  145  330  545  215
 6 1994  75.8 10.5  8.7  1.8  17  46.5  180.5 402  371  555  184  324  615  291
 7 1995  84.5  8.7  7.8  0.9  10  43.8  224.3 410  389  600  211  313  638  325
 8 1996  93.5  9.0  6.9  2.1  23  50.3  274.6 431  395  552  157  332  660  328
 9 1997 101.9  8.4  6.0  2.4  28  51.6  326.2 456  412  567  155  352  619  267
10 1998 108.8  6.9  5.7  1.2  17  45.7  371.9 398  368  539  171  282  581  299
11 1999 114.5  5.7  3.3  2.4  42  40.0  411.9 441  356  559  203  268  602  334
12 2000 119.3  4.8  3.3  1.5  31  35.3  447.1 451  382  604  222  296  653  357
13 2001 124.1  4.8  2.7  2.1  43  36.7  483.8 478  382  602  220  315  654  339
14 2002 127.7  3.6  2.1  1.5  41  28.5  512.3 484  404  596  192  337  670  333
15 2003 131.9  4.2  2.1  2.1  49  34.3  546.6 500  406  594  188  349  656  307
16 2004 134.6  2.7  1.2  1.5  55  22.6  569.2 501  403  581  178  360  626  266
17 2005 137.9  3.3  1.5  1.8  54  28.3  597.4 515  415  599  184  349  671  322
18 2006 140.6  2.7  1.2  1.5  55  23.6  621.0 512  403  599  196  355  641  286
19 2007 143.3  2.7  1.2  1.5  55  24.1  645.1 502  405  580  175  353  629  276
20 2008 146.0  2.7  1.2  1.5  55  24.5  669.7 509  404  593  189  349  638  289
21 2009 149.0  3.0  1.5  1.5  50  27.8  697.5 509  416  603  187  361  650  289
22 2010 150.8  1.8  1.2  0.6  33  17.0  714.4 507  435  652  217  383  686  303
23 2011 153.5  2.7  1.2  1.5  55  25.8  740.2 516  426  587  161  371  648  277
24 2012 156.5  3.0  1.5  1.5  50  29.2  769.4 498  398  598  200  361  645  284
25 2013 158.6  2.1  0.9  1.2  57  20.8  790.2 515  392  607  215  370  653  283
26 2014 160.1  1.5  0.6  0.9  60  15.0  805.3 533  384  633  249  353  674  321
27 2015 163.1  3.0  1.2  1.8  60  30.5  835.7 537  407  623  216  369  678  309
28 2016 165.8  2.7  1.2  1.5  55  27.9  863.6 495  390  578  188  320  649  329

Core Length:  163.8 mm
Core Density: 466 kg/m3
Cross-sectional Density:  458 kg/m3
Early/Latewood Threshold: 500 kg/m3
Attenuation Constant: 3.19

ִִִִִִִִִִִִִִִִִִִִִִִִִִִִִִִִִִִִִִִִִִִִִִִִִִִִִִִִִִִִִִִִִִִִִִִִִִִִִִִ
Core : 23
ֲֲֲִִִִִִִִִִִִִִִִִִִִִִִִִִִִִִִִִִִִִִִִִִִִִִִִִִִִִִִִִִִִִִִִִִִִִִִִִִִִ
       ³Widths (mm)              ³ Areas    ³ Densities (kg/m3)
       ³                         ³ (cm‎)    ³
Ring   ³Outer Ring Erly Late   % ³Incr Total³Ring E/Wd L/Wd Unif  Min  Max  Rng
 # Year³ Rad.      Wood Wood  LW ³          ³mean mean mean
ֱֱֱִִִִִִִִִִִִִִִִִִִִִִִִִִִִִִִִִִִִִִִִִִִִִִִִִִִִִִִִִִִִִִִִִִִִִִִִִִִִ

 1 1990  13.5 13.5 13.5  0.0   0   5.7    5.7 332  332    0    0  231  481  250
 2 1991  29.1 15.6 15.6  0.0   0  20.9   26.6 326  326    0    0  254  477  223
 3 1992  45.3 16.2 16.2  0.0   0  37.9   64.5 330  330    0    0  266  465  199
 4 1993  65.1 19.8 19.8  0.0   0  68.7  133.1 366  366    0    0  265  478  213
 5 1994  79.2 14.1 12.3  1.8  12  63.9  197.1 372  350  523  173  281  543  262
 6 1995  90.3 11.1 10.8  0.3   2  59.1  256.2 362  358  525  167  285  525  240
 7 1996  99.3  9.0  8.7  0.3   3  53.6  309.8 357  352  503  151  280  503  223
 8 1997 109.5 10.2  9.9  0.3   2  66.9  376.7 388  383  524  141  316  524  208
 9 1998 118.2  8.7  7.5  1.2  13  62.2  438.9 385  361  538  177  288  553  265
10 1999 127.8  9.6  7.2  2.4  25  74.2  513.1 423  380  553  173  301  602  301
11 2000 135.3  7.5  5.7  1.8  24  62.0  575.1 417  376  550  174  304  620  316
12 2001 142.8  7.5  5.4  2.1  28  65.5  640.6 423  375  548  173  314  603  289
13 2002 148.2  5.4  3.9  1.5  27  49.4  690.0 434  389  552  163  314  586  272
14 2003 156.3  8.1  5.7  2.4  29  77.5  767.5 467  432  550  118  377  603  226
15 2004 161.4  5.1  3.6  1.5  29  50.9  818.4 466  413  593  180  332  618  286
16 2005 166.2  4.8  2.4  2.4  49  49.4  867.8 492  416  568  152  372  653  281
17 2006 169.5  3.3  1.8  1.5  45  34.8  902.6 497  419  591  172  381  667  286
18 2007 172.5  3.0  2.1  0.9  30  32.2  934.8 481  441  576  135  366  646  280
19 2008 176.1  3.6  1.2  2.4  66  39.4  974.2 521  400  581  181  378  665  287
20 2009 179.1  3.0  0.9  2.1  70  33.5 1007.7 534  403  591  188  378  655  277
21 2010 180.9  1.8  0.9  0.9  49  20.4 1028.1 511  431  591  160  383  644  261
22 2011 183.3  2.4  1.2  1.2  50  27.5 1055.5 507  440  575  135  387  612  225
23 2012 186.3  3.0  0.9  2.1  70  34.8 1090.4 526  423  570  147  396  659  263
24 2013 188.1  1.8  0.6  1.2  66  21.2 1111.5 547  461  591  130  433  634  201
25 2014 190.2  2.1  0.9  1.2  57  25.0 1136.5 520  434  585  151  410  645  235
26 2015 192.0  1.8  0.6  1.2  66  21.6 1158.1 530  444  573  129  407  643  236
27 2016 193.8  1.8  0.9  0.9  49  21.8 1179.9 461  394  528  134  331  556  225

Core Length:  193.8 mm
Core Density: 443 kg/m3
Cross-sectional Density:  433 kg/m3
Early/Latewood Threshold: 500 kg/m3
Attenuation Constant: 3.19

ִִִִִִִִִִִִִִִִִִִִִִִִִִִִִִִִִִִִִִִִִִִִִִִִִִִִִִִִִִִִִִִִִִִִִִִִִִִִִִִ
Core : 27
ֲֲֲִִִִִִִִִִִִִִִִִִִִִִִִִִִִִִִִִִִִִִִִִִִִִִִִִִִִִִִִִִִִִִִִִִִִִִִִִִִִ
       ³Widths (mm)              ³ Areas    ³ Densities (kg/m3)
       ³                         ³ (cm‎)    ³
Ring   ³Outer Ring Erly Late   % ³Incr Total³Ring E/Wd L/Wd Unif  Min  Max  Rng
 # Year³ Rad.      Wood Wood  LW ³          ³mean mean mean
ֱֱֱִִִִִִִִִִִִִִִִִִִִִִִִִִִִִִִִִִִִִִִִִִִִִִִִִִִִִִִִִִִִִִִִִִִִִִִִִִִִ

 1 1990  11.7 11.7 11.7  0.0   0   4.3    4.3 312  312    0    0  271  468  197
 2 1991  27.9 16.2 14.1  2.1  12  20.2   24.5 363  339  526  187  254  547  293
 3 1992  46.2 18.3 14.7  3.6  19  42.6   67.1 405  372  541  169  290  573  283
 4 1993  61.8 15.6 12.6  3.0  19  52.9  120.0 419  378  591  213  316  630  314
 5 1994  69.6  7.8  5.4  2.4  30  32.2  152.2 464  400  610  210  347  696  349
 6 1995  73.5  3.9  2.4  1.5  38  17.5  169.7 456  380  577  197  325  604  279
 7 1996  77.7  4.2  2.7  1.5  35  20.0  189.7 452  379  582  203  327  617  290
 8 1997  82.5  4.8  2.4  2.4  50  24.2  213.8 496  396  596  200  343  654  311
 9 1998  86.7  4.2  2.7  1.5  35  22.3  236.2 439  366  571  205  291  605  314
10 1999  94.5  7.8  2.1  5.7  73  44.4  280.6 527  367  586  219  318  636  318
11 2000  99.9  5.4  2.4  3.0  55  33.0  313.5 476  347  580  233  312  693  381
12 2001 104.4  4.5  1.5  3.0  66  28.9  342.4 519  365  596  231  337  661  324
13 2002 107.7  3.3  1.5  1.8  54  22.0  364.4 522  385  635  250  347  705  358
14 2003 110.7  3.0  1.5  1.5  50  20.6  385.0 512  414  610  196  372  663  291
15 2004 113.4  2.7  1.2  1.5  55  19.0  404.0 515  409  600  191  362  663  301
16 2005 115.5  2.1  0.9  1.2  57  15.1  419.1 531  412  621  209  383  681  298
17 2006 117.3  1.8  0.6  1.2  66  13.2  432.3 543  405  612  207  389  671  282
18 2007 120.0  2.7  1.2  1.5  55  20.1  452.4 525  411  616  205  372  689  317
19 2008 122.4  2.4  0.9  1.5  62  18.3  470.7 562  439  635  196  402  693  291
20 2009 125.4  3.0  1.2  1.8  60  23.4  494.0 540  421  619  198  380  698  318
21 2010 127.2  1.8  0.6  1.2  66  14.3  508.3 553  418  621  203  413  683  270
22 2011 128.1  0.9  0.3  0.6  66   7.2  515.5 550  426  612  186  426  659  233
23 2012 129.6  1.5  0.6  0.9  60  12.1  527.7 535  434  602  168  426  655  229
24 2013 131.1  1.5  0.6  0.9  60  12.3  540.0 544  461  600  139  454  662  208
25 2014 132.3  1.2  0.3  0.9  75   9.9  549.9 552  420  596  176  420  629  209
26 2015 133.8  1.5  0.6  0.9  60  12.5  562.4 542  440  610  170  419  647  228
27 2016 135.0  1.2  0.6  0.6  50  10.1  572.6 465  343  588  245  276  615  339

Core Length:  135.0 mm
Core Density: 493 kg/m3
Cross-sectional Density:  486 kg/m3
Early/Latewood Threshold: 500 kg/m3
Attenuation Constant: 3.19

ִִִִִִִִִִִִִִִִִִִִִִִִִִִִִִִִִִִִִִִִִִִִִִִִִִִִִִִִִִִִִִִִִִִִִִִִִִִִִִִ
Core : 29
ֲֲֲִִִִִִִִִִִִִִִִִִִִִִִִִִִִִִִִִִִִִִִִִִִִִִִִִִִִִִִִִִִִִִִִִִִִִִִִִִִִ
       ³Widths (mm)              ³ Areas    ³ Densities (kg/m3)
       ³                         ³ (cm‎)    ³
Ring   ³Outer Ring Erly Late   % ³Incr Total³Ring E/Wd L/Wd Unif  Min  Max  Rng
 # Year³ Rad.      Wood Wood  LW ³          ³mean mean mean
ֱֱֱִִִִִִִִִִִִִִִִִִִִִִִִִִִִִִִִִִִִִִִִִִִִִִִִִִִִִִִִִִִִִִִִִִִִִִִִִִִִ

 2 1991  18.4 18.4 17.4  0.0   0  10.6   10.6 334  334    0    0  146  486  340
 3 1992  32.8 14.4 13.8  0.6   4  23.2   33.8 377  372  507  135  315  508  193
 4 1993  51.4 18.6 16.8  1.8   9  49.2   83.0 349  332  511  179  264  524  260
 5 1994  64.6 13.2 11.7  1.5  11  48.1  131.1 367  343  556  213  275  587  312
 6 1995  71.8  7.2  6.6  0.6   8  30.9  162.0 394  380  551  171  297  568  271
 7 1996  79.3  7.5  6.9  0.6   8  35.6  197.6 395  380  561  181  313  587  274
 8 1997  88.0  8.7  5.7  3.0  34  45.7  243.3 455  404  553  149  337  616  279
 9 1998  93.7  5.7  4.5  1.2  21  32.5  275.8 398  355  558  203  294  603  309
10 1999  98.8  5.1  3.3  1.8  35  30.8  306.7 460  395  579  184  320  643  323
11 2000 102.1  3.3  2.1  1.2  36  20.8  327.5 444  359  593  234  310  642  332
12 2001 105.7  3.6  1.8  1.8  50  23.5  351.0 481  380  582  202  340  631  291
13 2002 108.7  3.0  1.5  1.5  50  20.2  371.2 493  372  614  242  333  683  350
14 2003 112.6  3.9  2.1  1.8  46  27.1  398.3 511  427  609  182  394  656  262
15 2004 115.3  2.7  1.5  1.2  44  19.3  417.6 492  413  590  177  363  633  270
16 2005 117.4  2.1  0.9  1.2  57  15.4  433.0 543  450  612  162  387  660  273
17 2006 119.5  2.1  0.9  1.2  57  15.6  448.6 545  437  627  190  385  655  270
18 2007 122.5  3.0  1.5  1.5  50  22.8  471.4 500  416  584  168  378  668  290
19 2008 124.6  2.1  0.6  1.5  71  16.3  487.7 538  433  581  148  432  652  220
20 2009 126.7  2.1  0.3  1.8  85  16.6  504.3 591  385  625  240  385  700  315
21 2010 128.2  1.5  0.6  0.9  59  12.0  516.3 541  454  599  145  449  636  187
22 2011 129.4  1.2  0.3  0.9  75   9.7  526.0 554  429  596  167  429  653  224
23 2012 130.6  1.2  0.3  0.9  75   9.8  535.8 589  499  619  120  499  684  185
24 2013 130.9  0.3  0.0  0.3  99   2.5  538.3 603    0  603  603  603  603    0
25 2014 131.2  0.3  0.0  0.3  99   2.5  540.8 554    0  554  554  554  554    0
26 2015 131.5  0.3  0.0  0.3 100   2.5  543.3 518    0  518  518  518  518    0
27 2016 131.8  0.3  0.3  0.0   0   2.5  545.7 475  475    0    0  475  475    0

Core Length:  130.8 mm
Core Density: 480 kg/m3
Cross-sectional Density:  448 kg/m3
Early/Latewood Threshold: 500 kg/m3
Attenuation Constant: 3.19

ִִִִִִִִִִִִִִִִִִִִִִִִִִִִִִִִִִִִִִִִִִִִִִִִִִִִִִִִִִִִִִִִִִִִִִִִִִִִִִִ
Core : 32
ֲֲֲִִִִִִִִִִִִִִִִִִִִִִִִִִִִִִִִִִִִִִִִִִִִִִִִִִִִִִִִִִִִִִִִִִִִִִִִִִִִ
       ³Widths (mm)              ³ Areas    ³ Densities (kg/m3)
       ³                         ³ (cm‎)    ³
Ring   ³Outer Ring Erly Late   % ³Incr Total³Ring E/Wd L/Wd Unif  Min  Max  Rng
 # Year³ Rad.      Wood Wood  LW ³          ³mean mean mean
ֱֱֱִִִִִִִִִִִִִִִִִִִִִִִִִִִִִִִִִִִִִִִִִִִִִִִִִִִִִִִִִִִִִִִִִִִִִִִִִִִִ

 1 1990  14.4 14.4 13.8  0.6   4   6.5    6.5 366  357  557  200  218  568  350
 2 1991  30.3 15.9 15.9  0.0   0  22.3   28.8 358  358    0    0  281  460  179
 3 1992  49.8 19.5 18.9  0.6   3  49.1   77.9 391  388  503  115  306  505  199
 4 1993  71.4 21.6 15.6  6.0  27  82.2  160.2 421  379  531  152  309  564  255
 5 1994  87.0 15.6 12.0  3.6  23  77.6  237.8 451  414  575  161  353  659  306
 6 1995  99.3 12.3 11.4  0.9   7  72.0  309.8 405  395  532  137  351  548  197
 7 1996 108.3  9.0  7.8  1.2  13  58.7  368.5 380  355  540  185  290  562  272
 8 1997 119.4 11.1  6.6  4.5  40  79.4  447.9 452  391  543  152  313  603  290
 9 1998 127.8  8.4  6.0  2.4  28  65.2  513.1 428  385  536  151  283  563  280
10 1999 133.8  6.0  4.8  1.2  20  49.3  562.4 398  364  537  173  297  555  258
11 2000 138.0  4.2  3.0  1.2  28  35.9  598.3 414  363  543  180  290  587  297
12 2001 143.4  5.4  3.3  2.1  38  47.7  646.0 448  381  553  172  308  614  306
13 2002 148.2  4.8  2.7  2.1  43  44.0  690.0 441  355  551  196  320  586  266
14 2003 153.9  5.7  3.3  2.4  42  54.1  744.1 469  407  556  149  371  590  219
15 2004 157.5  3.6  2.4  1.2  33  35.2  779.3 445  389  558  169  304  590  286
16 2005 159.9  2.4  1.5  0.9  37  23.9  803.2 461  398  565  167  331  596  265
17 2006 162.3  2.4  1.2  1.2  50  24.3  827.5 463  358  568  210  336  617  281
18 2007 164.7  2.4  1.2  1.2  49  24.7  852.2 472  400  544  144  359  584  225
19 2008 167.4  2.7  1.2  1.5  55  28.2  880.4 513  416  591  175  376  630  254
20 2009 170.7  3.3  1.5  1.8  54  35.1  915.4 495  408  567  159  364  595  231
21 2010 173.1  2.4  1.2  1.2  50  25.9  941.3 504  433  574  141  391  592  201
22 2011 175.5  2.4  0.9  1.5  62  26.3  967.6 475  387  528  141  363  564  201
23 2012 178.8  3.3  1.8  1.5  45  36.7 1004.3 472  408  548  140  356  568  212
24 2013 181.2  2.4  0.9  1.5  62  27.1 1031.5 508  406  569  163  383  612  229
25 2014 183.6  2.4  0.9  1.5  62  27.5 1059.0 521  438  571  133  382  589  207
26 2015 186.0  2.4  1.2  1.2  50  27.9 1086.9 499  430  569  139  402  610  208
27 2016 188.4  2.4  0.9  1.5  62  28.2 1115.1 493  424  534  110  403  576  173

Core Length:  188.7 mm
Core Density: 449 kg/m3
Cross-sectional Density:  444 kg/m3
Early/Latewood Threshold: 500 kg/m3
Attenuation Constant: 3.19

ִִִִִִִִִִִִִִִִִִִִִִִִִִִִִִִִִִִִִִִִִִִִִִִִִִִִִִִִִִִִִִִִִִִִִִִִִִִִִִִ
Core : 33
ֲֲֲִִִִִִִִִִִִִִִִִִִִִִִִִִִִִִִִִִִִִִִִִִִִִִִִִִִִִִִִִִִִִִִִִִִִִִִִִִִִ
       ³Widths (mm)              ³ Areas    ³ Densities (kg/m3)
       ³                         ³ (cm‎)    ³
Ring   ³Outer Ring Erly Late   % ³Incr Total³Ring E/Wd L/Wd Unif  Min  Max  Rng
 # Year³ Rad.      Wood Wood  LW ³          ³mean mean mean
ֱֱֱִִִִִִִִִִִִִִִִִִִִִִִִִִִִִִִִִִִִִִִִִִִִִִִִִִִִִִִִִִִִִִִִִִִִִִִִִִִִ

 2 1990   6.3  6.3  6.3  0.0   0   1.2    1.2 357  357    0    0  298  451  153
 3 1991  20.1 13.8 13.8  0.0   0  11.4   12.7 326  326    0    0  279  394  115
 4 1992  36.3 16.2 16.2  0.0   0  28.7   41.4 340  340    0    0  270  439  169
 5 1993  51.3 15.0 14.7  0.3   2  41.3   82.7 380  377  503  126  294  503  209
 6 1994  63.9 12.6 10.2  2.4  19  45.6  128.3 426  393  566  173  312  643  331
 7 1995  71.4  7.5  4.5  3.0  40  31.9  160.2 441  378  536  158  301  608  307
 8 1996  77.4  6.0  3.6  2.4  40  28.0  188.2 432  357  545  188  297  573  276
 9 1997  83.1  5.7  3.6  2.1  36  28.7  216.9 466  391  594  203  301  666  365
10 1998  88.5  5.4  3.3  2.1  38  29.1  246.1 438  347  580  233  276  633  357
11 1999  93.6  5.1  3.3  1.8  35  29.2  275.2 464  398  585  187  326  654  328
12 2000  97.8  4.2  2.1  2.1  50  25.3  300.5 471  359  583  224  311  692  381
13 2001 101.4  3.6  1.8  1.8  50  22.5  323.0 516  424  608  184  363  672  309
14 2002 104.1  2.7  1.5  1.2  44  17.4  340.4 500  422  597  175  364  638  274
15 2003 107.1  3.0  1.2  1.8  60  19.9  360.4 531  457  580  123  435  661  226
16 2004 108.6  1.5  0.3  1.2  80  10.2  370.5 558  437  588  151  437  691  254
17 2005 110.4  1.8  0.6  1.2  66  12.4  382.9 575  484  620  136  476  689  213
18 2006 111.6  1.2  0.0  1.2  99   8.4  391.3 585    0  585  585  524  649  125
19 2007 112.2  0.6  0.0  0.6 100   4.2  395.5 595    0  595  595  593  597    4
20 2008 112.8  0.6  0.0  0.6 100   4.2  399.7 593    0  593  593  590  597    7
21 2009 113.4  0.6  0.0  0.6 100   4.3  404.0 589    0  589  589  581  597   16
22 2010 113.7  0.3  0.0  0.3  99   2.1  406.1 631    0  631  631  631  631    0
23 2011 114.0  0.3  0.0  0.3  99   2.1  408.3 631    0  631  631  631  631    0
24 2012 114.3  0.3  0.0  0.3 100   2.2  410.4 614    0  614  614  614  614    0
25 2013 114.6  0.3  0.0  0.3  99   2.2  412.6 594    0  594  594  594  594    0
26 2014 114.9  0.3  0.0  0.3 100   2.2  414.8 583    0  583  583  583  583    0
27 2015 115.2  0.3  0.0  0.3  99   2.2  416.9 596    0  596  596  596  596    0
28 2016 115.5  0.3  0.3  0.0   0   2.2  419.1 385  385    0    0  385  385    0

Core Length:  115.5 mm
Core Density: 504 kg/m3
Cross-sectional Density:  457 kg/m3
Early/Latewood Threshold: 500 kg/m3
Attenuation Constant: 3.19

ִִִִִִִִִִִִִִִִִִִִִִִִִִִִִִִִִִִִִִִִִִִִִִִִִִִִִִִִִִִִִִִִִִִִִִִִִִִִִִִ
Core : 34
ֲֲֲִִִִִִִִִִִִִִִִִִִִִִִִִִִִִִִִִִִִִִִִִִִִִִִִִִִִִִִִִִִִִִִִִִִִִִִִִִִִ
       ³Widths (mm)              ³ Areas    ³ Densities (kg/m3)
       ³                         ³ (cm‎)    ³
Ring   ³Outer Ring Erly Late   % ³Incr Total³Ring E/Wd L/Wd Unif  Min  Max  Rng
 # Year³ Rad.      Wood Wood  LW ³          ³mean mean mean
ֱֱֱִִִִִִִִִִִִִִִִִִִִִִִִִִִִִִִִִִִִִִִִִִִִִִִִִִִִִִִִִִִִִִִִִִִִִִִִִִִִ

 1 1989   1.8  1.8  1.8  0.0   0   0.1    0.1 394  394    0    0  244  459  215
 2 1990   9.9  8.1  8.1  0.0   0   3.0    3.1 343  343    0    0  273  483  210
 3 1991  24.6 14.7 14.7  0.0   0  15.9   19.0 324  324    0    0  260  494  234
 4 1992  42.0 17.4 16.2  1.2   6  36.4   55.4 359  347  525  178  286  542  256
 5 1993  58.5 16.5 14.1  2.4  14  52.1  107.5 382  360  509  149  293  516  223
 6 1994  73.5 15.0 13.5  1.5  10  62.2  169.7 419  405  537  132  343  577  234
 7 1995  85.5 12.0 11.1  0.9   7  59.9  229.7 393  383  516  133  292  526  234
 8 1996  93.9  8.4  7.5  0.9  10  47.3  277.0 373  355  527  172  297  541  244
 9 1997 102.6  8.7  7.5  1.2  13  53.7  330.7 422  402  553  151  288  582  294
10 1998 109.2  6.6  5.4  1.2  18  43.9  374.6 402  369  552  183  287  596  309
11 1999 115.5  6.3  4.5  1.8  28  44.5  419.1 438  388  563  175  305  595  290
12 2000 119.1  3.6  2.7  0.9  25  26.5  445.6 422  377  555  178  297  623  326
13 2001 122.4  3.3  2.4  0.9  27  25.0  470.7 464  425  568  143  342  628  286
14 2002 126.0  3.6  1.5  2.1  58  28.1  498.8 476  368  553  185  330  628  298
15 2003 130.2  4.2  2.7  1.5  35  33.8  532.6 470  417  565  148  351  628  277
16 2004 132.6  2.4  1.5  0.9  37  19.8  552.4 488  425  592  167  374  641  267
17 2005 135.3  2.7  2.1  0.6  22  22.7  575.1 485  439  646  207  349  656  307
18 2006 137.1  1.8  0.6  1.2  66  15.4  590.5 529  401  593  192  387  684  297
19 2007 139.5  2.4  0.9  1.5  62  20.9  611.4 515  394  587  193  370  681  311
20 2008 141.6  2.1  0.9  1.2  57  18.5  629.9 529  412  616  204  370  713  343
21 2009 144.9  3.3  1.2  2.1  63  29.7  659.6 519  384  596  212  372  674  302
22 2010 147.3  2.4  0.9  1.5  62  22.0  681.6 539  417  611  194  386  662  276
23 2011 150.6  3.3  1.2  2.1  63  30.9  712.5 526  420  587  167  365  665  300
24 2012 153.6  3.0  1.2  1.8  60  28.7  741.2 522  421  590  169  366  653  287
25 2013 156.3  2.7  1.5  1.2  44  26.3  767.5 494  426  579  153  383  656  273
26 2014 158.1  1.8  0.6  1.2  66  17.8  785.3 531  403  595  192  385  698  313
27 2015 160.2  2.1  0.6  1.5  71  21.0  806.3 571  412  634  222  410  698  288
28 2016 162.6  2.4  0.9  1.5  62  24.3  830.6 530  437  586  149  395  669  274

Core Length:  162.6 mm
Core Density: 459 kg/m3
Cross-sectional Density:  449 kg/m3
Early/Latewood Threshold: 500 kg/m3
Attenuation Constant: 3.19

ִִִִִִִִִִִִִִִִִִִִִִִִִִִִִִִִִִִִִִִִִִִִִִִִִִִִִִִִִִִִִִִִִִִִִִִִִִִִִִִ
Core : 40
ֲֲֲִִִִִִִִִִִִִִִִִִִִִִִִִִִִִִִִִִִִִִִִִִִִִִִִִִִִִִִִִִִִִִִִִִִִִִִִִִִִ
       ³Widths (mm)              ³ Areas    ³ Densities (kg/m3)
       ³                         ³ (cm‎)    ³
Ring   ³Outer Ring Erly Late   % ³Incr Total³Ring E/Wd L/Wd Unif  Min  Max  Rng
 # Year³ Rad.      Wood Wood  LW ³          ³mean mean mean
ֱֱֱִִִִִִִִִִִִִִִִִִִִִִִִִִִִִִִִִִִִִִִִִִִִִִִִִִִִִִִִִִִִִִִִִִִִִִִִִִִִ

 1 1990  14.1 14.1  7.5  0.6   4   6.2    6.2 391  382  505  123  175  509  334
 2 1991  29.7 15.6 14.1  1.5   9  21.5   27.7 421  412  514  102  368  534  166
 3 1992  48.0 18.3 15.6  2.7  14  44.7   72.4 429  412  529  117  355  549  194
 4 1993  66.9 18.9 13.8  5.1  26  68.2  140.6 446  415  531  116  364  555  191
 5 1994  78.3 11.4  9.3  2.1  18  52.0  192.6 430  399  570  171  357  612  255
 6 1995  85.2  6.9  2.7  4.2  60  35.4  228.0 509  402  579  177  355  641  286
 7 1996  93.9  8.7  5.1  3.6  41  49.0  277.0 485  423  573  150  355  621  266
 8 1997 101.4  7.5  2.7  4.8  64  46.0  323.0 521  401  589  188  364  634  270
 9 1998 107.1  5.7  2.7  3.0  52  37.3  360.4 491  389  583  194  318  626  308
10 1999 113.1  6.0  2.4  3.6  60  41.5  401.9 523  408  600  192  357  671  314
11 2000 117.3  4.2  1.8  2.4  57  30.4  432.3 520  381  625  244  345  701  356
12 2001 121.2  3.9  1.5  2.4  61  29.2  461.5 532  417  605  188  378  652  274
13 2002 123.9  2.7  0.9  1.8  66  20.8  482.3 562  428  629  201  402  696  294
14 2003 128.4  4.5  1.2  3.3  73  35.7  517.9 577  478  613  135  454  694  240
15 2004 131.4  3.0  0.9  2.1  70  24.5  542.4 587  459  642  183  427  685  258
16 2005 134.4  3.0  0.6  2.4  80  25.1  567.5 592  468  623  155  453  708  255
17 2006 137.7  3.3  0.3  3.0  90  28.2  595.7 589  461  602  141  461  677  216
18 2007 141.0  3.3  0.6  2.7  81  28.9  624.6 599  462  629  167  430  684  254
19 2008 144.6  3.6  0.9  2.7  74  32.3  656.9 571  437  616  179  412  678  266
20 2009 147.3  2.7  0.6  2.1  77  24.8  681.6 596  443  640  197  432  699  267
21 2010 150.3  3.0  0.9  2.1  70  28.0  709.7 574  460  624  164  433  719  286
22 2011 152.7  2.4  0.3  2.1  87  22.8  732.5 585  443  606  163  443  664  221
23 2012 156.0  3.3  0.6  2.7  81  32.0  764.5 593  491  616  125  491  662  171
24 2013 157.8  1.8  0.0  1.8  99  17.7  782.3 632    0  632  632  501  724  223
25 2014 159.0  1.2  0.0  1.2 100  11.9  794.2 627    0  627  627  526  713  187
26 2015 160.5  1.5  0.0  1.5 100  15.1  809.3 645    0  645  645  531  742  211
27 2016 161.7  1.2  0.3  0.9  74  12.1  821.4 570  396  629  233  396  666  270

Core Length:  155.7 mm
Core Density: 540 kg/m3
Cross-sectional Density:  527 kg/m3
Early/Latewood Threshold: 500 kg/m3
Attenuation Constant: 3.19

