File : C:\DENSITOM\WOODHI~1\WHILL35.DAT
Cores :
3
6
11
15
18
24
25
26
32
38
44
47

ִִִִִִִִִִִִִִִִִִִִִִִִִִִִִִִִִִִִִִִִִִִִִִִִִִִִִִִִִִִִִִִִִִִִִִִִִִִִִִִ
Core : 3
ֲֲֲִִִִִִִִִִִִִִִִִִִִִִִִִִִִִִִִִִִִִִִִִִִִִִִִִִִִִִִִִִִִִִִִִִִִִִִִִִִִ
       ³Widths (mm)              ³ Areas    ³ Densities (kg/m3)
       ³                         ³ (cm‎)    ³
Ring   ³Outer Ring Erly Late   % ³Incr Total³Ring E/Wd L/Wd Unif  Min  Max  Rng
 # Year³ Rad.      Wood Wood  LW ³          ³mean mean mean
ֱֱֱִִִִִִִִִִִִִִִִִִִִִִִִִִִִִִִִִִִִִִִִִִִִִִִִִִִִִִִִִִִִִִִִִִִִִִִִִִִִ

 1 1989   3.6  3.6  2.7  0.9  25   0.4    0.4 406  353  563  210  240  591  351
 2 1990   7.8  4.2  3.6  0.6  14   1.5    1.9 412  390  541  151  332  541  209
 3 1991  29.4 21.6 20.4  1.2   5  25.2   27.2 391  384  515  131  266  526  260
 4 1992  48.3 18.9 16.8  2.1  11  46.1   73.3 378  358  537  179  293  547  254
 5 1993  66.9 18.6 14.7  3.9  20  67.3  140.6 383  337  553  216  273  591  318
 6 1994  81.0 14.1 11.4  2.7  19  65.5  206.1 404  360  589  229  288  653  365
 7 1995  91.5 10.5  7.5  3.0  28  56.9  263.0 428  374  566  192  320  664  344
 8 1996 100.8  9.3  6.3  3.0  32  56.2  319.2 450  380  599  219  316  649  333
 9 1997 110.4  9.6  6.9  2.7  28  63.7  382.9 453  403  583  180  340  655  315
10 1998 115.5  5.1  3.3  1.8  35  36.2  419.1 429  350  574  224  292  638  346
11 1999 118.8  3.3  1.8  1.5  45  24.3  443.4 497  407  605  198  321  715  394
12 2000 121.8  3.0  1.8  1.2  40  22.7  466.1 479  367  646  279  323  759  436
13 2001 125.1  3.3  1.5  1.8  54  25.6  491.7 515  396  615  219  332  703  371
14 2002 127.5  2.4  1.2  1.2  49  19.0  510.7 512  380  643  263  316  698  382
15 2003 131.1  3.6  2.4  1.2  33  29.2  540.0 522  461  642  181  400  710  310
16 2004 134.7  3.6  1.8  1.8  49  30.1  570.0 517  387  648  261  355  741  386
17 2005 138.0  3.3  1.8  1.5  45  28.3  598.3 507  399  636  237  353  739  386
18 2006 140.4  2.4  1.2  1.2  49  21.0  619.3 520  401  639  238  355  682  327
19 2007 141.9  1.5  0.6  0.9  60  13.3  632.6 537  428  610  182  425  672  247
20 2008 143.4  1.5  0.9  0.6  40  13.4  646.0 521  422  670  248  367  703  336
21 2009 145.5  2.1  1.2  0.9  42  19.1  665.1 538  441  667  226  385  695  310
22 2010 147.3  1.8  0.9  0.9  49  16.6  681.6 513  414  612  198  382  708  326
23 2011 148.8  1.5  0.6  0.9  60  14.0  695.6 588  469  667  198  459  724  265
24 2012 150.9  2.1  1.2  0.9  42  19.8  715.4 495  405  615  210  355  696  341
25 2013 152.4  1.5  0.6  0.9  60  14.3  729.7 550  440  623  183  439  684  245
26 2014 153.3  0.9  0.3  0.6  66   8.6  738.3 510  356  587  231  356  640  284
27 2015 155.1  1.8  0.9  0.9  49  17.4  755.7 543  421  665  244  381  727  346
28 2016 156.6  1.5  0.6  0.9  60  14.7  770.4 535  412  617  205  396  653  257

Core Length:  156.9 mm
Core Density: 483 kg/m3
Cross-sectional Density:  463 kg/m3
Early/Latewood Threshold: 500 kg/m3
Attenuation Constant: 3.19

ִִִִִִִִִִִִִִִִִִִִִִִִִִִִִִִִִִִִִִִִִִִִִִִִִִִִִִִִִִִִִִִִִִִִִִִִִִִִִִִ
Core : 6
ֲֲֲִִִִִִִִִִִִִִִִִִִִִִִִִִִִִִִִִִִִִִִִִִִִִִִִִִִִִִִִִִִִִִִִִִִִִִִִִִִִ
       ³Widths (mm)              ³ Areas    ³ Densities (kg/m3)
       ³                         ³ (cm‎)    ³
Ring   ³Outer Ring Erly Late   % ³Incr Total³Ring E/Wd L/Wd Unif  Min  Max  Rng
 # Year³ Rad.      Wood Wood  LW ³          ³mean mean mean
ֱֱֱִִִִִִִִִִִִִִִִִִִִִִִִִִִִִִִִִִִִִִִִִִִִִִִִִִִִִִִִִִִִִִִִִִִִִִִִִִִִ

 3 1991  19.7 19.7 11.7  0.0   0  12.2   12.2 297  297    0    0  267  383  116
 4 1992  38.9 19.2 19.2  0.0   0  35.3   47.5 325  325    0    0  274  429  155
 5 1993  61.1 22.2 22.2  0.0   0  69.7  117.3 335  335    0    0  256  447  191
 6 1994  84.5 23.4 23.1  0.3   1 107.0  224.3 363  361  503  142  267  503  236
 7 1995 107.9 23.4 23.4  0.0   0 141.4  365.8 360  360    0    0  280  491  211
 8 1996 125.6 17.7 17.4  0.3   1 129.8  495.6 358  355  507  152  270  507  237
 9 1997 140.0 14.4 12.9  1.5  10 120.2  615.8 402  389  513  124  296  530  234
10 1998 149.3  9.3  8.7  0.6   6  84.5  700.3 358  347  517  170  262  520  258
11 1999 158.3  9.0  7.8  1.2  13  87.0  787.2 379  354  537  183  281  559  278
12 2000 164.6  6.3  5.7  0.6   9  63.9  851.2 356  333  582  249  264  601  337
13 2001 172.1  7.5  6.3  1.2  16  79.3  930.5 390  360  543  183  273  604  331
14 2002 178.1  6.0  4.8  1.2  20  66.0  996.5 381  348  515  167  267  522  255
15 2003 185.0  6.9  6.3  0.6   8  78.7 1075.2 398  384  544  160  248  580  332
16 2004 189.8  4.8  4.2  0.6  12  56.5 1131.7 368  344  531  187  231  555  324
17 2005 192.8  3.0  1.8  1.2  40  36.1 1167.8 459  378  582  204  320  629  309
18 2006 196.7  3.9  2.7  1.2  30  47.7 1215.5 429  372  558  186  273  599  326
19 2007 200.3  3.6  2.7  0.9  25  44.9 1260.4 424  376  568  192  284  610  326
20 2008 202.1  1.8  1.2  0.6  33  22.8 1283.2 473  411  597  186  333  658  325
21 2009 204.5  2.4  1.2  1.2  49  30.7 1313.8 473  385  561  176  322  593  271
22 2010 206.6  2.1  1.5  0.6  28  27.1 1340.9 462  414  581  167  330  592  262
23 2011 208.4  1.8  1.2  0.6  33  23.5 1364.4 455  406  552  146  351  579  228
24 2012 211.4  3.0  1.8  1.2  40  39.6 1404.0 449  371  567  196  304  638  334
25 2013 213.2  1.8  1.5  0.3  16  24.0 1428.0 417  391  548  157  334  548  214
26 2014 214.7  1.5  0.9  0.6  40  20.2 1448.2 450  359  587  228  327  590  263
27 2015 216.8  2.1  1.2  0.9  42  28.5 1476.6 466  395  562  167  333  659  326
28 2016 218.9  2.1  1.5  0.6  28  28.7 1505.4 449  407  553  146  306  585  279

Core Length:  210.9 mm
Core Density: 402 kg/m3
Cross-sectional Density:  388 kg/m3
Early/Latewood Threshold: 500 kg/m3
Attenuation Constant: 3.19

ִִִִִִִִִִִִִִִִִִִִִִִִִִִִִִִִִִִִִִִִִִִִִִִִִִִִִִִִִִִִִִִִִִִִִִִִִִִִִִִ
Core : 11
ֲֲֲִִִִִִִִִִִִִִִִִִִִִִִִִִִִִִִִִִִִִִִִִִִִִִִִִִִִִִִִִִִִִִִִִִִִִִִִִִִִ
       ³Widths (mm)              ³ Areas    ³ Densities (kg/m3)
       ³                         ³ (cm‎)    ³
Ring   ³Outer Ring Erly Late   % ³Incr Total³Ring E/Wd L/Wd Unif  Min  Max  Rng
 # Year³ Rad.      Wood Wood  LW ³          ³mean mean mean
ֱֱֱִִִִִִִִִִִִִִִִִִִִִִִִִִִִִִִִִִִִִִִִִִִִִִִִִִִִִִִִִִִִִִִִִִִִִִִִִִִִ

 2 1990   8.2  8.2  7.2  0.0   0   2.1    2.1 358  358    0    0  311  473  162
 3 1991  28.3 20.1 19.2  0.9   4  23.0   25.2 366  359  514  155  293  524  231
 4 1992  49.9 21.6 20.1  1.5   6  53.1   78.2 396  387  519  132  318  538  220
 5 1993  70.6 20.7 16.2  4.5  21  78.4  156.6 422  394  524  130  313  577  264
 6 1994  88.3 17.7 13.2  4.5  25  88.4  244.9 436  398  549  151  329  594  265
 7 1995 100.3 12.0 10.2  1.8  15  71.1  316.0 435  417  540  123  352  566  214
 8 1996 110.5 10.2  7.2  3.0  29  67.5  383.6 425  379  534  155  298  564  266
 9 1997 120.7 10.2  6.6  3.6  35  74.1  457.7 459  400  569  169  307  605  298
10 1998 127.0  6.3  3.9  2.4  38  49.0  506.7 422  344  548  204  277  580  303
11 1999 133.6  6.6  4.8  1.8  27  54.0  560.7 443  405  544  139  321  575  254
12 2000 137.5  3.9  2.1  1.8  46  33.2  594.0 461  360  580  220  289  641  352
13 2001 142.0  4.5  1.8  2.7  60  39.5  633.5 504  385  584  199  348  621  273
14 2002 145.6  3.6  1.8  1.8  49  32.5  666.0 481  396  566  170  326  617  291
15 2003 149.5  3.9  2.1  1.8  46  36.2  702.2 483  429  546  117  339  563  224
16 2004 152.5  3.0  1.5  1.5  50  28.5  730.6 470  397  543  146  338  594  256
17 2005 154.6  2.1  0.9  1.2  57  20.3  750.9 537  438  611  173  402  654  252
18 2006 156.4  1.8  0.9  0.9  49  17.6  768.5 525  441  610  169  386  649  263
19 2007 158.8  2.4  0.9  1.5  62  23.8  792.2 501  404  559  155  368  617  249
20 2008 160.6  1.8  0.6  1.2  66  18.1  810.3 560  454  613  159  425  684  259
21 2009 162.7  2.1  0.6  1.5  71  21.3  831.6 550  421  602  181  406  656  250
22 2010 164.2  1.5  0.6  0.9  60  15.4  847.0 526  444  581  137  438  636  198
23 2011 165.4  1.2  0.3  0.9  75  12.4  859.5 541  462  568  106  462  640  178
24 2012 166.3  0.9  0.3  0.6  66   9.4  868.8 558  482  597  115  482  639  157
25 2013 167.2  0.9  0.6  0.3  33   9.4  878.3 464  446  500   54  404  500   96
26 2014 168.1  0.9  0.3  0.6  66   9.5  887.7 510  471  529   58  471  559   88
27 2015 169.0  0.9  0.3  0.6  66   9.5  897.3 527  484  549   65  484  565   81
28 2016 169.9  0.9  0.3  0.6  66   9.6  906.9 437  247  532  285  247  543  296

Core Length:  168.9 mm
Core Density: 473 kg/m3
Cross-sectional Density:  456 kg/m3
Early/Latewood Threshold: 500 kg/m3
Attenuation Constant: 3.19

ִִִִִִִִִִִִִִִִִִִִִִִִִִִִִִִִִִִִִִִִִִִִִִִִִִִִִִִִִִִִִִִִִִִִִִִִִִִִִִִ
Core : 15
ֲֲֲִִִִִִִִִִִִִִִִִִִִִִִִִִִִִִִִִִִִִִִִִִִִִִִִִִִִִִִִִִִִִִִִִִִִִִִִִִִִ
       ³Widths (mm)              ³ Areas    ³ Densities (kg/m3)
       ³                         ³ (cm‎)    ³
Ring   ³Outer Ring Erly Late   % ³Incr Total³Ring E/Wd L/Wd Unif  Min  Max  Rng
 # Year³ Rad.      Wood Wood  LW ³          ³mean mean mean
ֱֱֱִִִִִִִִִִִִִִִִִִִִִִִִִִִִִִִִִִִִִִִִִִִִִִִִִִִִִִִִִִִִִִִִִִִִִִִִִִִִ

 1 1990   2.4  2.4  2.4  0.0   0   0.2    0.2 341  341    0    0  252  388  136
 2 1991  12.9 10.5 10.5  0.0   0   5.0    5.2 355  355    0    0  281  494  213
 3 1992  25.8 12.9 12.3  0.6   4  15.7   20.9 371  364  500  136  294  501  207
 4 1993  41.4 15.6 14.1  1.5   9  32.9   53.8 380  366  514  148  298  530  232
 5 1994  54.3 12.9 11.1  1.8  13  38.8   92.6 388  361  551  190  286  603  317
 6 1995  63.3  9.0  6.3  2.7  30  33.3  125.9 424  371  547  176  294  627  333
 7 1996  72.0  8.7  6.6  2.1  24  37.0  162.9 413  370  550  180  286  607  321
 8 1997  79.8  7.8  5.4  2.4  30  37.2  200.1 453  396  582  186  311  657  346
 9 1998  86.4  6.6  5.1  1.5  22  34.5  234.5 391  335  583  248  249  640  391
10 1999  92.4  6.0  4.8  1.2  20  33.7  268.2 432  391  596  205  306  642  336
11 2000  96.3  3.9  2.7  1.2  30  23.1  291.3 445  380  593  213  280  656  376
12 2001 101.1  4.8  3.0  1.8  37  29.8  321.1 464  393  583  190  324  651  327
13 2002 106.2  5.1  2.7  2.4  47  33.2  354.3 492  393  604  211  312  704  392
14 2003 112.5  6.3  3.9  2.4  38  43.3  397.6 491  408  627  219  351  704  353
15 2004 117.6  5.1  3.0  2.1  41  36.9  434.5 486  395  616  221  323  683  360
16 2005 122.7  5.1  3.3  1.8  35  38.5  473.0 501  430  630  200  355  700  345
17 2006 128.1  5.4  2.4  3.0  55  42.5  515.5 526  410  618  208  328  716  388
18 2007 133.2  5.1  2.7  2.4  47  41.9  557.4 492  401  595  194  341  738  397
19 2008 137.4  4.2  2.1  2.1  50  35.7  593.1 505  410  600  190  342  705  363
20 2009 141.6  4.2  2.1  2.1  50  36.8  629.9 514  410  618  208  336  712  376
21 2010 144.9  3.3  1.8  1.5  45  29.7  659.6 524  439  625  186  363  677  314
22 2011 149.4  4.5  1.5  3.0  66  41.6  701.2 546  394  621  227  325  672  347
23 2012 154.5  5.1  1.8  3.3  64  48.7  749.9 539  417  606  189  370  697  327
24 2013 158.1  3.6  1.8  1.8  49  35.4  785.3 506  411  601  190  367  682  315
25 2014 160.8  2.7  0.9  1.8  66  27.1  812.3 535  384  610  226  354  665  311
26 2015 165.0  4.2  1.2  3.0  71  43.0  855.3 549  385  615  230  357  693  336
27 2016 168.0  3.0  0.9  2.1  70  31.4  886.7 543  421  595  174  387  669  282

Core Length:  168.0 mm
Core Density: 466 kg/m3
Cross-sectional Density:  480 kg/m3
Early/Latewood Threshold: 500 kg/m3
Attenuation Constant: 3.19

ִִִִִִִִִִִִִִִִִִִִִִִִִִִִִִִִִִִִִִִִִִִִִִִִִִִִִִִִִִִִִִִִִִִִִִִִִִִִִִִ
Core : 18
ֲֲֲִִִִִִִִִִִִִִִִִִִִִִִִִִִִִִִִִִִִִִִִִִִִִִִִִִִִִִִִִִִִִִִִִִִִִִִִִִִִ
       ³Widths (mm)              ³ Areas    ³ Densities (kg/m3)
       ³                         ³ (cm‎)    ³
Ring   ³Outer Ring Erly Late   % ³Incr Total³Ring E/Wd L/Wd Unif  Min  Max  Rng
 # Year³ Rad.      Wood Wood  LW ³          ³mean mean mean
ֱֱֱִִִִִִִִִִִִִִִִִִִִִִִִִִִִִִִִִִִִִִִִִִִִִִִִִִִִִִִִִִִִִִִִִִִִִִִִִִִִ

 2 1991  16.9 16.9 15.9  0.0   0   9.0    9.0 342  342    0    0  301  453  152
 3 1992  35.8 18.9 17.4  1.5   7  31.3   40.3 367  353  532  179  311  556  245
 4 1993  52.6 16.8 15.3  1.5   8  46.7   86.9 379  365  526  161  306  541  235
 5 1994  66.4 13.8 11.4  2.4  17  51.6  138.5 409  374  575  201  303  633  330
 6 1995  76.0  9.6  8.4  1.2  12  42.9  181.5 409  391  537  146  319  590  271
 7 1996  86.2 10.2  8.1  2.1  20  52.0  233.4 429  391  577  186  313  636  323
 8 1997  94.0  7.8  6.3  1.5  19  44.2  277.6 423  391  560  169  316  619  303
 9 1998 100.0  6.0  5.4  0.6   9  36.6  314.2 400  382  557  175  306  564  258
10 1999 104.2  4.2  2.7  1.5  35  26.9  341.1 483  414  607  193  347  652  305
11 2000 107.8  3.6  1.8  1.8  50  24.0  365.1 506  412  601  189  370  658  288
12 2001 111.4  3.6  1.5  2.1  58  24.8  389.9 514  427  575  148  379  667  288
13 2002 114.1  2.7  0.9  1.8  66  19.1  409.0 578  453  640  187  432  747  315
14 2003 116.5  2.4  0.6  1.8  74  17.4  426.4 565  467  598  131  466  678  212
15 2004 118.3  1.8  0.3  1.5  83  13.3  439.7 568  461  590  129  461  689  228
16 2005 119.8  1.5  0.3  1.2  80  11.2  450.9 572  481  595  114  481  651  170

Core Length:  127.5 mm
Core Density: 462 kg/m3
Cross-sectional Density:  441 kg/m3
Early/Latewood Threshold: 500 kg/m3
Attenuation Constant: 3.19

ִִִִִִִִִִִִִִִִִִִִִִִִִִִִִִִִִִִִִִִִִִִִִִִִִִִִִִִִִִִִִִִִִִִִִִִִִִִִִִִ
Core : 24
ֲֲֲִִִִִִִִִִִִִִִִִִִִִִִִִִִִִִִִִִִִִִִִִִִִִִִִִִִִִִִִִִִִִִִִִִִִִִִִִִִִ
       ³Widths (mm)              ³ Areas    ³ Densities (kg/m3)
       ³                         ³ (cm‎)    ³
Ring   ³Outer Ring Erly Late   % ³Incr Total³Ring E/Wd L/Wd Unif  Min  Max  Rng
 # Year³ Rad.      Wood Wood  LW ³          ³mean mean mean
ֱֱֱִִִִִִִִִִִִִִִִִִִִִִִִִִִִִִִִִִִִִִִִִִִִִִִִִִִִִִִִִִִִִִִִִִִִִִִִִִִִ

 3 1991  28.9 28.9 18.9  0.0   0  26.2   26.2 356  356    0    0  286  464  178
 4 1992  48.7 19.8 19.5  0.3   1  48.3   74.5 362  359  512  153  300  512  212
 5 1993  67.6 18.9 18.0  0.9   4  69.1  143.6 388  382  515  133  326  523  197
 6 1994  80.8 13.2 12.3  0.9   6  61.5  205.1 385  373  552  179  314  607  293
 7 1995  91.9 11.1  9.9  1.2  10  60.2  265.3 386  368  531  163  306  561  255
 8 1996 102.7 10.8 10.2  0.6   5  66.0  331.4 375  364  553  189  304  600  296
 9 1997 113.8 11.1  9.3  1.8  16  75.5  406.9 407  381  542  161  305  599  294
10 1998 121.9  8.1  6.9  1.2  14  60.0  466.8 383  354  552  198  267  605  338
11 1999 130.3  8.4  7.2  1.2  14  66.6  533.4 398  372  557  185  290  609  319
12 2000 134.8  4.5  3.3  1.2  26  37.5  570.9 416  366  552  186  301  627  326
13 2001 140.2  5.4  3.6  1.8  33  46.7  617.5 469  409  590  181  306  663  357
14 2002 145.0  4.8  2.7  2.1  43  43.0  660.5 486  389  610  221  298  636  338
15 2003 151.0  6.0  3.6  2.4  40  55.8  716.3 482  414  583  169  300  648  348
16 2004 155.8  4.8  3.0  1.8  37  46.3  762.6 491  406  632  226  305  694  389
17 2005 159.4  3.6  1.5  2.1  58  35.6  798.2 516  429  578  149  393  663  270
18 2006 162.4  3.0  0.9  2.1  70  30.3  828.6 561  405  628  223  390  689  299
19 2007 166.0  3.6  1.2  2.4  66  37.1  865.7 547  439  601  162  395  700  305
20 2008 169.0  3.0  1.2  1.8  60  31.6  897.3 532  419  607  188  380  731  351
21 2009 171.4  2.4  0.6  1.8  74  25.7  922.9 574  409  629  220  381  746  365
22 2010 173.8  2.4  0.6  1.8  75  26.0  949.0 548  395  599  204  363  718  355
23 2011 176.5  2.7  1.2  1.5  55  29.7  978.7 503  384  598  214  329  669  340
24 2012 178.9  2.4  0.9  1.5  62  26.8 1005.5 525  385  609  224  358  694  336
25 2013 180.4  1.5  0.6  0.9  60  16.9 1022.4 532  424  603  179  419  628  209
26 2014 181.3  0.9  0.3  0.6  66  10.2 1032.6 565  431  632  201  431  674  243
27 2015 183.1  1.8  0.9  0.9  49  20.6 1053.2 531  417  645  228  385  711  326
28 2016 184.6  1.5  0.6  0.9  60  17.3 1070.6 467  378  526  148  334  531  197

Core Length:  174.6 mm
Core Density: 468 kg/m3
Cross-sectional Density:  446 kg/m3
Early/Latewood Threshold: 500 kg/m3
Attenuation Constant: 3.19

ִִִִִִִִִִִִִִִִִִִִִִִִִִִִִִִִִִִִִִִִִִִִִִִִִִִִִִִִִִִִִִִִִִִִִִִִִִִִִִִ
Core : 25
ֲֲֲִִִִִִִִִִִִִִִִִִִִִִִִִִִִִִִִִִִִִִִִִִִִִִִִִִִִִִִִִִִִִִִִִִִִִִִִִִִִ
       ³Widths (mm)              ³ Areas    ³ Densities (kg/m3)
       ³                         ³ (cm‎)    ³
Ring   ³Outer Ring Erly Late   % ³Incr Total³Ring E/Wd L/Wd Unif  Min  Max  Rng
 # Year³ Rad.      Wood Wood  LW ³          ³mean mean mean
ֱֱֱִִִִִִִִִִִִִִִִִִִִִִִִִִִִִִִִִִִִִִִִִִִִִִִִִִִִִִִִִִִִִִִִִִִִִִִִִִִִ

 2 1990  13.1 13.1 10.5  0.6   4   5.4    5.4 414  407  526  119  365  535  170
 3 1991  28.4 15.3 12.6  2.7  17  19.9   25.3 421  398  530  132  327  550  223
 4 1992  46.7 18.3 15.0  3.3  18  43.2   68.5 407  381  526  145  325  545  220
 5 1993  64.4 17.7 13.5  4.2  23  61.8  130.3 419  380  545  165  323  611  288
 6 1994  80.9 16.5 12.0  4.5  27  75.3  205.6 440  390  573  183  316  616  300
 7 1995  93.5 12.6  9.3  3.3  26  69.0  274.6 433  391  553  162  323  628  305
 8 1996 105.8 12.3  7.8  4.5  36  77.0  351.7 451  380  575  195  301  617  316
 9 1997 119.9 14.1  9.0  5.1  36 100.0  451.6 465  397  587  190  327  651  324
10 1998 130.7 10.8  7.2  3.6  33  85.0  536.7 445  372  591  219  299  668  369
11 1999 140.3  9.6  5.7  3.9  40  81.7  618.4 503  433  606  173  346  690  344
12 2000 146.3  6.0  3.3  2.7  45  54.0  672.4 498  401  617  216  341  728  387
13 2001 153.2  6.9  2.4  4.5  65  64.9  737.3 554  396  638  242  361  748  387
14 2002 159.5  6.3  2.7  3.6  57  61.9  799.2 539  405  639  234  355  738  383
15 2003 165.8  6.3  3.9  2.4  38  64.4  863.6 500  428  618  190  347  710  363
16 2004 169.7  3.9  2.1  1.8  46  41.1  904.7 493  384  620  236  327  714  387
17 2005 172.7  3.0  1.2  1.8  60  32.3  937.0 510  382  596  214  346  721  375
18 2006 175.1  2.4  1.2  1.2  50  26.2  963.2 505  408  602  194  356  677  321
19 2007 178.4  3.3  1.2  2.1  63  36.6  999.9 501  387  567  180  353  612  259
20 2008 181.7  3.3  1.5  1.8  54  37.3 1037.2 519  398  619  221  354  695  341
21 2009 185.6  3.9  1.5  2.4  61  45.0 1082.2 541  389  636  247  351  744  393
22 2010 188.6  3.0  1.2  1.8  60  35.3 1117.5 555  419  645  226  365  723  358
23 2011 194.0  5.4  1.5  3.9  72  64.9 1182.4 548  400  605  205  324  656  332
24 2012 198.8  4.8  2.1  2.7  56  59.2 1241.6 543  401  653  252  346  735  389
25 2013 201.5  2.7  1.5  1.2  44  34.0 1275.6 494  394  619  225  362  678  316
26 2014 203.0  1.5  0.6  0.9  60  19.1 1294.6 520  387  608  221  354  696  342
27 2015 205.1  2.1  0.9  1.2  57  26.9 1321.5 563  422  669  247  374  726  352
28 2016 206.9  1.8  0.6  1.2  66  23.3 1344.8 562  407  640  233  381  762  381

Core Length:  205.2 mm
Core Density: 494 kg/m3
Cross-sectional Density:  490 kg/m3
Early/Latewood Threshold: 500 kg/m3
Attenuation Constant: 3.19

ִִִִִִִִִִִִִִִִִִִִִִִִִִִִִִִִִִִִִִִִִִִִִִִִִִִִִִִִִִִִִִִִִִִִִִִִִִִִִִִ
Core : 26
ֲֲֲִִִִִִִִִִִִִִִִִִִִִִִִִִִִִִִִִִִִִִִִִִִִִִִִִִִִִִִִִִִִִִִִִִִִִִִִִִִִ
       ³Widths (mm)              ³ Areas    ³ Densities (kg/m3)
       ³                         ³ (cm‎)    ³
Ring   ³Outer Ring Erly Late   % ³Incr Total³Ring E/Wd L/Wd Unif  Min  Max  Rng
 # Year³ Rad.      Wood Wood  LW ³          ³mean mean mean
ֱֱֱִִִִִִִִִִִִִִִִִִִִִִִִִִִִִִִִִִִִִִִִִִִִִִִִִִִִִִִִִִִִִִִִִִִִִִִִִִִִ

 3 1991  23.0 23.0 15.0  0.0   0  16.6   16.6 375  375    0    0  295  466  171
 4 1992  46.1 23.1 23.1  0.0   0  50.1   66.8 341  341    0    0  266  481  215
 5 1993  71.0 24.9 19.8  5.1  20  91.6  158.4 390  356  523  167  283  581  298
 6 1994  90.8 19.8 14.7  5.1  25 100.6  259.0 430  383  567  184  315  623  308
 7 1995 104.9 14.1 12.0  2.1  14  86.7  345.7 424  400  560  160  324  619  295
 8 1996 117.5 12.6  8.7  3.9  30  88.0  433.7 438  375  578  203  311  631  320
 9 1997 126.2  8.7  6.3  2.4  27  66.6  500.3 455  412  568  156  367  616  249
10 1998 131.9  5.7  4.8  0.9  15  46.2  546.6 400  369  564  195  310  585  275
11 1999 136.7  4.8  3.6  1.2  24  40.5  587.1 447  397  599  202  328  635  307
12 2000 141.5  4.8  3.3  1.5  31  42.0  629.0 464  397  611  214  326  709  383
13 2001 147.8  6.3  3.0  3.3  52  57.3  686.3 519  429  602  173  378  658  280
14 2002 153.5  5.7  2.7  3.0  52  54.0  740.2 501  407  585  178  347  689  342
15 2003 159.5  6.0  3.6  2.4  40  59.0  799.2 508  449  598  149  412  660  248
16 2004 163.7  4.2  2.4  1.8  42  42.6  841.9 516  435  625  190  383  698  315
17 2005 167.9  4.2  1.5  2.7  64  43.8  885.6 523  423  579  156  399  691  292
18 2006 171.8  3.9  1.5  2.4  61  41.6  927.2 519  418  582  164  384  669  285
19 2007 175.1  3.3  1.5  1.8  54  36.0  963.2 527  436  604  168  378  697  319
20 2008 177.8  2.7  0.9  1.8  66  29.9  993.1 585  478  639  161  450  723  273
21 2009 179.6  1.8  0.3  1.5  83  20.2 1013.4 574  338  621  283  338  705  367
22 2010 180.8  1.2  0.6  0.6  50  13.6 1026.9 470  404  537  133  372  573  201
23 2011 182.0  1.2  0.3  0.9  75  13.7 1040.6 477  349  520  171  349  544  195
24 2012 184.4  2.4  0.9  1.5  62  27.6 1068.2 496  384  563  179  358  618  260
25 2013 186.2  1.8  0.9  0.9  49  21.0 1089.2 504  398  610  212  364  650  286
26 2014 188.3  2.1  0.9  1.2  57  24.7 1113.9 510  413  584  171  382  624  242
27 2015 191.3  3.0  1.2  1.8  60  35.8 1149.7 509  433  560  127  383  595  212
28 2016 194.9  3.6  1.5  2.1  58  43.7 1193.4 536  455  594  139  391  653  262

Core Length:  187.5 mm
Core Density: 478 kg/m3
Cross-sectional Density:  466 kg/m3
Early/Latewood Threshold: 500 kg/m3
Attenuation Constant: 3.19

ִִִִִִִִִִִִִִִִִִִִִִִִִִִִִִִִִִִִִִִִִִִִִִִִִִִִִִִִִִִִִִִִִִִִִִִִִִִִִִִ
Core : 32
ֲֲֲִִִִִִִִִִִִִִִִִִִִִִִִִִִִִִִִִִִִִִִִִִִִִִִִִִִִִִִִִִִִִִִִִִִִִִִִִִִִ
       ³Widths (mm)              ³ Areas    ³ Densities (kg/m3)
       ³                         ³ (cm‎)    ³
Ring   ³Outer Ring Erly Late   % ³Incr Total³Ring E/Wd L/Wd Unif  Min  Max  Rng
 # Year³ Rad.      Wood Wood  LW ³          ³mean mean mean
ֱֱֱִִִִִִִִִִִִִִִִִִִִִִִִִִִִִִִִִִִִִִִִִִִִִִִִִִִִִִִִִִִִִִִִִִִִִִִִִִִִ

 3 1991  22.3 22.3 15.3  0.0   0  15.6   15.6 316  316    0    0  268  428  160
 4 1992  37.9 15.6 15.0  0.6   3  29.5   45.1 347  340  519  179  284  524  240
 5 1993  56.2 18.3 17.7  0.6   3  54.1   99.2 368  363  540  177  283  560  277
 6 1994  73.6 17.4 15.9  1.5   8  71.0  170.2 384  368  545  177  293  580  287
 7 1995  85.0 11.4 10.8  0.6   5  56.8  227.0 374  366  531  165  308  547  239
 8 1996  95.2 10.2  6.6  3.6  35  57.7  284.7 444  383  556  173  318  611  293
 9 1997 107.8 12.6  8.4  4.2  33  80.4  365.1 450  391  568  177  326  662  336
10 1998 115.3  7.5  6.0  1.5  20  52.6  417.6 408  368  567  199  315  655  340
11 1999 122.5  7.2  4.5  2.7  37  53.8  471.4 477  414  583  169  364  674  310
12 2000 128.5  6.0  4.2  1.8  30  47.3  518.7 455  389  609  220  337  701  364
13 2001 134.5  6.0  3.3  2.7  45  49.6  568.3 498  408  608  200  359  674  315
14 2002 139.9  5.4  3.0  2.4  44  46.6  614.9 498  418  599  181  360  655  295
15 2003 145.0  5.1  3.3  1.8  35  45.6  660.5 493  440  589  149  383  664  281
16 2004 148.3  3.3  1.8  1.5  45  30.4  690.9 478  394  578  184  346  690  344
17 2005 151.0  2.7  1.5  1.2  44  25.4  716.3 502  412  615  203  361  648  287
18 2006 154.3  3.3  1.5  1.8  54  31.7  748.0 526  413  620  207  370  692  322
19 2007 157.3  3.0  1.2  1.8  60  29.4  777.3 510  402  583  181  378  647  269
20 2008 160.9  3.6  1.8  1.8  49  36.0  813.3 517  418  616  198  376  675  299
21 2009 164.8  3.9  1.5  2.4  61  39.9  853.2 540  414  619  205  367  656  289
22 2010 167.5  2.7  1.2  1.5  55  28.2  881.4 504  402  585  183  367  657  290
23 2011 171.1  3.6  1.2  2.4  66  38.3  919.7 526  400  588  188  320  663  343
24 2012 175.3  4.2  2.1  2.1  50  45.7  965.4 498  412  584  172  330  636  306
25 2013 179.5  4.2  2.1  2.1  50  46.8 1012.2 510  413  606  193  351  698  347
26 2014 182.5  3.0  1.2  1.8  60  34.1 1046.3 541  425  618  193  382  695  313
27 2015 189.1  6.6  2.7  3.9  59  77.0 1123.4 530  442  591  149  400  622  222
28 2016 193.9  4.8  1.8  3.0  62  57.8 1181.2 519  423  577  154  378  668  290

Core Length:  187.5 mm
Core Density: 469 kg/m3
Cross-sectional Density:  468 kg/m3
Early/Latewood Threshold: 500 kg/m3
Attenuation Constant: 3.19

ִִִִִִִִִִִִִִִִִִִִִִִִִִִִִִִִִִִִִִִִִִִִִִִִִִִִִִִִִִִִִִִִִִִִִִִִִִִִִִִ
Core : 38
ֲֲֲִִִִִִִִִִִִִִִִִִִִִִִִִִִִִִִִִִִִִִִִִִִִִִִִִִִִִִִִִִִִִִִִִִִִִִִִִִִִ
       ³Widths (mm)              ³ Areas    ³ Densities (kg/m3)
       ³                         ³ (cm‎)    ³
Ring   ³Outer Ring Erly Late   % ³Incr Total³Ring E/Wd L/Wd Unif  Min  Max  Rng
 # Year³ Rad.      Wood Wood  LW ³          ³mean mean mean
ֱֱֱִִִִִִִִִִִִִִִִִִִִִִִִִִִִִִִִִִִִִִִִִִִִִִִִִִִִִִִִִִִִִִִִִִִִִִִִִִִִ

 4 1992  25.9 25.9 18.9  0.0   0  21.1   21.1 369  369    0    0  299  492  193
 5 1993  46.0 20.1 18.0  2.1  10  45.4   66.5 391  375  534  159  279  574  295
 6 1994  64.0 18.0 13.5  4.5  25  62.2  128.7 430  391  550  159  299  601  302
 7 1995  75.7 11.7  9.6  2.1  17  51.3  180.0 427  399  560  161  320  656  336
 8 1996  85.6  9.9  6.0  3.9  39  50.2  230.2 448  374  562  188  313  609  296
 9 1997  95.5  9.9  6.3  3.6  36  56.3  286.5 445  382  556  174  283  595  312
10 1998 102.4  6.9  5.4  1.5  21  42.9  329.4 398  363  524  161  284  555  271
11 1999 110.8  8.4  6.0  2.4  28  56.3  385.7 436  387  560  173  305  574  269
12 2000 118.3  7.5  4.5  3.0  40  54.0  439.7 449  378  556  178  287  645  358
13 2001 124.9  6.6  4.2  2.4  36  50.4  490.1 448  388  551  163  303  580  277
14 2002 132.1  7.2  4.2  3.0  41  58.1  548.2 469  390  580  190  304  622  318
15 2003 140.5  8.4  5.4  3.0  35  71.9  620.2 446  382  560  178  302  646  344
16 2004 145.9  5.4  3.6  1.8  33  48.6  668.7 446  373  592  219  299  645  346
17 2005 151.9  6.0  4.5  1.5  25  56.1  724.9 469  416  628  212  339  658  319
18 2006 157.3  5.4  3.3  2.1  38  52.5  777.3 504  416  643  227  354  693  339
19 2007 162.1  4.8  2.7  2.1  43  48.2  825.5 505  416  620  204  353  692  339
20 2008 166.9  4.8  3.0  1.8  37  49.6  875.1 494  421  617  196  348  661  313
21 2009 171.1  4.2  1.5  2.7  64  44.6  919.7 529  443  576  133  406  668  262
22 2010 175.0  3.9  2.4  1.5  38  42.4  962.1 501  439  601  162  411  678  267
23 2011 177.7  2.7  0.9  1.8  66  29.9  992.0 527  407  587  180  381  654  273
24 2012 181.0  3.3  1.8  1.5  45  37.2 1029.2 527  451  618  167  389  641  252
25 2013 183.1  2.1  0.6  1.5  71  24.0 1053.2 554  452  595  143  439  671  232
26 2014 184.9  1.8  0.9  0.9  49  20.8 1074.0 561  463  660  197  443  717  274
27 2015 187.3  2.4  1.2  1.2  50  28.1 1102.1 526  403  649  246  370  750  380
28 2016 190.3  3.0  0.9  2.1  70  35.6 1137.7 536  423  585  162  385  698  313

Core Length:  183.6 mm
Core Density: 473 kg/m3
Cross-sectional Density:  467 kg/m3
Early/Latewood Threshold: 500 kg/m3
Attenuation Constant: 3.19

ִִִִִִִִִִִִִִִִִִִִִִִִִִִִִִִִִִִִִִִִִִִִִִִִִִִִִִִִִִִִִִִִִִִִִִִִִִִִִִִ
Core : 44
ֲֲֲִִִִִִִִִִִִִִִִִִִִִִִִִִִִִִִִִִִִִִִִִִִִִִִִִִִִִִִִִִִִִִִִִִִִִִִִִִִִ
       ³Widths (mm)              ³ Areas    ³ Densities (kg/m3)
       ³                         ³ (cm‎)    ³
Ring   ³Outer Ring Erly Late   % ³Incr Total³Ring E/Wd L/Wd Unif  Min  Max  Rng
 # Year³ Rad.      Wood Wood  LW ³          ³mean mean mean
ֱֱֱִִִִִִִִִִִִִִִִִִִִִִִִִִִִִִִִִִִִִִִִִִִִִִִִִִִִִִִִִִִִִִִִִִִִִִִִִִִִ

 2 1990   9.0  9.0  8.7  0.3   3   2.5    2.5 356  350  537  187  277  537  260
 3 1991  27.0 18.0 17.7  0.3   1  20.4   22.9 367  365  506  141  295  506  211
 4 1992  44.1 17.1 16.2  0.9   5  38.2   61.1 389  382  519  137  335  534  199
 5 1993  61.5 17.4 13.2  4.2  24  57.7  118.8 424  390  533  143  328  559  231
 6 1994  74.4 12.9  8.4  4.5  34  55.1  173.9 471  414  577  163  360  619  259
 7 1995  85.5 11.1  9.3  1.8  16  55.8  229.7 439  416  558  142  362  592  230
 8 1996  93.9  8.4  6.0  2.4  28  47.3  277.0 428  377  557  180  335  602  267
 9 1997 102.9  9.0  5.1  3.9  43  55.6  332.6 466  394  559  165  327  618  291
10 1998 108.9  6.0  4.5  1.5  25  39.9  372.6 417  364  574  210  288  630  342
11 1999 115.8  6.9  3.9  3.0  43  48.7  421.3 477  395  583  188  327  649  322
12 2000 119.7  3.9  2.4  1.5  38  28.9  450.1 457  362  609  247  309  702  393
13 2001 123.3  3.6  2.4  1.2  33  27.5  477.6 465  403  588  185  336  672  336
14 2002 126.6  3.3  1.8  1.5  45  25.9  503.5 502  403  621  218  351  700  349
15 2003 129.6  3.0  1.5  1.5  50  24.1  527.7 523  462  584  122  430  679  249
16 2004 131.7  2.1  1.2  0.9  42  17.2  544.9 512  424  629  205  380  686  306
17 2005 132.9  1.2  0.3  0.9  75  10.0  554.9 582  432  632  200  432  708  276
18 2006 134.1  1.2  0.6  0.6  50  10.1  564.9 563  454  672  218  433  697  264
19 2007 135.3  1.2  0.3  0.9  75  10.2  575.1 561  447  599  152  447  659  212
20 2008 136.2  0.9  0.3  0.6  66   7.7  582.8 622  420  723  303  420  756  336
21 2009 137.7  1.5  0.3  1.2  80  12.9  595.7 573  426  610  184  426  725  299
22 2010 138.9  1.2  0.3  0.9  75  10.4  606.1 626  440  689  249  440  754  314
23 2011 140.1  1.2  0.3  0.9  75  10.5  616.6 519  384  564  180  384  623  239
24 2012 141.0  0.9  0.3  0.6  66   7.9  624.6 513  410  564  154  410  596  186
25 2013 141.9  0.9  0.3  0.6  66   8.0  632.6 545  437  599  162  437  679  242
26 2014 142.8  0.9  0.3  0.6  66   8.0  640.6 524  390  592  202  390  668  278
27 2015 143.4  0.6  0.3  0.3  49   5.4  646.0 544  472  617  145  472  617  145
28 2016 144.3  0.9  0.3  0.6  66   8.1  654.2 496  280  604  324  280  687  407

Core Length:  144.3 mm
Core Density: 494 kg/m3
Cross-sectional Density:  467 kg/m3
Early/Latewood Threshold: 500 kg/m3
Attenuation Constant: 3.19

ִִִִִִִִִִִִִִִִִִִִִִִִִִִִִִִִִִִִִִִִִִִִִִִִִִִִִִִִִִִִִִִִִִִִִִִִִִִִִִִ
Core : 47
ֲֲֲִִִִִִִִִִִִִִִִִִִִִִִִִִִִִִִִִִִִִִִִִִִִִִִִִִִִִִִִִִִִִִִִִִִִִִִִִִִִ
       ³Widths (mm)              ³ Areas    ³ Densities (kg/m3)
       ³                         ³ (cm‎)    ³
Ring   ³Outer Ring Erly Late   % ³Incr Total³Ring E/Wd L/Wd Unif  Min  Max  Rng
 # Year³ Rad.      Wood Wood  LW ³          ³mean mean mean
ֱֱֱִִִִִִִִִִִִִִִִִִִִִִִִִִִִִִִִִִִִִִִִִִִִִִִִִִִִִִִִִִִִִִִִִִִִִִִִִִִִ

 3 1991  23.4 23.4 14.4  0.0   0  17.2   17.2 323  323    0    0  257  442  185
 4 1992  41.1 17.7 17.7  0.0   0  35.9   53.1 370  370    0    0  295  484  189
 5 1993  61.2 20.1 20.1  0.0   0  64.6  117.7 356  356    0    0  265  487  222
 6 1994  78.0 16.8 15.9  0.9   5  73.5  191.1 361  352  511  159  277  517  240
 7 1995  93.6 15.6 15.3  0.3   1  84.1  275.2 349  346  505  159  291  505  214
 8 1996 109.8 16.2 15.6  0.6   3 103.5  378.8 359  353  530  177  278  536  258
 9 1997 123.3 13.5 11.4  2.1  15  98.9  477.6 383  357  528  171  292  541  249
10 1998 133.5 10.2  9.3  0.9   8  82.3  559.9 367  352  524  172  271  540  269
11 1999 143.7 10.2  8.7  1.5  14  88.8  648.7 374  346  534  188  280  554  274
12 2000 151.5  7.8  6.9  0.9  11  72.3  721.1 343  319  521  202  258  529  271
13 2001 156.9  5.4  4.2  1.2  22  52.3  773.4 404  364  545  181  279  611  332
14 2002 161.7  4.8  3.9  0.9  18  48.0  821.4 403  373  536  163  296  543  247
15 2003 167.4  5.7  4.5  1.2  21  58.9  880.4 415  375  565  190  290  629  339
16 2004 171.9  4.5  3.3  1.2  26  48.0  928.3 415  358  570  212  280  616  336
17 2005 175.8  3.9  3.3  0.6  15  42.6  970.9 419  383  622  239  296  646  350
18 2006 179.1  3.3  1.8  1.5  45  36.8 1007.7 454  347  583  236  283  661  378
19 2007 182.7  3.6  3.0  0.6  16  40.9 1048.6 421  383  613  230  287  658  371
20 2008 186.9  4.2  3.3  0.9  21  48.8 1097.4 432  381  620  239  299  650  351
21 2009 191.1  4.2  3.3  0.9  21  49.9 1147.3 428  392  558  166  333  609  276
22 2010 194.7  3.6  3.0  0.6  16  43.6 1190.9 398  367  554  187  285  587  302
23 2011 197.1  2.4  1.5  0.9  37  29.5 1220.5 443  401  512  111  316  537  221
24 2012 201.0  3.9  2.7  1.2  30  48.8 1269.2 436  377  569  192  295  572  277
25 2013 203.7  2.7  2.4  0.3  11  34.3 1303.6 393  365  611  246  293  611  318
26 2014 205.8  2.1  1.2  0.9  42  27.0 1330.6 416  318  547  229  290  571  281
27 2015 208.5  2.7  2.1  0.6  22  35.1 1365.7 412  365  574  209  291  587  296
28 2016 211.2  2.7  2.1  0.6  22  35.6 1401.3 428  391  558  167  312  574  262

Core Length:  202.5 mm
Core Density: 396 kg/m3
Cross-sectional Density:  389 kg/m3
Early/Latewood Threshold: 500 kg/m3
Attenuation Constant: 3.19

