File : C:\DENSITOM\WOODHI~1\WHILL12.DAT
Cores :
3
4
9
16
17
19
27
29
34
39
45
48

ִִִִִִִִִִִִִִִִִִִִִִִִִִִִִִִִִִִִִִִִִִִִִִִִִִִִִִִִִִִִִִִִִִִִִִִִִִִִִִִ
Core : 3
ֲֲֲִִִִִִִִִִִִִִִִִִִִִִִִִִִִִִִִִִִִִִִִִִִִִִִִִִִִִִִִִִִִִִִִִִִִִִִִִִִִ
       ³Widths (mm)              ³ Areas    ³ Densities (kg/m3)
       ³                         ³ (cm‎)    ³
Ring   ³Outer Ring Erly Late   % ³Incr Total³Ring E/Wd L/Wd Unif  Min  Max  Rng
 # Year³ Rad.      Wood Wood  LW ³          ³mean mean mean
ֱֱֱִִִִִִִִִִִִִִִִִִִִִִִִִִִִִִִִִִִִִִִִִִִִִִִִִִִִִִִִִִִִִִִִִִִִִִִִִִִִ

 2 1990  15.3 15.3 12.3  0.0   0   7.4    7.4 328  328    0    0  288  438  150
 3 1991  30.9 15.6 15.6  0.0   0  22.6   30.0 343  343    0    0  282  443  161
 4 1992  51.3 20.4 20.4  0.0   0  52.7   82.7 338  338    0    0  273  435  162
 5 1993  71.7 20.4 18.3  2.1  10  78.8  161.5 368  350  532  182  298  568  270
 6 1994  87.6 15.9 10.2  5.7  35  79.6  241.1 454  391  566  175  311  627  316
 7 1995 100.2 12.6 10.8  1.8  14  74.3  315.4 402  381  524  143  304  536  232
 8 1996 114.9 14.7 13.5  1.2   8  99.3  414.8 398  387  520  133  278  539  261
 9 1997 128.1 13.2 10.8  2.4  18 100.8  515.5 421  395  539  144  288  577  289
10 1998 135.9  7.8  6.6  1.2  15  64.7  580.2 393  370  519  149  279  541  262
11 1999 145.5  9.6  7.2  2.4  25  84.9  665.1 430  388  553  165  285  617  332
12 2000 150.6  5.1  4.2  0.9  17  47.4  712.5 398  355  598  243  257  624  367
13 2001 155.4  4.8  3.3  1.5  31  46.1  758.7 452  400  568  168  302  612  310
14 2002 160.8  5.4  3.3  2.1  38  53.6  812.3 449  387  545  158  313  570  257
15 2003 166.8  6.0  3.3  2.7  45  61.8  874.1 473  402  559  157  342  617  275
16 2004 169.5  2.7  1.5  1.2  44  28.5  902.6 453  359  570  211  303  621  318
17 2005 171.9  2.4  1.2  1.2  49  25.7  928.3 505  398  613  215  369  695  326
18 2006 173.7  1.8  0.6  1.2  66  19.5  947.9 579  427  655  228  385  688  303
19 2007 176.7  3.0  1.5  1.5  50  33.0  980.9 516  428  605  177  374  654  280
20 2008 178.5  1.8  0.9  0.9  50  20.1 1001.0 513  403  622  219  363  691  328
21 2009 180.3  1.8  0.6  1.2  66  20.3 1021.3 548  431  607  176  386  668  282
22 2010 181.8  1.5  0.6  0.9  60  17.1 1038.3 529  418  604  186  399  679  280
23 2011 183.0  1.2  0.3  0.9  75  13.8 1052.1 581  450  625  175  450  651  201
24 2012 184.8  1.8  0.9  0.9  49  20.8 1072.9 526  440  612  172  413  656  243
25 2013 185.7  0.9  0.0  0.9  99  10.5 1083.4 583    0  583  583  534  664  130
26 2014 186.6  0.9  0.0  0.9 100  10.5 1093.9 587    0  587  587  510  674  164
27 2015 187.5  0.9  0.0  0.9 100  10.6 1104.5 596    0  596  596  516  665  149
28 2016 188.1  0.6  0.3  0.3  49   7.1 1111.5 488  462  515   53  462  515   53

Core Length:  185.1 mm
Core Density: 468 kg/m3
Cross-sectional Density:  436 kg/m3
Early/Latewood Threshold: 500 kg/m3
Attenuation Constant: 3.19

ִִִִִִִִִִִִִִִִִִִִִִִִִִִִִִִִִִִִִִִִִִִִִִִִִִִִִִִִִִִִִִִִִִִִִִִִִִִִִִִ
Core : 4
ֲֲֲִִִִִִִִִִִִִִִִִִִִִִִִִִִִִִִִִִִִִִִִִִִִִִִִִִִִִִִִִִִִִִִִִִִִִִִִִִִִ
       ³Widths (mm)              ³ Areas    ³ Densities (kg/m3)
       ³                         ³ (cm‎)    ³
Ring   ³Outer Ring Erly Late   % ³Incr Total³Ring E/Wd L/Wd Unif  Min  Max  Rng
 # Year³ Rad.      Wood Wood  LW ³          ³mean mean mean
ֱֱֱִִִִִִִִִִִִִִִִִִִִִִִִִִִִִִִִִִִִִִִִִִִִִִִִִִִִִִִִִִִִִִִִִִִִִִִִִִִִ

 2 1990  14.2 14.2 10.2  0.0   0   6.3    6.3 301  301    0    0  246  420  174
 3 1991  36.7 22.5 22.5  0.0   0  36.0   42.3 306  306    0    0  244  425  181
 4 1992  59.8 23.1 23.1  0.0   0  70.0  112.3 336  336    0    0  263  488  225
 5 1993  76.9 17.1 15.0  2.1  12  73.4  185.8 367  344  528  184  278  545  267
 6 1994  90.1 13.2 10.8  2.4  18  69.3  255.0 410  378  556  178  319  591  272
 7 1995 101.5 11.4 10.2  1.2  10  68.6  323.7 390  371  557  186  310  607  297
 8 1996 112.3 10.8  9.3  1.5  13  72.5  396.2 383  352  570  218  298  624  326
 9 1997 124.0 11.7 11.1  0.6   5  86.9  483.1 407  401  514  113  308  523  215
10 1998 132.4  8.4  6.6  1.8  21  67.7  550.7 401  369  521  152  266  548  282
11 1999 140.2  7.8  6.0  1.8  23  66.8  617.5 435  400  551  151  324  573  249
12 2000 144.7  4.5  3.9  0.6  13  40.3  657.8 421  395  596  201  298  619  321
13 2001 149.8  5.1  3.3  1.8  35  47.2  705.0 454  411  531  120  301  576  275
14 2002 154.3  4.5  2.4  2.1  46  43.0  748.0 467  382  565  183  305  610  305
15 2003 161.5  7.2  5.4  1.8  25  71.4  819.4 451  429  517   88  316  540  224
16 2004 165.1  3.6  1.8  1.8  49  36.9  856.3 487  417  556  139  348  576  228
17 2005 168.1  3.0  1.5  1.5  50  31.4  887.7 475  379  570  191  342  660  318
18 2006 171.1  3.0  1.5  1.5  50  32.0  919.7 492  426  559  133  369  594  225
19 2007 174.7  3.6  2.1  1.5  41  39.1  958.8 459  410  527  117  351  579  228
20 2008 178.0  3.3  1.8  1.5  45  36.6  995.4 491  430  563  133  356  618  262
21 2009 181.3  3.3  2.1  1.2  36  37.2 1032.6 474  443  529   86  343  551  208
22 2010 184.3  3.0  1.2  1.8  60  34.5 1067.1 492  360  579  219  311  631  320
23 2011 187.3  3.0  1.2  1.8  60  35.0 1102.1 473  383  533  150  354  573  219
24 2012 190.9  3.6  2.1  1.5  41  42.8 1144.9 467  402  560  158  346  600  254
25 2013 193.3  2.4  1.2  1.2  50  29.0 1173.9 505  407  603  196  384  651  267
26 2014 195.1  1.8  0.6  1.2  66  22.0 1195.8 515  391  577  186  363  646  283
27 2015 196.9  1.8  0.9  0.9  49  22.2 1218.0 530  432  628  196  391  679  288
28 2016 198.4  1.5  0.6  0.9  60  18.6 1236.6 500  425  550  125  410  623  213

Core Length:  194.4 mm
Core Density: 440 kg/m3
Cross-sectional Density:  429 kg/m3
Early/Latewood Threshold: 500 kg/m3
Attenuation Constant: 3.19

ִִִִִִִִִִִִִִִִִִִִִִִִִִִִִִִִִִִִִִִִִִִִִִִִִִִִִִִִִִִִִִִִִִִִִִִִִִִִִִִ
Core : 9
ֲֲֲִִִִִִִִִִִִִִִִִִִִִִִִִִִִִִִִִִִִִִִִִִִִִִִִִִִִִִִִִִִִִִִִִִִִִִִִִִִִ
       ³Widths (mm)              ³ Areas    ³ Densities (kg/m3)
       ³                         ³ (cm‎)    ³
Ring   ³Outer Ring Erly Late   % ³Incr Total³Ring E/Wd L/Wd Unif  Min  Max  Rng
 # Year³ Rad.      Wood Wood  LW ³          ³mean mean mean
ֱֱֱִִִִִִִִִִִִִִִִִִִִִִִִִִִִִִִִִִִִִִִִִִִִִִִִִִִִִִִִִִִִִִִִִִִִִִִִִִִִ

 3 1991  34.4 34.4 26.4  0.0   0  37.2   37.2 330  330    0    0  277  446  169
 4 1992  59.0 24.6 24.6  0.0   0  72.2  109.4 342  342    0    0  279  446  167
 5 1993  82.4 23.4 21.9  1.5   6 103.9  213.3 354  343  513  170  271  523  252
 6 1994  94.7 12.3 10.5  1.8  14  68.4  281.7 398  372  550  178  284  584  300
 7 1995 108.5 13.8 11.7  2.1  15  88.1  369.8 401  375  547  172  285  583  298
 8 1996 123.8 15.3 13.5  1.8  11 111.7  481.5 408  392  534  142  305  555  250
 9 1997 137.3 13.5 10.2  3.3  24 110.7  592.2 409  367  536  169  292  586  294
10 1998 146.0  8.7  7.5  1.2  13  77.4  669.7 386  366  510  144  266  519  253
11 1999 155.6  9.6  6.9  2.7  28  91.0  760.6 426  380  544  164  299  580  281
12 2000 161.3  5.7  4.2  1.5  26  56.7  817.4 409  360  546  186  289  596  307
13 2001 167.9  6.6  3.9  2.7  40  68.3  885.6 459  387  562  175  294  637  343
14 2002 174.2  6.3  2.7  3.6  57  67.7  953.3 470  367  548  181  318  586  268
15 2003 182.9  8.7  4.8  3.9  44  97.6 1050.9 461  381  558  177  311  616  305
16 2004 189.8  6.9  3.9  3.0  43  80.8 1131.7 465  391  562  171  302  595  293
17 2005 196.4  6.6  3.6  3.0  45  80.1 1211.8 472  382  580  198  331  656  325
18 2006 204.8  8.4  4.5  3.9  46 105.9 1317.7 474  396  564  168  310  624  314
19 2007 210.5  5.7  3.3  2.4  42  74.4 1392.0 482  397  600  203  312  636  324
20 2008 215.3  4.8  3.0  1.8  37  64.2 1456.3 465  391  588  197  320  692  372
21 2009 218.9  3.6  2.1  1.5  41  49.1 1505.4 485  385  626  241  350  661  311
22 2010 221.0  2.1  0.9  1.2  57  29.0 1534.4 501  389  585  196  346  678  332
23 2011 224.6  3.6  1.5  2.1  58  50.4 1584.8 511  397  593  196  331  634  303
24 2012 227.0  2.4  1.8  0.6  24  34.1 1618.8 459  400  635  235  338  681  343
25 2013 229.1  2.1  1.5  0.6  28  30.1 1648.9 451  402  573  171  369  617  248
26 2014 231.2  2.1  1.2  0.9  42  30.4 1679.3 511  419  634  215  384  685  301
27 2015 233.3  2.1  1.5  0.6  28  30.6 1709.9 442  385  585  200  355  624  269
28 2016 235.1  1.8  1.2  0.6  33  26.5 1736.4 441  374  576  202  342  607  265

Core Length:  227.4 mm
Core Density: 438 kg/m3
Cross-sectional Density:  433 kg/m3
Early/Latewood Threshold: 500 kg/m3
Attenuation Constant: 3.19

ִִִִִִִִִִִִִִִִִִִִִִִִִִִִִִִִִִִִִִִִִִִִִִִִִִִִִִִִִִִִִִִִִִִִִִִִִִִִִִִ
Core : 16
ֲֲֲִִִִִִִִִִִִִִִִִִִִִִִִִִִִִִִִִִִִִִִִִִִִִִִִִִִִִִִִִִִִִִִִִִִִִִִִִִִִ
       ³Widths (mm)              ³ Areas    ³ Densities (kg/m3)
       ³                         ³ (cm‎)    ³
Ring   ³Outer Ring Erly Late   % ³Incr Total³Ring E/Wd L/Wd Unif  Min  Max  Rng
 # Year³ Rad.      Wood Wood  LW ³          ³mean mean mean
ֱֱֱִִִִִִִִִִִִִִִִִִִִִִִִִִִִִִִִִִִִִִִִִִִִִִִִִִִִִִִִִִִִִִִִִִִִִִִִִִִִ

 3 1991  31.6 31.6 19.2  2.4   7  31.4   31.4 407  393  525  132  320  545  225
 4 1992  51.4 19.8 16.5  3.3  16  51.6   83.0 423  401  534  133  359  580  221
 5 1993  72.1 20.7 16.2  4.5  21  80.3  163.3 430  392  570  178  318  622  304
 6 1994  84.1 12.0  9.3  2.7  22  58.9  222.2 460  431  559  128  365  608  243
 7 1995  95.8 11.7  9.3  2.4  20  66.1  288.3 432  398  564  166  343  604  261
 8 1996 107.5 11.7  7.8  3.9  33  74.7  363.1 441  388  548  160  303  608  305
 9 1997 120.1 12.6  6.6  6.0  47  90.1  453.1 492  410  582  172  317  643  326
10 1998 128.8  8.7  5.4  3.3  37  68.0  521.2 463  396  572  176  317  696  379
11 1999 137.8  9.0  4.8  4.2  46  75.4  596.6 506  432  591  159  378  687  309
12 2000 143.5  5.7  3.3  2.4  42  50.4  646.9 486  405  596  191  353  684  331
13 2001 148.3  4.8  1.8  3.0  62  44.0  690.9 534  438  592  154  399  676  277
14 2002 152.2  3.9  2.4  1.5  38  36.8  727.7 493  431  593  162  372  655  283
15 2003 157.0  4.8  1.8  3.0  62  46.6  774.4 549  457  604  147  413  663  250
16 2004 160.6  3.6  1.2  2.4  66  35.9  810.3 524  435  569  134  412  668  256
17 2005 163.6  3.0  1.2  1.8  60  30.6  840.8 540  437  609  172  410  711  301
18 2006 165.7  2.1  0.9  1.2  57  21.7  862.6 504  412  574  162  399  623  224
19 2007 167.8  2.1  1.2  0.9  42  22.0  884.6 496  461  544   83  406  628  222
20 2008 169.6  1.8  0.6  1.2  66  19.1  903.7 542  481  573   92  468  661  193
21 2009 170.8  1.2  0.3  0.9  75  12.8  916.5 549  443  585  142  443  605  162
22 2010 172.0  1.2  0.6  0.6  50  12.9  929.4 542  482  601  119  469  610  141
23 2011 172.6  0.6  0.0  0.6  99   6.5  935.9 576    0  576  576  550  603   53
24 2012 174.4  1.8  0.9  0.9  49  19.6  955.5 491  440  543  103  387  573  186
25 2013 175.3  0.9  0.0  0.9 100   9.9  965.4 588    0  588  588  512  656  144
26 2014 176.5  1.2  0.3  0.9  75  13.3  978.7 603  466  648  182  466  678  212
27 2015 178.3  1.8  0.6  1.2  66  20.1  998.7 583  489  630  141  485  670  185
28 2016 179.8  1.5  0.3  1.2  80  16.9 1015.6 539  450  561  111  450  603  153

Core Length:  169.8 mm
Core Density: 507 kg/m3
Cross-sectional Density:  485 kg/m3
Early/Latewood Threshold: 500 kg/m3
Attenuation Constant: 3.19

ִִִִִִִִִִִִִִִִִִִִִִִִִִִִִִִִִִִִִִִִִִִִִִִִִִִִִִִִִִִִִִִִִִִִִִִִִִִִִִִ
Core : 17
ֲֲֲִִִִִִִִִִִִִִִִִִִִִִִִִִִִִִִִִִִִִִִִִִִִִִִִִִִִִִִִִִִִִִִִִִִִִִִִִִִִ
       ³Widths (mm)              ³ Areas    ³ Densities (kg/m3)
       ³                         ³ (cm‎)    ³
Ring   ³Outer Ring Erly Late   % ³Incr Total³Ring E/Wd L/Wd Unif  Min  Max  Rng
 # Year³ Rad.      Wood Wood  LW ³          ³mean mean mean
ֱֱֱִִִִִִִִִִִִִִִִִִִִִִִִִִִִִִִִִִִִִִִִִִִִִִִִִִִִִִִִִִִִִִִִִִִִִִִִִִִִ

 3 1991  24.5 24.5 16.5  0.0   0  18.9   18.9 334  334    0    0  247  485  238
 4 1992  41.0 16.5 15.6  0.9   5  34.0   52.8 355  346  505  159  288  510  222
 5 1993  60.2 19.2 16.5  2.7  14  61.0  113.9 367  340  529  189  262  565  303
 6 1994  74.0 13.8 11.1  2.7  19  58.2  172.0 416  385  544  159  311  588  277
 7 1995  86.3 12.3 11.1  1.2   9  61.9  234.0 390  373  549  176  289  598  309
 8 1996 100.7 14.4 11.7  2.7  18  84.6  318.6 409  382  529  147  311  559  248
 9 1997 120.8 20.1 18.9  1.2   5 139.9  458.4 393  384  540  156  307  563  256
10 1998 129.5  8.7  8.4  0.3   3  68.4  526.9 371  365  536  171  287  536  249
11 1999 139.1  9.6  7.8  1.8  18  81.0  607.9 406  378  530  152  305  541  236
12 2000 146.6  7.5  5.4  2.1  28  67.3  675.2 405  354  537  183  270  624  354
13 2001 154.7  8.1  6.6  1.5  18  76.7  751.8 438  405  585  180  310  637  327
14 2002 161.0  6.3  5.1  1.2  19  62.5  814.3 419  390  538  148  299  593  294
15 2003 170.3  9.3  6.6  2.7  29  96.8  911.1 446  400  557  157  324  609  285
16 2004 176.6  6.3  4.5  1.8  28  68.7  979.8 420  365  560  195  281  592  311
17 2005 181.7  5.1  3.3  1.8  35  57.4 1037.2 483  401  634  233  303  673  370
18 2006 188.6  6.9  3.6  3.3  47  80.3 1117.5 472  388  565  177  296  595  299
19 2007 193.4  4.8  3.6  1.2  24  57.6 1175.1 442  394  587  193  325  610  285
20 2008 197.9  4.5  3.0  1.5  33  55.3 1230.4 419  350  557  207  289  604  315
21 2009 200.9  3.0  2.1  0.9  30  37.6 1268.0 422  361  562  201  303  604  301
22 2010 203.9  3.0  2.7  0.3  10  38.2 1306.1 393  364  654  290  280  654  374
23 2011 206.3  2.4  1.8  0.6  25  30.9 1337.1 432  397  537  140  321  560  239
24 2012 209.9  3.6  2.7  0.9  24  47.1 1384.1 420  363  591  228  287  628  341
25 2013 212.3  2.4  1.8  0.6  25  31.8 1416.0 450  403  590  187  322  649  327
26 2014 215.3  3.0  1.8  1.2  40  40.3 1456.3 463  388  577  189  329  687  358
27 2015 219.8  4.5  2.4  2.1  46  61.5 1517.8 456  363  562  199  309  649  340
28 2016 221.6  1.8  1.2  0.6  33  25.0 1542.7 468  423  557  134  372  590  218

Core Length:  213.9 mm
Core Density: 418 kg/m3
Cross-sectional Density:  419 kg/m3
Early/Latewood Threshold: 500 kg/m3
Attenuation Constant: 3.19

ִִִִִִִִִִִִִִִִִִִִִִִִִִִִִִִִִִִִִִִִִִִִִִִִִִִִִִִִִִִִִִִִִִִִִִִִִִִִִִִ
Core : 19
ֲֲֲִִִִִִִִִִִִִִִִִִִִִִִִִִִִִִִִִִִִִִִִִִִִִִִִִִִִִִִִִִִִִִִִִִִִִִִִִִִִ
       ³Widths (mm)              ³ Areas    ³ Densities (kg/m3)
       ³                         ³ (cm‎)    ³
Ring   ³Outer Ring Erly Late   % ³Incr Total³Ring E/Wd L/Wd Unif  Min  Max  Rng
 # Year³ Rad.      Wood Wood  LW ³          ³mean mean mean
ֱֱֱִִִִִִִִִִִִִִִִִִִִִִִִִִִִִִִִִִִִִִִִִִִִִִִִִִִִִִִִִִִִִִִִִִִִִִִִִִִִ

 2 1990  19.9 19.9 12.9  0.0   0  12.4   12.4 344  344    0    0  296  452  156
 3 1991  37.0 17.1 17.1  0.0   0  30.6   43.0 360  360    0    0  312  454  142
 4 1992  53.8 16.8 16.8  0.0   0  47.9   90.9 376  376    0    0  307  469  162
 5 1993  69.7 15.9 15.3  0.6   3  61.7  152.6 371  365  521  156  284  523  239
 6 1994  82.6 12.9 10.5  2.4  18  61.7  214.3 431  407  535  128  325  582  257
 7 1995  92.5  9.9  9.6  0.3   3  54.5  268.8 400  396  519  123  339  519  180
 8 1996 105.4 12.9 12.0  0.9   6  80.2  349.0 399  389  524  135  314  533  219
 9 1997 118.0 12.6  9.9  2.7  21  88.4  437.4 434  409  528  119  335  556  221
10 1998 128.5 10.5  8.4  2.1  20  81.3  518.7 430  405  531  126  333  556  223
11 1999 139.3 10.8  9.0  1.8  16  90.9  609.6 447  432  526   94  346  542  196
12 2000 146.2  6.9  5.1  1.8  26  61.9  671.5 436  398  542  144  323  577  254
13 2001 153.1  6.9  5.1  1.8  26  64.9  736.4 433  396  538  142  339  577  238
14 2002 161.5  8.4  5.7  2.7  32  83.0  819.4 445  400  541  141  317  577  260
15 2003 172.0 10.5  8.4  2.1  20 110.0  929.4 459  436  550  114  321  565  244
16 2004 177.7  5.7  4.2  1.5  26  62.6  992.0 424  380  548  168  320  568  248
17 2005 183.4  5.7  4.2  1.5  26  64.7 1056.7 443  390  589  199  330  634  304
18 2006 188.8  5.4  3.0  2.4  44  63.1 1119.8 456  384  547  163  316  601  285
19 2007 193.6  4.8  3.3  1.5  31  57.7 1177.5 434  380  554  174  331  609  278
20 2008 199.0  5.4  3.3  2.1  38  66.6 1244.1 464  401  564  163  336  619  283
21 2009 203.5  4.5  2.7  1.8  39  56.9 1301.0 477  415  569  154  353  600  247
22 2010 207.1  3.6  2.4  1.2  33  46.4 1347.4 451  389  576  187  318  637  319
23 2011 209.5  2.4  1.2  1.2  49  31.4 1378.9 465  382  547  165  350  601  251
24 2012 212.2  2.7  2.1  0.6  22  35.8 1414.6 432  389  583  194  329  635  306
25 2013 214.6  2.4  1.5  0.9  37  32.2 1446.8 435  374  537  163  345  544  199
26 2014 216.1  1.5  1.2  0.3  20  20.3 1467.1 464  436  575  139  395  575  180
27 2015 218.2  2.1  1.5  0.6  28  28.7 1495.8 440  402  534  132  344  561  217
28 2016 220.0  1.8  1.2  0.6  33  24.8 1520.5 435  392  523  131  292  538  246

Core Length:  213.0 mm
Core Density: 429 kg/m3
Cross-sectional Density:  432 kg/m3
Early/Latewood Threshold: 500 kg/m3
Attenuation Constant: 3.19

ִִִִִִִִִִִִִִִִִִִִִִִִִִִִִִִִִִִִִִִִִִִִִִִִִִִִִִִִִִִִִִִִִִִִִִִִִִִִִִִ
Core : 27
ֲֲֲִִִִִִִִִִִִִִִִִִִִִִִִִִִִִִִִִִִִִִִִִִִִִִִִִִִִִִִִִִִִִִִִִִִִִִִִִִִִ
       ³Widths (mm)              ³ Areas    ³ Densities (kg/m3)
       ³                         ³ (cm‎)    ³
Ring   ³Outer Ring Erly Late   % ³Incr Total³Ring E/Wd L/Wd Unif  Min  Max  Rng
 # Year³ Rad.      Wood Wood  LW ³          ³mean mean mean
ֱֱֱִִִִִִִִִִִִִִִִִִִִִִִִִִִִִִִִִִִִִִִִִִִִִִִִִִִִִִִִִִִִִִִִִִִִִִִִִִִִ

 3 1991  25.9 25.9 15.9  0.0   0  21.1   21.1 343  343    0    0  259  491  232
 4 1992  42.4 16.5 16.2  0.3   1  35.4   56.5 359  357  500  143  286  500  214
 5 1993  58.9 16.5 14.1  2.4  14  52.5  109.0 378  352  531  179  280  557  277
 6 1994  68.8  9.9  8.1  1.8  18  39.7  148.7 428  395  575  180  337  626  289
 7 1995  80.2 11.4  9.6  1.8  15  53.4  202.1 418  393  556  163  307  606  299
 8 1996  92.2 12.0  9.0  3.0  25  65.0  267.1 425  388  536  148  315  591  276
 9 1997 103.0 10.8  7.2  3.6  33  66.2  333.3 459  406  565  159  336  634  298
10 1998 112.3  9.3  6.9  2.4  25  62.9  396.2 431  397  529  132  322  585  263
11 1999 121.0  8.7  5.1  3.6  41  63.8  460.0 489  419  587  168  358  654  296
12 2000 127.3  6.3  3.3  3.0  47  49.1  509.1 478  387  577  190  331  677  346
13 2001 133.9  6.6  3.6  3.0  45  54.2  563.3 512  433  606  173  366  685  319
14 2002 140.8  6.9  3.6  3.3  47  59.5  622.8 527  444  618  174  381  670  289
15 2003 149.2  8.4  4.2  4.2  49  76.5  699.3 536  462  610  148  390  677  287
16 2004 154.6  5.4  3.3  2.1  38  51.5  750.9 509  429  635  206  343  683  340
17 2005 158.2  3.6  1.5  2.1  58  35.4  786.3 513  431  571  140  404  700  296
18 2006 161.5  3.3  0.9  2.4  72  33.1  819.4 543  428  586  158  406  715  309
19 2007 164.8  3.3  0.9  2.4  72  33.8  853.2 545  449  581  132  434  685  251
20 2008 169.3  4.5  1.2  3.3  73  47.2  900.5 558  455  595  140  437  713  276
21 2009 173.8  4.5  1.5  3.0  66  48.5  949.0 542  440  593  153  415  666  251
22 2010 177.4  3.6  1.5  2.1  58  39.7  988.7 520  419  592  173  378  711  333
23 2011 181.6  4.2  1.8  2.4  57  47.4 1036.1 543  442  618  176  411  682  271
24 2012 185.8  4.2  0.9  3.3  78  48.5 1084.5 580  440  618  178  427  697  270
25 2013 189.7  3.9  0.9  3.0  76  46.0 1130.5 566  463  597  134  434  695  261
26 2014 192.1  2.4  0.3  2.1  87  28.8 1159.3 608  423  634  211  423  710  287
27 2015 194.5  2.4  0.9  1.5  62  29.1 1188.5 566  473  621  148  460  665  205
28 2016 196.3  1.8  0.6  1.2  66  22.1 1210.6 531  459  567  108  441  614  173

Core Length:  186.6 mm
Core Density: 496 kg/m3
Cross-sectional Density:  494 kg/m3
Early/Latewood Threshold: 500 kg/m3
Attenuation Constant: 3.19

ִִִִִִִִִִִִִִִִִִִִִִִִִִִִִִִִִִִִִִִִִִִִִִִִִִִִִִִִִִִִִִִִִִִִִִִִִִִִִִִ
Core : 29
ֲֲֲִִִִִִִִִִִִִִִִִִִִִִִִִִִִִִִִִִִִִִִִִִִִִִִִִִִִִִִִִִִִִִִִִִִִִִִִִִִִ
       ³Widths (mm)              ³ Areas    ³ Densities (kg/m3)
       ³                         ³ (cm‎)    ³
Ring   ³Outer Ring Erly Late   % ³Incr Total³Ring E/Wd L/Wd Unif  Min  Max  Rng
 # Year³ Rad.      Wood Wood  LW ³          ³mean mean mean
ֱֱֱִִִִִִִִִִִִִִִִִִִִִִִִִִִִִִִִִִִִִִִִִִִִִִִִִִִִִִִִִִִִִִִִִִִִִִִִִִִִ

 3 1991  26.9 26.9 21.9  0.0   0  22.7   22.7 328  328    0    0  266  432  166
 4 1992  48.5 21.6 21.6  0.0   0  51.2   73.9 351  351    0    0  277  492  215
 5 1993  66.2 17.7 15.9  1.8  10  63.8  137.7 358  338  541  203  278  555  277
 6 1994  80.3 14.1 11.4  2.7  19  64.9  202.6 403  369  550  181  294  591  297
 7 1995  92.6 12.3 10.8  1.5  12  66.8  269.4 398  377  544  167  299  575  276
 8 1996 103.1 10.5  8.4  2.1  20  64.6  333.9 424  397  536  139  288  551  263
 9 1997 115.1 12.0  7.8  4.2  35  82.3  416.2 446  383  562  179  284  598  314
10 1998 122.3  7.2  5.1  2.1  29  53.7  469.9 420  367  548  181  279  586  307
11 1999 131.0  8.7  5.1  3.6  41  69.2  539.1 456  383  559  176  317  594  277
12 2000 135.5  4.5  3.3  1.2  26  37.7  576.8 426  376  564  188  309  595  286
13 2001 139.7  4.2  3.0  1.2  28  36.3  613.1 415  353  571  218  305  618  313
14 2002 143.3  3.6  2.4  1.2  33  32.0  645.1 435  366  571  205  304  634  330
15 2003 148.4  5.1  3.3  1.8  35  46.7  691.9 472  403  597  194  370  688  318
16 2004 152.3  3.9  2.7  1.2  30  36.8  728.7 449  374  617  243  324  674  350
17 2005 155.3  3.0  1.8  1.2  40  29.0  757.7 475  385  611  226  353  671  318
18 2006 158.3  3.0  1.2  1.8  60  29.6  787.2 522  383  615  232  354  693  339
19 2007 162.2  3.9  2.4  1.5  38  39.3  826.5 476  402  595  193  334  653  319
20 2008 165.8  3.6  2.1  1.5  41  37.1  863.6 458  372  579  207  320  664  344
21 2009 168.8  3.0  1.8  1.2  40  31.5  895.1 475  382  614  232  348  673  325
22 2010 171.2  2.4  1.5  0.9  37  25.6  920.8 448  372  576  204  323  638  315
23 2011 173.0  1.8  0.9  0.9  50  19.5  940.2 481  377  585  208  365  621  256
24 2012 175.1  2.1  1.2  0.9  42  23.0  963.2 473  409  560  151  346  622  276
25 2013 176.9  1.8  1.2  0.6  33  19.9  983.1 487  418  626  208  363  629  266
26 2014 179.3  2.4  1.5  0.9  37  26.9 1010.0 479  410  592  182  359  625  266
27 2015 181.1  1.8  0.6  1.2  66  20.4 1030.4 518  393  580  187  381  649  268
28 2016 183.2  2.1  0.9  1.2  57  24.0 1054.4 533  445  600  155  401  677  276

Core Length:  178.5 mm
Core Density: 446 kg/m3
Cross-sectional Density:  436 kg/m3
Early/Latewood Threshold: 500 kg/m3
Attenuation Constant: 3.19

ִִִִִִִִִִִִִִִִִִִִִִִִִִִִִִִִִִִִִִִִִִִִִִִִִִִִִִִִִִִִִִִִִִִִִִִִִִִִִִִ
Core : 34
ֲֲֲִִִִִִִִִִִִִִִִִִִִִִִִִִִִִִִִִִִִִִִִִִִִִִִִִִִִִִִִִִִִִִִִִִִִִִִִִִִִ
       ³Widths (mm)              ³ Areas    ³ Densities (kg/m3)
       ³                         ³ (cm‎)    ³
Ring   ³Outer Ring Erly Late   % ³Incr Total³Ring E/Wd L/Wd Unif  Min  Max  Rng
 # Year³ Rad.      Wood Wood  LW ³          ³mean mean mean
ֱֱֱִִִִִִִִִִִִִִִִִִִִִִִִִִִִִִִִִִִִִִִִִִִִִִִִִִִִִִִִִִִִִִִִִִִִִִִִִִִִ

 3 1991  24.0 24.0 21.0  0.0   0  18.1   18.1 321  321    0    0  265  415  150
 4 1992  47.7 23.7 23.7  0.0   0  53.4   71.5 345  345    0    0  268  445  177
 5 1993  73.2 25.5 25.5  0.0   0  96.9  168.3 351  351    0    0  252  461  209
 6 1994  87.9 14.7 13.5  1.2   8  74.4  242.7 409  400  513  113  346  546  200
 7 1995 103.8 15.9 13.5  2.4  15  95.8  338.5 417  397  525  128  331  544  213
 8 1996 117.9 14.1 12.0  2.1  14  98.2  436.7 427  412  516  104  336  539  203
 9 1997 131.1 13.2  8.7  4.5  34 103.3  540.0 456  416  534  118  355  590  235
10 1998 138.9  7.8  6.3  1.5  19  66.2  606.1 422  403  504  101  320  509  189
11 1999 145.5  6.6  5.1  1.5  22  59.0  665.1 418  387  521  134  293  555  262
12 2000 150.0  4.5  3.6  0.9  20  41.8  706.9 407  373  544  171  296  580  284
13 2001 154.5  4.5  3.3  1.2  26  43.0  749.9 436  387  569  182  326  606  280
14 2002 157.8  3.3  2.7  0.6  18  32.4  782.3 410  377  558  181  308  571  263
15 2003 163.2  5.4  4.2  1.2  22  54.5  836.7 442  409  556  147  375  590  215
16 2004 167.1  3.9  3.0  0.9  23  40.5  877.2 423  386  547  161  328  579  251
17 2005 170.4  3.3  2.7  0.6  18  35.0  912.2 423  399  532  133  336  561  225
18 2006 173.1  2.7  2.1  0.6  22  29.1  941.3 450  415  571  156  318  594  276
19 2007 176.1  3.0  2.4  0.6  20  32.9  974.2 442  408  576  168  340  603  263
20 2008 178.2  2.1  1.5  0.6  28  23.4  997.6 463  423  563  140  361  578  217
21 2009 180.3  2.1  1.2  0.9  42  23.7 1021.3 497  444  568  124  399  608  209
22 2010 182.1  1.8  0.9  0.9  49  20.5 1041.8 479  408  550  142  382  581  199
23 2011 183.6  1.5  0.6  0.9  60  17.2 1059.0 514  439  564  125  431  623  192
24 2012 185.4  1.8  0.9  0.9  49  20.9 1079.9 491  403  579  176  379  621  242
25 2013 186.9  1.5  0.6  0.9  60  17.5 1097.4 484  412  532  120  397  569  172
26 2014 187.8  0.9  0.3  0.6  66  10.6 1108.0 473  353  533  180  353  563  210
27 2015 189.0  1.2  0.9  0.3  25  14.2 1122.2 492  449  621  172  401  621  220
28 2016 189.9  0.9  0.3  0.6  66  10.7 1132.9 515  441  552  111  441  571  130

Core Length:  186.9 mm
Core Density: 438 kg/m3
Cross-sectional Density:  423 kg/m3
Early/Latewood Threshold: 500 kg/m3
Attenuation Constant: 3.19

ִִִִִִִִִִִִִִִִִִִִִִִִִִִִִִִִִִִִִִִִִִִִִִִִִִִִִִִִִִִִִִִִִִִִִִִִִִִִִִִ
Core : 39
ֲֲֲִִִִִִִִִִִִִִִִִִִִִִִִִִִִִִִִִִִִִִִִִִִִִִִִִִִִִִִִִִִִִִִִִִִִִִִִִִִִ
       ³Widths (mm)              ³ Areas    ³ Densities (kg/m3)
       ³                         ³ (cm‎)    ³
Ring   ³Outer Ring Erly Late   % ³Incr Total³Ring E/Wd L/Wd Unif  Min  Max  Rng
 # Year³ Rad.      Wood Wood  LW ³          ³mean mean mean
ֱֱֱִִִִִִִִִִִִִִִִִִִִִִִִִִִִִִִִִִִִִִִִִִִִִִִִִִִִִִִִִִִִִִִִִִִִִִִִִִִִ

 1 1990  15.3 15.3 14.7  0.6   3   7.4    7.4 365  358  528  170  288  543  255
 2 1991  31.2 15.9 14.4  1.5   9  23.2   30.6 391  378  514  136  304  527  223
 3 1992  48.3 17.1 15.6  1.5   8  42.7   73.3 394  383  509  126  327  514  187
 4 1993  67.5 19.2 16.5  2.7  14  69.8  143.1 381  353  548  195  284  592  308
 5 1994  82.8 15.3 11.7  3.6  23  72.2  215.4 444  409  559  150  326  604  278
 6 1995  92.7  9.9  7.2  2.7  27  54.6  270.0 443  409  536  127  333  572  239
 7 1996 103.8 11.1  8.4  2.7  24  68.5  338.5 438  406  540  134  324  564  240
 8 1997 114.3 10.5  6.0  4.5  42  71.9  410.4 484  425  562  137  346  617  271
 9 1998 122.4  8.1  6.0  2.1  25  60.2  470.7 427  393  525  132  308  574  266
10 1999 130.8  8.4  4.5  3.9  46  66.8  537.5 477  401  564  163  320  616  296
11 2000 139.2  8.4  5.1  3.3  39  71.3  608.7 458  395  555  160  316  643  327
12 2001 145.8  6.6  3.9  2.7  40  59.1  667.8 473  398  582  184  320  671  351
13 2002 150.6  4.8  3.0  1.8  37  44.7  712.5 480  408  601  193  341  655  314
14 2003 156.3  5.7  3.0  2.7  47  55.0  767.5 490  421  567  146  361  601  240
15 2004 161.4  5.1  3.0  2.1  41  50.9  818.4 504  418  627  209  326  678  352
16 2005 167.1  5.7  3.0  2.7  47  58.8  877.2 498  423  582  159  345  676  331
17 2006 172.5  5.4  2.4  3.0  55  57.6  934.8 509  392  602  210  320  689  369
18 2007 177.0  4.5  1.8  2.7  60  49.4  984.2 519  401  597  196  362  687  325
19 2008 180.0  3.0  1.8  1.2  40  33.6 1017.9 524  445  642  197  382  698  316
20 2009 183.0  3.0  1.2  1.8  60  34.2 1052.1 553  423  640  217  381  701  320
21 2010 185.4  2.4  0.6  1.8  74  27.8 1079.9 569  430  616  186  427  709  282
22 2011 188.1  2.7  0.9  1.8  66  31.7 1111.5 538  438  588  150  408  621  213
23 2012 190.2  2.1  0.9  1.2  57  25.0 1136.5 537  447  605  158  419  651  232
24 2013 192.0  1.8  0.6  1.2  66  21.6 1158.1 532  457  569  112  421  629  208
25 2014 193.5  1.5  0.3  1.2  79  18.2 1176.3 578  490  600  110  490  647  157
26 2015 195.0  1.5  0.3  1.2  80  18.3 1194.6 569  469  594  125  469  649  180
27 2016 195.9  0.9  0.0  0.9 100  11.1 1205.6 564    0  564  564  523  606   83

Core Length:  195.9 mm
Core Density: 486 kg/m3
Cross-sectional Density:  476 kg/m3
Early/Latewood Threshold: 500 kg/m3
Attenuation Constant: 3.19

ִִִִִִִִִִִִִִִִִִִִִִִִִִִִִִִִִִִִִִִִִִִִִִִִִִִִִִִִִִִִִִִִִִִִִִִִִִִִִִִ
Core : 45
ֲֲֲִִִִִִִִִִִִִִִִִִִִִִִִִִִִִִִִִִִִִִִִִִִִִִִִִִִִִִִִִִִִִִִִִִִִִִִִִִִִ
       ³Widths (mm)              ³ Areas    ³ Densities (kg/m3)
       ³                         ³ (cm‎)    ³
Ring   ³Outer Ring Erly Late   % ³Incr Total³Ring E/Wd L/Wd Unif  Min  Max  Rng
 # Year³ Rad.      Wood Wood  LW ³          ³mean mean mean
ֱֱֱִִִִִִִִִִִִִִִִִִִִִִִִִִִִִִִִִִִִִִִִִִִִִִִִִִִִִִִִִִִִִִִִִִִִִִִִִִִִ

 1 1989   7.0  7.0  6.0  0.0   0   1.5    1.5 371  371    0    0  300  447  147
 2 1990  13.3  6.3  6.3  0.0   0   4.0    5.6 333  333    0    0  269  443  174
 3 1991  33.4 20.1 20.1  0.0   0  29.5   35.0 360  360    0    0  264  464  200
 4 1992  53.2 19.8 19.8  0.0   0  53.9   88.9 368  368    0    0  294  486  192
 5 1993  71.8 18.6 15.3  3.3  17  73.0  162.0 403  378  518  140  284  550  266
 6 1994  87.4 15.6 11.4  4.2  26  78.0  240.0 461  424  561  137  354  605  251
 7 1995 103.0 15.6 12.3  3.3  21  93.3  333.3 453  427  549  122  351  581  230
 8 1996 118.6 15.6 11.4  4.2  26 108.6  441.9 452  416  551  135  351  615  264
 9 1997 135.4 16.8  7.8  9.0  53 134.1  576.0 501  439  555  116  378  614  236
10 1998 145.9 10.5  4.8  5.7  54  92.8  668.7 480  398  550  152  327  617  290
11 1999 156.4 10.5  5.7  4.8  45  99.7  768.5 498  441  567  126  385  616  231
12 2000 162.7  6.3  3.0  3.3  52  63.2  831.6 487  382  583  201  314  668  354
13 2001 170.5  7.8  3.6  4.2  53  81.6  913.3 501  431  560  129  356  627  271
14 2002 178.9  8.4  5.7  2.7  32  92.2 1005.5 456  408  556  148  323  611  288
15 2003 186.7  7.8  4.5  3.3  42  89.6 1095.1 471  405  561  156  360  616  256
16 2004 191.8  5.1  3.3  1.8  35  60.6 1155.7 462  398  580  182  319  602  283
17 2005 196.9  5.1  2.7  2.4  47  62.3 1218.0 490  396  595  199  334  649  315
18 2006 201.4  4.5  2.4  2.1  46  56.3 1274.3 495  413  588  175  331  644  313
19 2007 205.3  3.9  2.1  1.8  46  49.8 1324.1 483  404  575  171  352  655  303
20 2008 208.3  3.0  1.5  1.5  50  39.0 1363.1 502  401  602  201  360  649  289
21 2009 211.3  3.0  1.2  1.8  60  39.5 1402.6 518  391  602  211  362  655  293
22 2010 212.5  1.2  0.9  0.3  24  16.0 1418.6 481  426  649  223  379  649  270
23 2011 214.0  1.5  0.9  0.6  40  20.1 1438.7 505  438  605  167  379  619  240
24 2012 215.8  1.8  1.2  0.6  33  24.3 1463.0 481  402  640  238  346  673  327
25 2013 217.0  1.2  0.9  0.3  24  16.3 1479.3 464  408  631  223  386  631  245
26 2014 218.5  1.5  0.9  0.6  40  20.5 1499.9 480  404  593  189  379  634  255
27 2015 220.3  1.8  0.9  0.9  50  24.8 1524.7 544  444  644  200  394  688  294
28 2016 222.4  2.1  1.2  0.9  42  29.2 1553.9 505  417  623  206  323  682  359

Core Length:  221.4 mm
Core Density: 464 kg/m3
Cross-sectional Density:  471 kg/m3
Early/Latewood Threshold: 500 kg/m3
Attenuation Constant: 3.19

ִִִִִִִִִִִִִִִִִִִִִִִִִִִִִִִִִִִִִִִִִִִִִִִִִִִִִִִִִִִִִִִִִִִִִִִִִִִִִִִ
Core : 48
ֲֲֲִִִִִִִִִִִִִִִִִִִִִִִִִִִִִִִִִִִִִִִִִִִִִִִִִִִִִִִִִִִִִִִִִִִִִִִִִִִִ
       ³Widths (mm)              ³ Areas    ³ Densities (kg/m3)
       ³                         ³ (cm‎)    ³
Ring   ³Outer Ring Erly Late   % ³Incr Total³Ring E/Wd L/Wd Unif  Min  Max  Rng
 # Year³ Rad.      Wood Wood  LW ³          ³mean mean mean
ֱֱֱִִִִִִִִִִִִִִִִִִִִִִִִִִִִִִִִִִִִִִִִִִִִִִִִִִִִִִִִִִִִִִִִִִִִִִִִִִִִ

 2 1990  17.1 17.1 10.5  0.6   3   9.2    9.2 346  337  505  168  297  507  210
 3 1991  34.8 17.7 17.7  0.0   0  28.9   38.0 357  357    0    0  291  442  151
 4 1992  51.6 16.8 16.8  0.0   0  45.6   83.6 335  335    0    0  273  409  136
 5 1993  69.9 18.3 16.8  1.5   8  69.9  153.5 362  346  548  202  248  588  340
 6 1994  80.4 10.5  6.6  3.9  37  49.6  203.1 467  403  576  173  337  662  325
 7 1995  89.4  9.0  6.6  2.4  26  48.0  251.1 442  401  555  154  317  646  329
 8 1996 100.2 10.8  8.7  2.1  19  64.3  315.4 419  386  554  168  300  590  290
 9 1997 109.8  9.6  6.3  3.3  34  63.3  378.8 458  409  553  144  361  607  246
10 1998 115.8  6.0  4.2  1.8  30  42.5  421.3 456  392  606  214  315  639  324
11 1999 121.5  5.7  3.9  1.8  31  42.5  463.8 444  378  587  209  309  651  342
12 2000 125.4  3.9  1.8  2.1  53  30.3  494.0 484  364  587  223  311  699  388
13 2001 130.2  4.8  2.4  2.4  49  38.5  532.6 508  414  602  188  335  664  329
14 2002 133.5  3.3  1.2  2.1  63  27.3  559.9 546  396  632  236  355  705  350
15 2003 137.1  3.6  1.5  2.1  58  30.6  590.5 540  439  612  173  394  693  299
16 2004 139.8  2.7  0.6  2.1  77  23.5  614.0 564  420  606  186  399  697  298
17 2005 142.2  2.4  0.9  1.5  62  21.3  635.3 553  447  616  169  431  738  307
18 2006 143.7  1.5  0.3  1.2  80  13.5  648.7 577  405  620  215  405  671  266
19 2007 145.2  1.5  0.6  0.9  60  13.6  662.3 553  452  620  168  444  666  222
20 2008 146.1  0.9  0.3  0.6  66   8.2  670.6 558  475  600  125  475  679  204
21 2009 147.0  0.9  0.3  0.6  66   8.3  678.9 577  477  627  150  477  715  238
22 2010 147.6  0.6  0.3  0.3  49   5.6  684.4 563  490  637  147  490  637  147
23 2011 148.2  0.6  0.3  0.3  49   5.6  690.0 565  455  676  221  455  676  221
24 2012 148.5  0.3  0.0  0.3 100   2.8  692.8 668    0  668  668  668  668    0
25 2013 148.8  0.3  0.0  0.3  99   2.8  695.6 502    0  502  502  502  502    0
26 2014 149.1  0.3  0.0  0.3  99   2.8  698.4 605    0  605  605  605  605    0
27 2015 149.4  0.3  0.0  0.3  99   2.8  701.2 614    0  614  614  614  614    0
28 2016 149.7  0.3  0.0  0.3  99   2.8  704.0 618    0  618  618  618  618    0

Core Length:  143.7 mm
Core Density: 506 kg/m3
Cross-sectional Density:  458 kg/m3
Early/Latewood Threshold: 500 kg/m3
Attenuation Constant: 3.19

