File : C:\DENSITOM\WOODHI~1\WHILL50.DAT
Cores :
3
4
8
13
35
40
56
58
59
63
68
75
89

ִִִִִִִִִִִִִִִִִִִִִִִִִִִִִִִִִִִִִִִִִִִִִִִִִִִִִִִִִִִִִִִִִִִִִִִִִִִִִִִ
Core : 3
ֲֲֲִִִִִִִִִִִִִִִִִִִִִִִִִִִִִִִִִִִִִִִִִִִִִִִִִִִִִִִִִִִִִִִִִִִִִִִִִִִִ
       ³Widths (mm)              ³ Areas    ³ Densities (kg/m3)
       ³                         ³ (cm‎)    ³
Ring   ³Outer Ring Erly Late   % ³Incr Total³Ring E/Wd L/Wd Unif  Min  Max  Rng
 # Year³ Rad.      Wood Wood  LW ³          ³mean mean mean
ֱֱֱִִִִִִִִִִִִִִִִִִִִִִִִִִִִִִִִִִִִִִִִִִִִִִִִִִִִִִִִִִִִִִִִִִִִִִִִִִִִ

 1 1989   5.7  5.7  5.4  0.3   5   1.0    1.0 318  308  502  194  199  502  303
 2 1990  14.7  9.0  9.0  0.0   0   5.8    6.8 345  345    0    0  296  420  124
 3 1991  36.9 22.2 22.2  0.0   0  36.0   42.8 326  326    0    0  240  406  166
 4 1992  63.3 26.4 26.4  0.0   0  83.1  125.9 356  356    0    0  267  433  166
 5 1993  86.7 23.4 22.8  0.6   2 110.3  236.2 362  358  507  149  275  509  234
 6 1994 100.8 14.1  9.0  5.1  36  83.1  319.2 464  399  577  178  308  646  338
 7 1995 114.6 13.8  9.6  4.2  30  93.4  412.6 438  402  520  118  309  546  237
 8 1996 127.2 12.6  8.1  4.5  35  95.7  508.3 450  393  554  161  324  595  271
 9 1997 139.5 12.3  7.2  5.1  41 103.1  611.4 474  413  561  148  339  604  265
10 1998 149.1  9.6  5.7  3.9  40  87.0  698.4 454  375  571  196  307  643  336
11 1999 157.2  8.1  4.5  3.6  44  77.9  776.3 476  389  585  196  337  681  344
12 2000 161.4  4.2  2.1  2.1  50  42.0  818.4 478  373  582  209  319  679  360
13 2001 165.9  4.5  3.0  1.5  33  46.3  864.7 471  403  607  204  326  684  358
14 2002 169.2  3.3  2.1  1.2  36  34.7  899.4 479  411  597  186  336  657  321
15 2003 174.9  5.7  3.6  2.1  36  61.6  961.0 500  437  608  171  401  672  271
16 2004 179.1  4.2  2.7  1.5  35  46.7 1007.7 474  410  589  179  357  649  292
17 2005 183.0  3.9  2.7  1.2  30  44.4 1052.1 473  407  623  216  364  703  339
18 2006 185.4  2.4  1.2  1.2  49  27.8 1079.9 500  415  585  170  362  691  329
19 2007 187.5  2.1  1.5  0.6  28  24.6 1104.5 493  429  653  224  387  654  267
20 2008 189.6  2.1  1.2  0.9  42  24.9 1129.3 500  410  620  210  362  722  360
21 2009 191.7  2.1  1.2  0.9  42  25.2 1154.5 496  414  606  192  374  686  312
22 2010 193.2  1.5  0.9  0.6  40  18.1 1172.6 486  418  589  171  356  622  266
23 2011 195.0  1.8  1.2  0.6  33  22.0 1194.6 493  413  653  240  358  693  335
24 2012 197.7  2.7  1.8  0.9  33  33.3 1227.9 486  413  633  220  370  740  370
25 2013 199.8  2.1  1.5  0.6  28  26.2 1254.1 464  403  617  214  360  721  361
26 2014 201.0  1.2  0.9  0.3  24  15.1 1269.2 489  420  696  276  374  696  322
27 2015 203.1  2.1  1.2  0.9  42  26.7 1295.9 484  390  609  219  369  679  310
28 2016 204.9  1.8  1.2  0.6  33  23.1 1319.0 465  401  593  192  386  621  235

Core Length:  204.9 mm
Core Density: 453 kg/m3
Cross-sectional Density:  450 kg/m3
Early/Latewood Threshold: 500 kg/m3
Attenuation Constant: 3.32

ִִִִִִִִִִִִִִִִִִִִִִִִִִִִִִִִִִִִִִִִִִִִִִִִִִִִִִִִִִִִִִִִִִִִִִִִִִִִִִִ
Core : 4
ֲֲֲִִִִִִִִִִִִִִִִִִִִִִִִִִִִִִִִִִִִִִִִִִִִִִִִִִִִִִִִִִִִִִִִִִִִִִִִִִִִ
       ³Widths (mm)              ³ Areas    ³ Densities (kg/m3)
       ³                         ³ (cm‎)    ³
Ring   ³Outer Ring Erly Late   % ³Incr Total³Ring E/Wd L/Wd Unif  Min  Max  Rng
 # Year³ Rad.      Wood Wood  LW ³          ³mean mean mean
ֱֱֱִִִִִִִִִִִִִִִִִִִִִִִִִִִִִִִִִִִִִִִִִִִִִִִִִִִִִִִִִִִִִִִִִִִִִִִִִִִִ

 2 1990  16.5 16.5 13.5  0.0   0   8.6    8.6 343  343    0    0  279  450  171
 3 1991  36.9 20.4 20.4  0.0   0  34.2   42.8 347  347    0    0  276  461  185
 4 1992  57.6 20.7 20.7  0.0   0  61.5  104.2 355  355    0    0  287  452  165
 5 1993  72.9 15.3 13.5  1.8  11  62.7  167.0 346  321  538  217  269  562  293
 6 1994  85.8 12.9 10.2  2.7  20  64.3  231.3 431  390  582  192  309  639  330
 7 1995  95.1  9.3  8.4  0.9   9  52.9  284.1 413  398  551  153  327  577  250
 8 1996 105.3 10.2  9.0  1.2  11  64.2  348.3 411  398  509  111  291  518  227
 9 1997 115.5 10.2  7.8  2.4  23  70.8  419.1 418  386  521  135  301  556  255
10 1998 122.7  7.2  6.0  1.2  16  53.9  473.0 411  385  544  159  305  587  282
11 1999 130.8  8.1  6.0  2.1  25  64.5  537.5 436  403  529  126  299  560  261
12 2000 135.0  4.2  3.3  0.9  21  35.1  572.6 425  388  562  174  304  580  276
13 2001 140.4  5.4  4.5  0.9  16  46.7  619.3 422  399  537  138  302  560  258
14 2002 143.4  3.0  2.4  0.6  20  26.7  646.0 377  345  508  163  271  511  240
15 2003 148.2  4.8  3.9  0.9  18  44.0  690.0 413  388  519  131  309  526  217
16 2004 152.4  4.2  3.0  1.2  28  39.7  729.7 409  356  540  184  307  553  246
17 2005 155.1  2.7  2.1  0.6  22  26.1  755.7 405  365  548  183  305  579  274
18 2006 157.8  2.7  1.8  0.9  33  26.5  782.3 435  391  523  132  299  535  236
19 2007 162.0  4.2  3.3  0.9  21  42.2  824.5 429  393  562  169  313  593  280
20 2008 164.7  2.7  1.8  0.9  33  27.7  852.2 471  417  580  163  340  657  317
21 2009 166.8  2.1  1.2  0.9  42  21.9  874.1 476  397  581  184  355  594  239
22 2010 168.6  1.8  1.2  0.6  33  19.0  893.0 461  412  560  148  364  590  226
23 2011 169.8  1.2  1.2  0.0   0  12.8  905.8 419  419    0    0  340  495  155
24 2012 171.0  1.2  1.2  0.0   0  12.8  918.6 439  439    0    0  376  497  121
25 2013 171.9  0.9  0.6  0.3  33   9.7  928.3 494  410  662  252  385  662  277
26 2014 173.1  1.2  0.3  0.9  75  13.0  941.3 494  364  538  174  364  567  203
27 2015 174.6  1.5  0.6  0.9  60  16.4  957.7 514  403  588  185  353  604  251
28 2016 175.5  0.9  0.6  0.3  33   9.9  967.6 427  366  550  184  318  550  232

Core Length:  172.5 mm
Core Density: 423 kg/m3
Cross-sectional Density:  413 kg/m3
Early/Latewood Threshold: 500 kg/m3
Attenuation Constant: 3.32

ִִִִִִִִִִִִִִִִִִִִִִִִִִִִִִִִִִִִִִִִִִִִִִִִִִִִִִִִִִִִִִִִִִִִִִִִִִִִִִִ
Core : 8
ֲֲֲִִִִִִִִִִִִִִִִִִִִִִִִִִִִִִִִִִִִִִִִִִִִִִִִִִִִִִִִִִִִִִִִִִִִִִִִִִִִ
       ³Widths (mm)              ³ Areas    ³ Densities (kg/m3)
       ³                         ³ (cm‎)    ³
Ring   ³Outer Ring Erly Late   % ³Incr Total³Ring E/Wd L/Wd Unif  Min  Max  Rng
 # Year³ Rad.      Wood Wood  LW ³          ³mean mean mean
ֱֱֱִִִִִִִִִִִִִִִִִִִִִִִִִִִִִִִִִִִִִִִִִִִִִִִִִִִִִִִִִִִִִִִִִִִִִִִִִִִִ

 2 1990  10.6 10.6  9.6  0.0   0   3.5    3.5 350  350    0    0  302  443  141
 3 1991  28.9 18.3 18.3  0.0   0  22.7   26.2 366  366    0    0  276  474  198
 4 1992  45.4 16.5 12.9  3.6  21  38.5   64.8 387  348  526  178  293  557  264
 5 1993  66.7 21.3 20.1  1.2   5  75.0  139.8 384  376  509  133  281  519  238
 6 1994  83.2 16.5 12.6  3.9  23  77.7  217.5 435  387  592  205  307  659  352
 7 1995  96.4 13.2  9.3  3.9  29  74.5  291.9 430  380  549  169  320  611  291
 8 1996 107.2 10.8  8.1  2.7  24  69.1  361.0 405  336  611  275  276  653  377
 9 1997 116.2  9.0  4.8  4.2  46  63.2  424.2 479  368  607  239  286  756  470
10 1998 123.1  6.9  4.8  2.1  30  51.9  476.1 431  347  624  277  293  681  388
11 1999 129.4  6.3  3.0  3.3  52  50.0  526.0 500  372  615  243  319  730  411
12 2000 134.2  4.8  3.0  1.8  37  39.7  565.8 441  346  600  254  310  725  415
13 2001 137.5  3.3  1.8  1.5  45  28.2  594.0 492  367  642  275  310  748  438
14 2002 141.7  4.2  1.8  2.4  57  36.8  630.8 554  365  696  331  334  766  432
15 2003 148.0  6.3  3.0  3.3  52  57.3  688.1 540  426  643  217  335  740  405
16 2004 152.8  4.8  2.4  2.4  49  45.4  733.5 532  391  674  283  330  751  421
17 2005 157.0  4.2  2.7  1.5  35  40.9  774.4 505  402  690  288  372  775  403
18 2006 159.7  2.7  1.5  1.2  44  26.9  801.2 555  423  721  298  382  791  409
19 2007 162.7  3.0  1.5  1.5  50  30.4  831.6 551  399  704  305  346  780  434
20 2008 165.4  2.7  1.2  1.5  55  27.8  859.5 555  417  665  248  383  763  380
21 2009 168.1  2.7  0.9  1.8  66  28.3  887.7 629  452  717  265  428  793  365
22 2010 171.1  3.0  1.2  1.8  60  32.0  919.7 547  407  640  233  388  793  405
23 2011 173.8  2.7  0.9  1.8  66  29.3  949.0 610  452  689  237  424  726  302
24 2012 176.8  3.0  1.2  1.8  60  33.0  982.0 569  439  656  217  399  785  386
25 2013 179.5  2.7  1.2  1.5  55  30.2 1012.2 565  425  676  251  389  762  373
26 2014 181.9  2.4  0.9  1.5  62  27.2 1039.5 617  430  730  300  390  794  404
27 2015 185.5  3.6  1.2  2.4  66  41.6 1081.0 576  411  658  247  393  807  414
28 2016 189.1  3.6  0.9  2.7  74  42.4 1123.4 585  436  635  199  427  773  346

Core Length:  188.7 mm
Core Density: 503 kg/m3
Cross-sectional Density:  492 kg/m3
Early/Latewood Threshold: 500 kg/m3
Attenuation Constant: 3.32

ִִִִִִִִִִִִִִִִִִִִִִִִִִִִִִִִִִִִִִִִִִִִִִִִִִִִִִִִִִִִִִִִִִִִִִִִִִִִִִִ
Core : 13
ֲֲֲִִִִִִִִִִִִִִִִִִִִִִִִִִִִִִִִִִִִִִִִִִִִִִִִִִִִִִִִִִִִִִִִִִִִִִִִִִִִ
       ³Widths (mm)              ³ Areas    ³ Densities (kg/m3)
       ³                         ³ (cm‎)    ³
Ring   ³Outer Ring Erly Late   % ³Incr Total³Ring E/Wd L/Wd Unif  Min  Max  Rng
 # Year³ Rad.      Wood Wood  LW ³          ³mean mean mean
ֱֱֱִִִִִִִִִִִִִִִִִִִִִִִִִִִִִִִִִִִִִִִִִִִִִִִִִִִִִִִִִִִִִִִִִִִִִִִִִִִִ

 1 1989   4.5  4.5  4.5  0.0   0   0.6    0.6 334  334    0    0  260  392  132
 2 1990  14.4  9.9  9.9  0.0   0   5.9    6.5 333  333    0    0  270  472  202
 3 1991  32.4 18.0 18.0  0.0   0  26.5   33.0 317  317    0    0  249  446  197
 4 1992  48.9 16.5 16.5  0.0   0  42.1   75.1 329  329    0    0  242  453  211
 5 1993  69.3 20.4 19.5  0.9   4  75.8  150.9 403  397  552  155  317  569  252
 6 1994  77.7  8.4  6.0  2.4  28  38.8  189.7 415  352  572  220  327  634  307
 7 1995  89.7 12.0  9.6  2.4  20  63.1  252.8 401  364  549  185  300  605  305
 8 1996  99.9 10.2  8.4  1.8  17  60.8  313.5 420  393  549  156  314  577  263
 9 1997 108.9  9.0  7.2  1.8  20  59.0  372.6 407  368  563  195  292  608  316
10 1998 116.1  7.2  6.3  0.9  12  50.9  423.5 384  359  559  200  273  619  346
11 1999 125.7  9.6  6.6  3.0  31  72.9  496.4 431  369  568  199  307  693  386
12 2000 130.5  4.8  3.9  0.9  18  38.6  535.0 399  359  573  214  302  655  353
13 2001 134.1  3.6  2.7  0.9  24  29.9  564.9 411  357  575  218  312  672  360
14 2002 137.7  3.6  2.4  1.2  33  30.7  595.7 447  380  582  202  337  646  309
15 2003 144.0  6.3  4.5  1.8  28  55.8  651.4 480  421  627  206  366  740  374
16 2004 146.7  2.7  1.8  0.9  33  24.7  676.1 488  413  636  223  353  674  321
17 2005 148.8  2.1  1.2  0.9  42  19.5  695.6 483  414  575  161  378  622  244
18 2006 150.9  2.1  0.9  1.2  57  19.8  715.4 510  387  602  215  343  731  388
19 2007 152.7  1.8  0.9  0.9  49  17.2  732.5 507  435  580  145  386  692  306
20 2008 155.7  3.0  1.5  1.5  50  29.1  761.6 514  426  603  177  373  680  307
21 2009 157.8  2.1  0.6  1.5  71  20.7  782.3 549  423  600  177  413  677  264
22 2010 159.9  2.1  0.9  1.2  57  21.0  803.2 526  413  611  198  388  703  315
23 2011 161.4  1.5  0.6  0.9  60  15.1  818.4 537  435  606  171  414  624  210
24 2012 162.9  1.5  0.6  0.9  60  15.3  833.7 539  446  600  154  432  689  257
25 2013 164.7  1.8  0.9  0.9  49  18.5  852.2 466  402  530  128  380  570  190
26 2014 166.5  1.8  0.6  1.2  66  18.7  870.9 559  418  630  212  408  706  298
27 2015 169.5  3.0  1.2  1.8  60  31.7  902.6 554  456  619  163  433  738  305
28 2016 171.9  2.4  0.3  2.1  87  25.7  928.3 560  392  584  192  392  683  291

Core Length:  171.9 mm
Core Density: 453 kg/m3
Cross-sectional Density:  441 kg/m3
Early/Latewood Threshold: 500 kg/m3
Attenuation Constant: 3.32

ִִִִִִִִִִִִִִִִִִִִִִִִִִִִִִִִִִִִִִִִִִִִִִִִִִִִִִִִִִִִִִִִִִִִִִִִִִִִִִִ
Core : 35
ֲֲֲִִִִִִִִִִִִִִִִִִִִִִִִִִִִִִִִִִִִִִִִִִִִִִִִִִִִִִִִִִִִִִִִִִִִִִִִִִִִ
       ³Widths (mm)              ³ Areas    ³ Densities (kg/m3)
       ³                         ³ (cm‎)    ³
Ring   ³Outer Ring Erly Late   % ³Incr Total³Ring E/Wd L/Wd Unif  Min  Max  Rng
 # Year³ Rad.      Wood Wood  LW ³          ³mean mean mean
ֱֱֱִִִִִִִִִִִִִִִִִִִִִִִִִִִִִִִִִִִִִִִִִִִִִִִִִִִִִִִִִִִִִִִִִִִִִִִִִִִִ

 2 1990  20.4 20.4 17.4  0.0   0  13.1   13.1 315  315    0    0  255  453  198
 3 1991  39.9 19.5 19.5  0.0   0  36.9   50.0 321  321    0    0  234  435  201
 4 1992  56.4 16.5 16.5  0.0   0  49.9   99.9 347  347    0    0  276  495  219
 5 1993  72.3 15.9 14.7  1.2   7  64.3  164.2 351  338  510  172  267  530  263
 6 1994  88.5 16.2 12.9  3.3  20  81.8  246.1 424  388  567  179  310  623  313
 7 1995 102.3 13.8 12.0  1.8  13  82.7  328.8 415  393  562  169  328  591  263
 8 1996 111.6  9.3  6.9  2.4  25  62.5  391.3 431  394  539  145  327  578  251
 9 1997 122.4 10.8  7.5  3.3  30  79.4  470.7 442  390  560  170  308  594  286
10 1998 128.7  6.3  4.8  1.5  23  49.7  520.4 415  372  554  182  306  576  270
11 1999 135.6  6.9  4.5  2.4  34  57.3  577.7 448  389  558  169  328  629  301
12 2000 138.9  3.3  2.7  0.6  18  28.5  606.1 441  402  614  212  336  652  316
13 2001 141.6  2.7  1.8  0.9  33  23.8  629.9 466  415  570  155  355  610  255
14 2002 144.3  2.7  1.5  1.2  44  24.3  654.2 477  416  554  138  352  605  253
15 2003 149.4  5.1  3.3  1.8  35  47.1  701.2 476  424  571  147  395  626  231
16 2004 152.1  2.7  1.8  0.9  33  25.6  726.8 487  428  605  177  356  641  285
17 2005 154.8  2.7  1.8  0.9  33  26.0  752.8 477  426  581  155  384  642  258
18 2006 157.5  2.7  1.2  1.5  55  26.5  779.3 495  415  560  145  378  652  274
19 2007 159.9  2.4  1.2  1.2  49  23.9  803.2 492  424  559  135  367  660  293
20 2008 162.9  3.0  1.5  1.5  50  30.4  833.7 515  426  605  179  379  658  279
21 2009 165.9  3.0  1.2  1.8  60  31.0  864.7 526  435  587  152  407  648  241
22 2010 168.9  3.0  1.5  1.5  50  31.6  896.2 512  431  593  162  383  628  245
23 2011 171.3  2.4  0.9  1.5  62  25.7  921.9 512  454  547   93  427  565  138
24 2012 173.7  2.4  1.2  1.2  49  26.0  947.9 505  442  568  126  410  624  214
25 2013 175.2  1.5  0.3  1.2  80  16.4  964.3 561  484  580   96  484  638  154
26 2014 177.6  2.4  0.9  1.5  62  26.6  990.9 548  470  595  125  442  640  198
27 2015 181.2  3.6  1.2  2.4  66  40.6 1031.5 523  456  557  101  413  636  223
28 2016 184.2  3.0  1.5  1.5  50  34.4 1065.9 509  452  567  115  406  619  213

Core Length:  181.2 mm
Core Density: 460 kg/m3
Cross-sectional Density:  447 kg/m3
Early/Latewood Threshold: 500 kg/m3
Attenuation Constant: 3.32

ִִִִִִִִִִִִִִִִִִִִִִִִִִִִִִִִִִִִִִִִִִִִִִִִִִִִִִִִִִִִִִִִִִִִִִִִִִִִִִִ
Core : 40
ֲֲֲִִִִִִִִִִִִִִִִִִִִִִִִִִִִִִִִִִִִִִִִִִִִִִִִִִִִִִִִִִִִִִִִִִִִִִִִִִִִ
       ³Widths (mm)              ³ Areas    ³ Densities (kg/m3)
       ³                         ³ (cm‎)    ³
Ring   ³Outer Ring Erly Late   % ³Incr Total³Ring E/Wd L/Wd Unif  Min  Max  Rng
 # Year³ Rad.      Wood Wood  LW ³          ³mean mean mean
ֱֱֱִִִִִִִִִִִִִִִִִִִִִִִִִִִִִִִִִִִִִִִִִִִִִִִִִִִִִִִִִִִִִִִִִִִִִִִִִִִִ

 1 1990  13.5 13.5 12.3  1.2   8   5.7    5.7 346  327  540  213  265  581  316
 2 1991  32.7 19.2 18.9  0.3   1  27.9   33.6 347  344  509  165  237  509  272
 3 1992  51.6 18.9 16.8  2.1  11  50.1   83.6 366  345  534  189  274  592  318
 4 1993  67.2 15.6 13.2  2.4  15  58.2  141.9 382  345  588  243  283  641  358
 5 1994  78.9 11.7  9.9  1.8  15  53.7  195.6 413  389  544  155  297  579  282
 6 1995  88.2  9.3  8.4  0.9   9  48.8  244.4 386  365  577  212  284  601  317
 7 1996  95.7  7.5  6.0  1.5  20  43.3  287.7 403  355  593  238  300  637  337
 8 1997 103.2  7.5  5.4  2.1  28  46.9  334.6 435  374  593  219  298  640  342
 9 1998 110.4  7.2  6.0  1.2  16  48.3  382.9 387  351  567  216  285  632  347
10 1999 116.7  6.3  4.8  1.5  23  44.9  427.9 413  369  554  185  287  604  317
11 2000 120.6  3.9  3.0  0.9  23  29.1  456.9 410  362  571  209  277  621  344
12 2001 124.8  4.2  2.7  1.5  35  32.4  489.3 460  386  595  209  311  637  326
13 2002 128.1  3.3  2.4  0.9  27  26.2  515.5 407  358  537  179  273  553  280
14 2003 132.3  4.2  3.0  1.2  28  34.4  549.9 429  367  583  216  326  631  305
15 2004 135.3  3.0  1.8  1.2  40  25.2  575.1 434  340  576  236  283  660  377
16 2005 137.4  2.1  1.2  0.9  42  18.0  593.1 486  402  599  197  351  703  352
17 2006 140.1  2.7  1.8  0.9  33  23.5  616.6 465  399  596  197  340  631  291
18 2007 142.8  2.7  1.5  1.2  44  24.0  640.6 480  408  569  161  343  598  255
19 2008 144.9  2.1  1.5  0.6  28  19.0  659.6 484  429  620  191  371  695  324
20 2009 147.6  2.7  1.2  1.5  55  24.8  684.4 508  399  595  196  362  690  328
21 2010 150.0  2.4  1.2  1.2  50  22.4  706.9 518  440  597  157  389  666  277
22 2011 152.1  2.1  0.9  1.2  57  19.9  726.8 527  456  581  125  417  609  192
23 2012 154.2  2.1  1.2  0.9  42  20.2  747.0 482  397  595  198  338  641  303
24 2013 155.7  1.5  0.9  0.6  40  14.6  761.6 464  402  558  156  375  595  220
25 2014 157.2  1.5  0.6  0.9  60  14.7  776.3 541  418  623  205  374  699  325
26 2015 159.0  1.8  0.9  0.9  50  17.9  794.2 535  455  615  160  429  672  243
27 2016 160.8  1.8  1.2  0.6  33  18.1  812.3 511  452  629  177  420  673  253

Core Length:  160.8 mm
Core Density: 445 kg/m3
Cross-sectional Density:  430 kg/m3
Early/Latewood Threshold: 500 kg/m3
Attenuation Constant: 3.32

ִִִִִִִִִִִִִִִִִִִִִִִִִִִִִִִִִִִִִִִִִִִִִִִִִִִִִִִִִִִִִִִִִִִִִִִִִִִִִִִ
Core : 56
ֲֲֲִִִִִִִִִִִִִִִִִִִִִִִִִִִִִִִִִִִִִִִִִִִִִִִִִִִִִִִִִִִִִִִִִִִִִִִִִִִִ
       ³Widths (mm)              ³ Areas    ³ Densities (kg/m3)
       ³                         ³ (cm‎)    ³
Ring   ³Outer Ring Erly Late   % ³Incr Total³Ring E/Wd L/Wd Unif  Min  Max  Rng
 # Year³ Rad.      Wood Wood  LW ³          ³mean mean mean
ֱֱֱִִִִִִִִִִִִִִִִִִִִִִִִִִִִִִִִִִִִִִִִִִִִִִִִִִִִִִִִִִִִִִִִִִִִִִִִִִִִ

 2 1990  10.3 10.3  9.0  0.3   2   3.3    3.3 356  350  511  161  301  511  210
 3 1991  25.3 15.0 15.0  0.0   0  16.8   20.1 363  363    0    0  260  493  233
 4 1992  43.6 18.3 17.7  0.6   3  39.6   59.7 373  368  508  140  287  510  223
 5 1993  64.0 20.4 18.9  1.5   7  69.0  128.7 379  369  510  141  297  514  217
 6 1994  80.5 16.5 12.9  3.6  21  74.9  203.6 424  389  550  161  329  638  309
 7 1995  94.0 13.5 12.0  1.5  11  74.0  277.6 403  385  541  156  295  569  274
 8 1996 108.1 14.1 12.3  1.8  12  89.5  367.1 390  368  538  170  291  568  277
 9 1997 120.7 12.6  9.3  3.3  26  90.6  457.7 432  388  556  168  312  606  294
10 1998 128.5  7.8  6.6  1.2  15  61.1  518.7 393  362  565  203  302  609  307
11 1999 134.5  6.0  4.2  1.8  30  49.6  568.3 462  405  596  191  333  675  342
12 2000 137.5  3.0  2.1  0.9  30  25.6  594.0 478  416  623  207  343  718  375
13 2001 140.5  3.0  1.8  1.2  40  26.2  620.2 512  429  637  208  356  645  289
14 2002 143.8  3.3  1.8  1.5  45  29.5  649.6 534  406  689  283  341  742  401
15 2003 149.2  5.4  3.0  2.4  44  49.7  699.3 513  420  630  210  335  754  419
16 2004 153.4  4.2  2.4  1.8  42  39.9  739.3 515  403  664  261  326  737  411
17 2005 158.2  4.8  3.0  1.8  37  47.0  786.3 506  429  636  207  390  712  322
18 2006 161.8  3.6  1.5  2.1  58  36.2  822.4 532  413  617  204  359  722  363
19 2007 166.6  4.8  3.0  1.8  37  49.5  872.0 485  408  615  207  333  743  410
20 2008 168.7  2.1  0.6  1.5  71  22.1  894.1 540  441  580  139  430  659  229
21 2009 171.7  3.0  1.2  1.8  60  32.1  926.2 551  422  638  216  361  738  377
22 2010 174.1  2.4  0.9  1.5  62  26.1  952.2 538  414  613  199  367  708  341
23 2011 176.2  2.1  0.6  1.5  71  23.1  975.4 578  411  645  234  377  736  359
24 2012 178.6  2.4  1.2  1.2  50  26.8 1002.1 541  414  668  254  375  749  374
25 2013 180.4  1.8  0.9  0.9  49  20.3 1022.4 494  403  585  182  377  685  308
26 2014 181.9  1.5  0.6  0.9  60  17.1 1039.5 554  420  643  223  359  668  309
27 2015 184.0  2.1  1.2  0.9  42  24.1 1063.6 511  410  646  236  373  699  326
28 2016 187.0  3.0  1.5  1.5  50  35.0 1098.6 499  419  579  160  328  665  337

Core Length:  186.0 mm
Core Density: 476 kg/m3
Cross-sectional Density:  460 kg/m3
Early/Latewood Threshold: 500 kg/m3
Attenuation Constant: 3.32

ִִִִִִִִִִִִִִִִִִִִִִִִִִִִִִִִִִִִִִִִִִִִִִִִִִִִִִִִִִִִִִִִִִִִִִִִִִִִִִִ
Core : 58
ֲֲֲִִִִִִִִִִִִִִִִִִִִִִִִִִִִִִִִִִִִִִִִִִִִִִִִִִִִִִִִִִִִִִִִִִִִִִִִִִִִ
       ³Widths (mm)              ³ Areas    ³ Densities (kg/m3)
       ³                         ³ (cm‎)    ³
Ring   ³Outer Ring Erly Late   % ³Incr Total³Ring E/Wd L/Wd Unif  Min  Max  Rng
 # Year³ Rad.      Wood Wood  LW ³          ³mean mean mean
ֱֱֱִִִִִִִִִִִִִִִִִִִִִִִִִִִִִִִִִִִִִִִִִִִִִִִִִִִִִִִִִִִִִִִִִִִִִִִִִִִִ

 2 1990  12.1 12.1  8.1  0.0   0   4.6    4.6 299  299    0    0  244  394  150
 3 1991  29.5 17.4 17.4  0.0   0  22.7   27.3 303  303    0    0  248  441  193
 4 1992  49.3 19.8 19.8  0.0   0  49.0   76.4 326  326    0    0  268  471  203
 5 1993  67.9 18.6 16.8  1.8   9  68.5  144.8 358  339  534  195  229  564  335
 6 1994  79.9 12.0 11.1  0.9   7  55.7  200.6 375  360  557  197  306  560  254
 7 1995  90.1 10.2  9.6  0.6   5  54.5  255.0 351  339  538  199  263  566  303
 8 1996 102.7 12.6 11.4  1.2   9  76.3  331.4 376  359  530  171  294  546  252
 9 1997 114.1 11.4  8.7  2.7  23  77.6  409.0 407  370  526  156  289  566  277
10 1998 124.0  9.9  9.0  0.9   9  74.1  483.1 365  349  527  178  259  555  296
11 1999 133.0  9.0  7.8  1.2  13  72.7  555.7 396  370  562  192  314  610  296
12 2000 139.6  6.6  4.8  1.8  27  56.5  612.2 424  382  536  154  306  594  288
13 2001 143.8  4.2  2.4  1.8  42  37.4  649.6 478  396  587  191  324  650  326
14 2002 148.6  4.8  2.7  2.1  43  44.1  693.7 471  397  566  169  330  645  315
15 2003 154.0  5.4  3.6  1.8  33  51.3  745.1 465  414  566  152  348  632  284
16 2004 159.7  5.7  4.2  1.5  26  56.2  801.2 457  404  604  200  313  638  325
17 2005 165.7  6.0  3.0  3.0  50  61.3  862.6 513  431  596  165  386  684  298
18 2006 172.0  6.3  2.1  4.2  66  66.8  929.4 531  440  577  137  401  663  262
19 2007 177.7  5.7  3.3  2.4  42  62.6  992.0 501  434  594  160  375  652  277
20 2008 180.4  2.7  1.2  1.5  55  30.4 1022.4 516  428  586  158  399  715  316
21 2009 182.2  1.8  0.6  1.2  66  20.5 1042.9 538  440  587  147  411  670  259
22 2010 184.3  2.1  0.6  1.5  71  24.2 1067.1 556  441  602  161  430  725  295
23 2011 187.9  3.6  0.9  2.7  74  42.1 1109.2 550  415  596  181  398  663  265
24 2012 191.2  3.3  1.2  2.1  63  39.3 1148.5 542  439  602  163  407  687  280
25 2013 193.0  1.8  0.9  0.9  50  21.7 1170.2 518  435  600  165  401  632  231
26 2014 194.5  1.5  0.6  0.9  60  18.3 1188.5 562  454  634  180  449  671  222
27 2015 196.3  1.8  0.9  0.9  49  22.1 1210.6 536  448  625  177  407  695  288
28 2016 198.4  2.1  0.6  1.5  71  26.0 1236.6 556  468  591  123  444  651  207

Core Length:  194.4 mm
Core Density: 454 kg/m3
Cross-sectional Density:  442 kg/m3
Early/Latewood Threshold: 500 kg/m3
Attenuation Constant: 3.32

ִִִִִִִִִִִִִִִִִִִִִִִִִִִִִִִִִִִִִִִִִִִִִִִִִִִִִִִִִִִִִִִִִִִִִִִִִִִִִִִ
Core : 59
ֲֲֲִִִִִִִִִִִִִִִִִִִִִִִִִִִִִִִִִִִִִִִִִִִִִִִִִִִִִִִִִִִִִִִִִִִִִִִִִִִִ
       ³Widths (mm)              ³ Areas    ³ Densities (kg/m3)
       ³                         ³ (cm‎)    ³
Ring   ³Outer Ring Erly Late   % ³Incr Total³Ring E/Wd L/Wd Unif  Min  Max  Rng
 # Year³ Rad.      Wood Wood  LW ³          ³mean mean mean
ֱֱֱִִִִִִִִִִִִִִִִִִִִִִִִִִִִִִִִִִִִִִִִִִִִִִִִִִִִִִִִִִִִִִִִִִִִִִִִִִִִ

 2 1990  17.8 17.8 10.8  0.0   0  10.0   10.0 321  321    0    0  262  452  190
 3 1991  39.1 21.3 21.3  0.0   0  38.1   48.0 334  334    0    0  258  429  171
 4 1992  56.8 17.7 17.4  0.3   1  53.3  101.4 363  360  507  147  284  507  223
 5 1993  78.7 21.9 21.9  0.0   0  93.2  194.6 362  362    0    0  280  483  203
 6 1994  94.9 16.2 12.9  3.3  20  88.4  282.9 405  364  563  199  292  615  323
 7 1995 109.6 14.7 12.9  1.8  12  94.4  377.4 393  373  541  168  305  577  272
 8 1996 121.6 12.0  8.1  3.9  32  87.2  464.5 426  372  538  166  309  597  288
 9 1997 132.7 11.1  7.8  3.3  29  88.7  553.2 451  391  593  202  305  644  339
10 1998 142.3  9.6  6.9  2.7  28  82.9  636.2 426  380  541  161  306  593  287
11 1999 151.3  9.0  6.6  2.4  26  83.0  719.2 434  386  565  179  330  632  302
12 2000 158.2  6.9  5.4  1.5  21  67.1  786.3 418  383  544  161  311  642  331
13 2001 165.1  6.9  4.8  2.1  30  70.1  856.3 448  382  599  217  296  646  350
14 2002 170.2  5.1  3.0  2.1  41  53.7  910.1 455  369  579  210  328  617  289
15 2003 176.2  6.0  3.9  2.1  35  65.3  975.4 478  401  623  222  335  711  376
16 2004 180.7  4.5  3.0  1.5  33  50.5 1025.8 477  399  633  234  336  709  373
17 2005 184.6  3.9  2.4  1.5  38  44.8 1070.6 496  416  623  207  375  727  352
18 2006 188.5  3.9  2.1  1.8  46  45.7 1116.3 522  435  624  189  368  689  321
19 2007 192.4  3.9  1.8  2.1  53  46.7 1162.9 523  428  605  177  373  724  351
20 2008 196.0  3.6  1.5  2.1  58  43.9 1206.9 516  415  588  173  387  688  301
21 2009 198.4  2.4  0.9  1.5  62  29.7 1236.6 521  403  592  189  378  708  330
22 2010 200.2  1.8  0.9  0.9  49  22.5 1259.2 492  428  557  129  402  566  164
23 2011 201.4  1.2  0.6  0.6  50  15.1 1274.3 525  435  615  180  414  639  225
24 2012 203.5  2.1  0.9  1.2  57  26.7 1301.0 535  441  606  165  405  706  301
25 2013 204.7  1.2  0.3  0.9  75  15.4 1316.4 547  424  588  164  424  686  262
26 2014 205.6  0.9  0.6  0.3  33  11.6 1328.0 556  473  723  250  454  723  269
27 2015 207.1  1.5  0.6  0.9  60  19.4 1347.4 549  437  624  187  435  711  276
28 2016 208.3  1.2  0.6  0.6  50  15.7 1363.1 556  461  651  190  449  681  232

Core Length:  201.6 mm
Core Density: 464 kg/m3
Cross-sectional Density:  444 kg/m3
Early/Latewood Threshold: 500 kg/m3
Attenuation Constant: 3.32

ִִִִִִִִִִִִִִִִִִִִִִִִִִִִִִִִִִִִִִִִִִִִִִִִִִִִִִִִִִִִִִִִִִִִִִִִִִִִִִִ
Core : 63
ֲֲֲִִִִִִִִִִִִִִִִִִִִִִִִִִִִִִִִִִִִִִִִִִִִִִִִִִִִִִִִִִִִִִִִִִִִִִִִִִִִ
       ³Widths (mm)              ³ Areas    ³ Densities (kg/m3)
       ³                         ³ (cm‎)    ³
Ring   ³Outer Ring Erly Late   % ³Incr Total³Ring E/Wd L/Wd Unif  Min  Max  Rng
 # Year³ Rad.      Wood Wood  LW ³          ³mean mean mean
ֱֱֱִִִִִִִִִִִִִִִִִִִִִִִִִִִִִִִִִִִִִִִִִִִִִִִִִִִִִִִִִִִִִִִִִִִִִִִִִִִִ

 2 1990  23.2 23.2 16.2  0.0   0  16.9   16.9 336  336    0    0  290  418  128
 3 1991  41.2 18.0 18.0  0.0   0  36.4   53.3 347  347    0    0  279  498  219
 4 1992  56.2 15.0 14.7  0.3   2  45.9   99.2 382  380  511  131  321  511  190
 5 1993  72.4 16.2 13.8  2.4  14  65.4  164.7 384  355  550  195  284  596  312
 6 1994  86.5 14.1  9.9  4.2  29  70.4  235.1 455  402  580  178  325  633  308
 7 1995  98.8 12.3 10.2  2.1  17  71.6  306.7 434  412  540  128  320  615  295
 8 1996 110.8 12.0  8.4  3.6  30  79.0  385.7 453  410  554  144  330  598  268
 9 1997 119.8  9.0  6.6  2.4  26  65.2  450.9 461  420  574  154  333  630  297
10 1998 125.2  5.4  4.5  0.9  16  41.6  492.4 418  393  547  154  283  584  301
11 1999 131.2  6.0  3.6  2.4  39  48.3  540.8 489  434  571  137  368  668  300
12 2000 135.4  4.2  2.1  2.1  50  35.2  576.0 481  373  589  216  327  663  336
13 2001 139.9  4.5  1.8  2.7  60  38.9  614.9 514  410  584  174  350  661  311
14 2002 142.9  3.0  1.2  1.8  60  26.7  641.5 543  435  615  180  393  680  287
15 2003 147.1  4.2  1.8  2.4  57  38.3  679.8 526  443  588  145  406  619  213
16 2004 150.4  3.3  1.5  1.8  54  30.8  710.6 514  412  599  187  371  661  290
17 2005 153.4  3.0  1.2  1.8  60  28.6  739.3 523  426  588  162  379  664  285
18 2006 155.2  1.8  0.6  1.2  66  17.5  756.7 550  423  614  191  386  651  265
19 2007 157.9  2.7  0.9  1.8  66  26.6  783.3 513  423  558  135  380  583  203
20 2008 160.0  2.1  0.6  1.5  71  21.0  804.2 561  439  609  170  402  674  272
21 2009 161.8  1.8  0.9  0.9  49  18.2  822.4 539  459  619  160  429  629  200
22 2010 163.6  1.8  0.6  1.2  66  18.4  840.8 541  446  588  142  429  619  190
23 2011 166.0  2.4  0.6  1.8  75  24.9  865.7 544  437  580  143  419  638  219
24 2012 168.1  2.1  0.9  1.2  57  22.0  887.7 508  454  548   94  422  595  173
25 2013 169.6  1.5  0.3  1.2  80  15.9  903.7 543  440  569  129  440  637  197
26 2014 171.1  1.5  0.3  1.2  80  16.1  919.7 560  423  594  171  423  655  232
27 2015 172.9  1.8  0.6  1.2  66  19.5  939.2 561  475  605  130  472  630  158
28 2016 174.1  1.2  0.6  0.6  50  13.1  952.2 528  465  592  127  448  618  170

Core Length:  167.1 mm
Core Density: 489 kg/m3
Cross-sectional Density:  470 kg/m3
Early/Latewood Threshold: 500 kg/m3
Attenuation Constant: 3.32

ִִִִִִִִִִִִִִִִִִִִִִִִִִִִִִִִִִִִִִִִִִִִִִִִִִִִִִִִִִִִִִִִִִִִִִִִִִִִִִִ
Core : 68
ֲֲֲִִִִִִִִִִִִִִִִִִִִִִִִִִִִִִִִִִִִִִִִִִִִִִִִִִִִִִִִִִִִִִִִִִִִִִִִִִִִ
       ³Widths (mm)              ³ Areas    ³ Densities (kg/m3)
       ³                         ³ (cm‎)    ³
Ring   ³Outer Ring Erly Late   % ³Incr Total³Ring E/Wd L/Wd Unif  Min  Max  Rng
 # Year³ Rad.      Wood Wood  LW ³          ³mean mean mean
ֱֱֱִִִִִִִִִִִִִִִִִִִִִִִִִִִִִִִִִִִִִִִִִִִִִִִִִִִִִִִִִִִִִִִִִִִִִִִִִִִִ

 1 1989   4.2  4.2  4.2  0.0   0   0.6    0.6 335  335    0    0  200  427  227
 2 1990  11.1  6.9  6.9  0.0   0   3.3    3.9 317  317    0    0  253  482  229
 3 1991  25.2 14.1 14.1  0.0   0  16.1   20.0 336  336    0    0  267  422  155
 4 1992  42.6 17.4 16.5  0.9   5  37.1   57.0 360  351  510  159  276  521  245
 5 1993  58.8 16.2 14.1  2.1  12  51.6  108.6 345  316  542  226  248  560  312
 6 1994  69.0 10.2  7.8  2.4  23  41.0  149.6 425  367  612  245  289  656  367
 7 1995  78.3  9.3  7.2  2.1  22  43.0  192.6 401  360  540  180  301  612  311
 8 1996  87.9  9.6  6.9  2.7  28  50.1  242.7 423  361  580  219  278  649  371
 9 1997  97.8  9.9  6.9  3.0  30  57.8  300.5 455  394  597  203  305  676  371
10 1998 107.1  9.3  6.9  2.4  25  59.9  360.4 414  371  538  167  318  627  309
11 1999 117.0  9.9  7.2  2.7  27  69.7  430.1 451  408  566  158  312  626  314
12 2000 124.2  7.2  3.9  3.3  45  54.6  484.6 457  346  589  243  287  704  417
13 2001 130.8  6.6  2.4  4.2  63  52.9  537.5 505  382  575  193  312  688  376
14 2002 137.1  6.3  2.7  3.6  57  53.0  590.5 478  346  577  231  310  628  318
15 2003 144.9  7.8  4.5  3.3  42  69.1  659.6 468  392  571  179  319  639  320
16 2004 150.3  5.4  3.0  2.4  44  50.1  709.7 485  394  598  204  312  673  361
17 2005 154.2  3.9  1.8  2.1  53  37.3  747.0 515  403  611  208  367  724  357
18 2006 156.9  2.7  1.5  1.2  44  26.4  773.4 534  438  654  216  375  705  330
19 2007 160.2  3.3  2.1  1.2  36  32.9  806.3 484  425  588  163  354  655  301
20 2008 163.5  3.3  1.5  1.8  54  33.6  839.8 522  411  615  204  370  721  351
21 2009 166.5  3.0  0.9  2.1  70  31.1  870.9 551  403  614  211  369  715  346
22 2010 168.9  2.4  0.9  1.5  62  25.3  896.2 506  379  583  204  353  646  293
23 2011 171.3  2.4  0.6  1.8  75  25.7  921.9 583  407  641  234  373  671  298
24 2012 174.0  2.7  1.8  0.9  33  29.3  951.1 480  414  613  199  369  658  289
25 2013 175.2  1.2  0.6  0.6  49  13.2  964.3 507  405  610  205  379  712  333
26 2014 176.4  1.2  0.6  0.6  50  13.3  977.6 567  435  700  265  411  713  302
27 2015 177.6  1.2  0.6  0.6  50  13.3  990.9 529  413  646  233  400  730  330
28 2016 178.8  1.2  0.3  0.9  75  13.4 1004.3 521  411  558  147  411  612  201

Core Length:  178.8 mm
Core Density: 462 kg/m3
Cross-sectional Density:  461 kg/m3
Early/Latewood Threshold: 500 kg/m3
Attenuation Constant: 3.32

ִִִִִִִִִִִִִִִִִִִִִִִִִִִִִִִִִִִִִִִִִִִִִִִִִִִִִִִִִִִִִִִִִִִִִִִִִִִִִִִ
Core : 75
ֲֲֲִִִִִִִִִִִִִִִִִִִִִִִִִִִִִִִִִִִִִִִִִִִִִִִִִִִִִִִִִִִִִִִִִִִִִִִִִִִִ
       ³Widths (mm)              ³ Areas    ³ Densities (kg/m3)
       ³                         ³ (cm‎)    ³
Ring   ³Outer Ring Erly Late   % ³Incr Total³Ring E/Wd L/Wd Unif  Min  Max  Rng
 # Year³ Rad.      Wood Wood  LW ³          ³mean mean mean
ֱֱֱִִִִִִִִִִִִִִִִִִִִִִִִִִִִִִִִִִִִִִִִִִִִִִִִִִִִִִִִִִִִִִִִִִִִִִִִִִִִ

 1 1990  11.4 11.4 11.4  0.0   0   4.1    4.1 322  322    0    0  221  483  262
 2 1991  27.3 15.9 15.9  0.0   0  19.3   23.4 369  369    0    0  253  499  246
 3 1992  45.0 17.7 17.1  0.6   3  40.2   63.6 388  384  518  134  299  523  224
 4 1993  63.3 18.3 12.9  5.4  29  62.3  125.9 412  359  540  181  289  584  295
 5 1994  77.7 14.4  8.4  6.0  41  63.8  189.7 484  401  600  199  347  662  315
 6 1995  91.8 14.1  6.9  7.2  51  75.1  264.7 483  398  565  167  345  639  294
 7 1996 104.1 12.3  5.1  7.2  58  75.7  340.4 510  394  592  198  330  646  316
 8 1997 116.4 12.3  5.7  6.6  53  85.2  425.7 521  430  599  169  363  677  314
 9 1998 124.2  7.8  4.8  3.0  38  59.0  484.6 474  399  595  196  326  654  328
10 1999 134.4 10.2  2.1  8.1  79  82.9  567.5 552  415  587  172  382  655  273
11 2000 139.5  5.1  2.1  3.0  58  43.9  611.4 500  377  586  209  354  642  288
12 2001 144.6  5.1  1.8  3.3  64  45.5  656.9 519  389  590  201  328  676  348
13 2002 148.5  3.9  1.2  2.7  69  35.9  692.8 573  414  644  230  383  696  313
14 2003 155.7  7.2  2.1  5.1  70  68.8  761.6 552  427  604  177  390  676  286
15 2004 160.2  4.5  1.8  2.7  60  44.7  806.3 544  406  637  231  356  701  345
16 2005 163.5  3.3  1.5  1.8  54  33.6  839.8 552  424  658  234  380  736  356
17 2006 165.9  2.4  0.9  1.5  62  24.8  864.7 562  411  652  241  394  718  324
18 2007 168.3  2.4  0.9  1.5  62  25.2  889.9 546  425  620  195  395  715  320
19 2008 170.7  2.4  0.6  1.8  74  25.6  915.4 583  438  632  194  419  712  293
20 2009 173.4  2.7  0.6  2.1  77  29.2  944.6 595  423  644  221  392  713  321
21 2010 175.5  2.1  0.6  1.5  71  23.0  967.6 577  417  642  225  416  722  306
22 2011 177.9  2.4  0.9  1.5  62  26.6  994.3 555  426  633  207  397  650  253
23 2012 180.0  2.1  0.9  1.2  57  23.6 1017.9 532  410  625  215  383  667  284
24 2013 181.5  1.5  0.6  0.9  60  17.0 1034.9 540  421  620  199  417  698  281
25 2014 182.7  1.2  0.3  0.9  74  13.7 1048.6 582  400  642  242  400  702  302
26 2015 185.1  2.4  0.9  1.5  62  27.7 1076.4 550  430  621  191  402  684  282
27 2016 186.9  1.8  0.9  0.9  49  21.0 1097.4 527  443  611  168  400  635  235

Core Length:  186.9 mm
Core Density: 514 kg/m3
Cross-sectional Density:  514 kg/m3
Early/Latewood Threshold: 500 kg/m3
Attenuation Constant: 3.32

ִִִִִִִִִִִִִִִִִִִִִִִִִִִִִִִִִִִִִִִִִִִִִִִִִִִִִִִִִִִִִִִִִִִִִִִִִִִִִִִ
Core : 89
ֲֲֲִִִִִִִִִִִִִִִִִִִִִִִִִִִִִִִִִִִִִִִִִִִִִִִִִִִִִִִִִִִִִִִִִִִִִִִִִִִִ
       ³Widths (mm)              ³ Areas    ³ Densities (kg/m3)
       ³                         ³ (cm‎)    ³
Ring   ³Outer Ring Erly Late   % ³Incr Total³Ring E/Wd L/Wd Unif  Min  Max  Rng
 # Year³ Rad.      Wood Wood  LW ³          ³mean mean mean
ֱֱֱִִִִִִִִִִִִִִִִִִִִִִִִִִִִִִִִִִִִִִִִִִִִִִִִִִִִִִִִִִִִִִִִִִִִִִִִִִִִ

 3 1992  18.5 18.5 16.5  0.0   0  10.8   10.8 326  326    0    0  262  444  182
 4 1993  36.5 18.0 18.0  0.0   0  31.1   41.9 348  348    0    0  265  489  224
 5 1994  47.0 10.5  8.7  1.8  17  27.5   69.4 396  365  546  181  301  591  290
 6 1995  58.7 11.7  9.6  2.1  17  38.9  108.2 394  365  523  158  310  557  247
 7 1996  71.6 12.9 12.3  0.6   4  52.8  161.1 390  383  526  143  309  532  223
 8 1997  85.1 13.5 10.8  2.7  20  66.5  227.5 409  379  531  152  317  554  237
 9 1998  95.0  9.9  8.7  1.2  12  56.0  283.5 384  363  539  176  293  563  270
10 1999 108.2 13.2  9.3  3.9  29  84.3  367.8 441  397  547  150  318  582  264
11 2000 114.2  6.0  4.8  1.2  20  41.9  409.7 436  409  545  136  348  586  238
12 2001 121.1  6.9  4.5  2.4  34  51.0  460.7 462  413  556  143  362  601  239
13 2002 126.8  5.7  3.6  2.1  36  44.4  505.1 468  420  551  131  374  595  221
14 2003 136.4  9.6  4.5  5.1  53  79.4  584.5 497  443  544  101  408  609  201
15 2004 141.2  4.8  2.4  2.4  49  41.9  626.4 499  435  563  128  410  607  197
16 2005 145.7  4.5  3.3  1.2  26  40.6  666.9 481  438  599  161  395  657  262
17 2006 150.5  4.8  1.8  3.0  62  44.7  711.6 523  419  586  167  376  670  294
18 2007 155.6  5.1  2.4  2.7  52  49.0  760.6 514  435  584  149  382  657  275
19 2008 161.6  6.0  3.6  2.4  40  59.8  820.4 514  453  605  152  405  685  280
20 2009 166.1  4.5  1.5  3.0  66  46.3  866.7 536  461  574  113  447  662  215
21 2010 169.7  3.6  1.5  2.1  58  38.0  904.7 523  426  593  167  370  712  342
22 2011 173.3  3.6  0.9  2.7  75  38.8  943.5 539  456  567  111  434  611  177
23 2012 177.5  4.2  1.5  2.7  64  46.3  989.8 535  463  575  112  445  617  172
24 2013 181.4  3.9  1.5  2.4  61  44.0 1033.8 527  446  578  132  434  668  234
25 2014 186.2  4.8  1.2  3.6  74  55.4 1089.2 549  436  586  150  394  685  291
26 2015 190.7  4.5  0.9  3.6  80  53.3 1142.5 573  484  595  111  465  697  232
27 2016 193.4  2.7  0.6  2.1  77  32.6 1175.1 562  474  587  113  474  657  183

Core Length:  191.7 mm
Core Density: 473 kg/m3
Cross-sectional Density:  477 kg/m3
Early/Latewood Threshold: 500 kg/m3
Attenuation Constant: 3.32

