File : C:\DENSITOM\WOODHI~1\WHILL3.DAT
Cores :
3
8
18
23
29
38
41
43
55
75
76
80
83

ִִִִִִִִִִִִִִִִִִִִִִִִִִִִִִִִִִִִִִִִִִִִִִִִִִִִִִִִִִִִִִִִִִִִִִִִִִִִִִִ
Core : 3
ֲֲֲִִִִִִִִִִִִִִִִִִִִִִִִִִִִִִִִִִִִִִִִִִִִִִִִִִִִִִִִִִִִִִִִִִִִִִִִִִִִ
       ³Widths (mm)              ³ Areas    ³ Densities (kg/m3)
       ³                         ³ (cm‎)    ³
Ring   ³Outer Ring Erly Late   % ³Incr Total³Ring E/Wd L/Wd Unif  Min  Max  Rng
 # Year³ Rad.      Wood Wood  LW ³          ³mean mean mean
ֱֱֱִִִִִִִִִִִִִִִִִִִִִִִִִִִִִִִִִִִִִִִִִִִִִִִִִִִִִִִִִִִִִִִִִִִִִִִִִִִִ

 1 1989   3.0  3.0  3.0  0.0   0   0.3    0.3 342  342    0    0  311  403   92
 2 1990   8.4  5.4  5.4  0.0   0   1.9    2.2 316  316    0    0  258  414  156
 3 1991  23.7 15.3 15.3  0.0   0  15.4   17.6 281  281    0    0  236  355  119
 4 1992  44.1 20.4 20.4  0.0   0  43.5   61.1 297  297    0    0  231  402  171
 5 1993  63.6 19.5 19.2  0.3   1  66.0  127.1 311  308  524  216  234  524  290
 6 1994  78.6 15.0 15.0  0.0   0  67.0  194.1 380  380    0    0  290  490  200
 7 1995  91.5 12.9 12.3  0.6   4  68.9  263.0 353  346  507  161  291  510  219
 8 1996 103.8 12.3 11.4  0.9   7  75.5  338.5 386  375  532  157  281  539  258
 9 1997 114.0 10.2  6.9  3.3  32  69.8  408.3 447  401  541  140  319  576  257
10 1998 122.4  8.4  6.0  2.4  28  62.4  470.7 435  386  558  172  301  614  313
11 1999 128.4  6.0  5.1  0.9  14  47.3  517.9 408  379  569  190  305  609  304
12 2000 132.0  3.6  3.0  0.6  16  29.5  547.4 404  369  578  209  301  581  280
13 2001 135.9  3.9  3.0  0.9  23  32.8  580.2 441  398  582  184  310  594  284
14 2002 140.4  4.5  3.3  1.2  26  39.1  619.3 435  375  598  223  288  641  353
15 2003 146.4  6.0  4.8  1.2  20  54.1  673.3 405  367  558  191  307  613  306
16 2004 149.7  3.3  3.0  0.3   9  30.7  704.0 377  361  547  186  289  547  258
17 2005 152.4  2.7  2.4  0.3  11  25.6  729.7 412  387  616  229  305  616  311
18 2006 155.1  2.7  1.8  0.9  33  26.1  755.7 456  386  597  211  320  651  331
19 2007 158.7  3.6  3.0  0.6  16  35.5  791.2 418  388  566  178  332  606  274
20 2008 161.1  2.4  1.8  0.6  25  24.1  815.3 412  368  545  177  344  562  218
21 2009 163.5  2.4  2.1  0.3  12  24.5  839.8 446  432  543  111  340  543  203
22 2010 164.7  1.2  0.9  0.3  24  12.4  852.2 455  434  518   84  364  518  154
23 2011 166.2  1.5  1.2  0.3  20  15.6  867.8 435  406  554  148  338  554  216
24 2012 167.7  1.5  1.2  0.3  20  15.7  883.5 402  377  500  123  324  500  176
25 2013 168.6  0.9  0.9  0.0   0   9.5  893.0 445  445    0    0  396  492   96
26 2014 169.5  0.9  0.9  0.0   0   9.6  902.6 432  432    0    0  403  479   76
27 2015 171.0  1.5  1.2  0.3  20  16.0  918.6 444  409  581  172  336  581  245
28 2016 172.5  1.5  0.9  0.6  40  16.2  934.8 470  413  556  143  402  598  196

Core Length:  172.8 mm
Core Density: 401 kg/m3
Cross-sectional Density:  397 kg/m3
Early/Latewood Threshold: 500 kg/m3
Attenuation Constant: 3.19

ִִִִִִִִִִִִִִִִִִִִִִִִִִִִִִִִִִִִִִִִִִִִִִִִִִִִִִִִִִִִִִִִִִִִִִִִִִִִִִִ
Core : 8
ֲֲֲִִִִִִִִִִִִִִִִִִִִִִִִִִִִִִִִִִִִִִִִִִִִִִִִִִִִִִִִִִִִִִִִִִִִִִִִִִִִ
       ³Widths (mm)              ³ Areas    ³ Densities (kg/m3)
       ³                         ³ (cm‎)    ³
Ring   ³Outer Ring Erly Late   % ³Incr Total³Ring E/Wd L/Wd Unif  Min  Max  Rng
 # Year³ Rad.      Wood Wood  LW ³          ³mean mean mean
ֱֱֱִִִִִִִִִִִִִִִִִִִִִִִִִִִִִִִִִִִִִִִִִִִִִִִִִִִִִִִִִִִִִִִִִִִִִִִִִִִִ

 1 1989   4.5  4.5  4.5  0.0   0   0.6    0.6 376  376    0    0  201  460  259
 2 1990  10.5  6.0  6.0  0.0   0   2.8    3.5 333  333    0    0  279  452  173
 3 1991  30.3 19.8 19.8  0.0   0  25.4   28.8 330  330    0    0  242  469  227
 4 1992  51.3 21.0 19.5  1.5   7  53.8   82.7 370  359  514  155  297  525  228
 5 1993  76.2 24.9 23.7  1.2   4  99.7  182.4 372  363  555  192  283  567  284
 6 1994  93.6 17.4 14.7  2.7  15  92.8  275.2 414  391  536  145  330  565  235
 7 1995 107.1 13.5 12.0  1.5  11  85.1  360.4 405  388  540  152  317  568  251
 8 1996 121.5 14.4 12.3  2.1  14 103.4  463.8 414  394  528  134  309  559  250
 9 1997 136.5 15.0 11.7  3.3  22 121.6  585.3 434  408  527  119  321  573  252
10 1998 144.3  7.8  6.9  0.9  11  68.8  654.2 407  391  528  137  327  555  228
11 1999 152.7  8.4  6.0  2.4  28  78.4  732.5 442  402  542  140  324  588  264
12 2000 159.0  6.3  4.5  1.8  28  61.7  794.2 422  372  547  175  304  640  336
13 2001 163.5  4.5  3.0  1.5  33  45.6  839.8 462  407  573  166  360  617  257
14 2002 167.7  4.2  2.7  1.5  35  43.7  883.5 443  378  561  183  326  619  293
15 2003 172.2  4.5  3.3  1.2  26  48.1  931.6 450  410  559  149  372  594  222
16 2004 175.8  3.6  2.4  1.2  33  39.4  970.9 468  401  603  202  334  649  315
17 2005 179.7  3.9  2.7  1.2  30  43.6 1014.5 466  402  609  207  355  657  302
18 2006 183.3  3.6  2.1  1.5  41  41.1 1055.5 487  415  587  172  362  650  288
19 2007 186.9  3.6  2.7  0.9  24  41.9 1097.4 466  422  597  175  342  622  280
20 2008 189.6  2.7  1.5  1.2  44  31.9 1129.3 492  414  590  176  376  623  247
21 2009 192.3  2.7  1.2  1.5  55  32.4 1161.7 489  393  566  173  364  651  287
22 2010 194.7  2.4  1.5  0.9  37  29.2 1190.9 493  435  591  156  385  688  303
23 2011 196.8  2.1  0.9  1.2  57  25.8 1216.7 534  430  612  182  365  687  322
24 2012 198.6  1.8  0.9  0.9  49  22.4 1239.1 510  429  591  162  392  635  243
25 2013 199.8  1.2  0.6  0.6  50  15.0 1254.1 492  432  552  120  414  601  187
26 2014 201.3  1.5  0.6  0.9  60  18.9 1273.0 508  414  571  157  398  666  268
27 2015 202.8  1.5  0.6  0.9  60  19.0 1292.1 497  404  560  156  400  645  245
28 2016 204.0  1.2  0.6  0.6  49  15.3 1307.4 505  415  596  181  379  608  229

Core Length:  204.0 mm
Core Density: 445 kg/m3
Cross-sectional Density:  435 kg/m3
Early/Latewood Threshold: 500 kg/m3
Attenuation Constant: 3.19

ִִִִִִִִִִִִִִִִִִִִִִִִִִִִִִִִִִִִִִִִִִִִִִִִִִִִִִִִִִִִִִִִִִִִִִִִִִִִִִִ
Core : 18
ֲֲֲִִִִִִִִִִִִִִִִִִִִִִִִִִִִִִִִִִִִִִִִִִִִִִִִִִִִִִִִִִִִִִִִִִִִִִִִִִִִ
       ³Widths (mm)              ³ Areas    ³ Densities (kg/m3)
       ³                         ³ (cm‎)    ³
Ring   ³Outer Ring Erly Late   % ³Incr Total³Ring E/Wd L/Wd Unif  Min  Max  Rng
 # Year³ Rad.      Wood Wood  LW ³          ³mean mean mean
ֱֱֱִִִִִִִִִִִִִִִִִִִִִִִִִִִִִִִִִִִִִִִִִִִִִִִִִִִִִִִִִִִִִִִִִִִִִִִִִִִִ

 1 1989   9.0  9.0  6.0  0.0   0   2.5    2.5 333  333    0    0  177  426  249
 2 1990  17.4  8.4  8.4  0.0   0   7.0    9.5 327  327    0    0  275  443  168
 3 1991  33.6 16.2 16.2  0.0   0  26.0   35.5 335  335    0    0  226  467  241
 4 1992  51.3 17.7 17.7  0.0   0  47.2   82.7 344  344    0    0  290  461  171
 5 1993  71.4 20.1 19.8  0.3   1  77.5  160.2 346  343  506  163  274  506  232
 6 1994  87.9 16.5 14.7  1.8  10  82.6  242.7 403  389  516  127  299  528  229
 7 1995 105.9 18.0 17.4  0.6   3 109.6  352.3 367  362  511  149  309  517  208
 8 1996 123.3 17.4 16.5  0.9   5 125.3  477.6 386  379  505  126  320  513  193
 9 1997 141.6 18.3 14.7  3.6  19 152.3  629.9 415  387  528  141  305  571  266
10 1998 155.4 13.8 12.3  1.5  10 128.8  758.7 425  414  514  100  325  526  201
11 1999 168.6 13.2  9.9  3.3  25 134.4  893.0 454  432  519   87  345  561  216
12 2000 176.4  7.8  6.3  1.5  19  84.5  977.6 440  416  540  124  315  573  258
13 2001 183.0  6.6  5.7  0.9  13  74.5 1052.1 424  407  534  127  285  565  280
14 2002 189.3  6.3  5.1  1.2  19  73.7 1125.8 422  399  517  118  292  543  251
15 2003 200.1 10.8  9.6  1.2  11 132.1 1257.9 423  411  519  108  335  557  222
16 2004 209.4  9.3  6.9  2.4  25 119.6 1377.5 416  384  506  122  298  522  224
17 2005 215.4  6.0  4.5  1.5  25  80.1 1457.6 440  401  557  156  336  626  290

Core Length:  212.7 mm
Core Density: 394 kg/m3
Cross-sectional Density:  409 kg/m3
Early/Latewood Threshold: 500 kg/m3
Attenuation Constant: 3.19

ִִִִִִִִִִִִִִִִִִִִִִִִִִִִִִִִִִִִִִִִִִִִִִִִִִִִִִִִִִִִִִִִִִִִִִִִִִִִִִִ
Core : 23
ֲֲֲִִִִִִִִִִִִִִִִִִִִִִִִִִִִִִִִִִִִִִִִִִִִִִִִִִִִִִִִִִִִִִִִִִִִִִִִִִִִ
       ³Widths (mm)              ³ Areas    ³ Densities (kg/m3)
       ³                         ³ (cm‎)    ³
Ring   ³Outer Ring Erly Late   % ³Incr Total³Ring E/Wd L/Wd Unif  Min  Max  Rng
 # Year³ Rad.      Wood Wood  LW ³          ³mean mean mean
ֱֱֱִִִִִִִִִִִִִִִִִִִִִִִִִִִִִִִִִִִִִִִִִִִִִִִִִִִִִִִִִִִִִִִִִִִִִִִִִִִִ

 3 1991  24.1 24.1 17.1  0.0   0  18.2   18.2 348  348    0    0  288  452  164
 4 1992  45.4 21.3 21.3  0.0   0  46.5   64.8 359  359    0    0  280  476  196
 5 1993  71.2 25.8 22.5  3.3  12  94.5  159.3 383  359  542  183  258  578  320
 6 1994  87.1 15.9 12.9  3.0  18  79.1  238.3 430  399  561  162  334  633  299
 7 1995  99.4 12.3 10.5  1.8  14  72.1  310.4 428  404  567  163  327  616  289
 8 1996 114.4 15.0 12.3  2.7  18 100.8  411.2 426  394  567  173  320  617  297
 9 1997 134.8 20.4 13.8  6.6  32 159.7  570.9 463  414  566  152  371  614  243
10 1998 148.6 13.8  9.3  4.5  32 122.9  693.7 457  405  565  160  351  625  274
11 1999 162.7 14.1  7.2  6.9  48 137.9  831.6 497  422  576  154  364  628  264
12 2000 173.2 10.5  5.7  4.8  45 110.8  942.4 480  399  576  177  349  674  325
13 2001 183.4 10.2  5.1  5.1  50 114.3 1056.7 470  389  550  161  319  639  320
14 2002 191.5  8.1  4.5  3.6  44  95.4 1152.1 462  375  572  197  311  690  379
15 2003 201.7 10.2  6.0  4.2  41 126.0 1278.1 495  409  619  210  356  689  333
16 2004 208.6  6.9  3.3  3.6  52  88.9 1367.0 511  413  600  187  364  684  320
17 2005 216.7  8.1  4.5  3.6  44 108.2 1475.3 503  413  616  203  376  718  342
18 2006 224.2  7.5  3.0  4.5  60 103.9 1579.1 552  419  640  221  365  694  329
19 2007 231.7  7.5  3.6  3.9  52 107.4 1686.6 528  435  615  180  378  689  311
20 2008 239.8  8.1  3.9  4.2  51 120.0 1806.5 521  417  617  200  364  706  342
21 2009 247.3  7.5  3.6  3.9  52 114.8 1921.3 511  419  595  176  360  670  310
22 2010 252.4  5.1  3.0  2.1  41  80.1 2001.4 492  423  591  168  372  685  313
23 2011 256.3  3.9  1.8  2.1  53  62.3 2063.7 517  418  602  184  372  659  287
24 2012 260.8  4.5  2.4  2.1  46  73.1 2136.8 511  418  617  199  364  680  316
25 2013 263.8  3.0  1.8  1.2  40  49.4 2186.2 501  428  610  182  378  690  312
26 2014 266.2  2.4  0.9  1.5  62  40.0 2226.2 558  443  628  185  423  708  285
27 2015 271.3  5.1  2.1  3.0  58  86.1 2312.3 538  419  622  203  373  723  350
28 2016 274.9  3.6  1.2  2.4  66  61.8 2374.1 543  439  595  156  411  693  282

Core Length:  267.9 mm
Core Density: 480 kg/m3
Cross-sectional Density:  484 kg/m3
Early/Latewood Threshold: 500 kg/m3
Attenuation Constant: 3.19

ִִִִִִִִִִִִִִִִִִִִִִִִִִִִִִִִִִִִִִִִִִִִִִִִִִִִִִִִִִִִִִִִִִִִִִִִִִִִִִִ
Core : 29
ֲֲֲִִִִִִִִִִִִִִִִִִִִִִִִִִִִִִִִִִִִִִִִִִִִִִִִִִִִִִִִִִִִִִִִִִִִִִִִִִִִ
       ³Widths (mm)              ³ Areas    ³ Densities (kg/m3)
       ³                         ³ (cm‎)    ³
Ring   ³Outer Ring Erly Late   % ³Incr Total³Ring E/Wd L/Wd Unif  Min  Max  Rng
 # Year³ Rad.      Wood Wood  LW ³          ³mean mean mean
ֱֱֱִִִִִִִִִִִִִִִִִִִִִִִִִִִִִִִִִִִִִִִִִִִִִִִִִִִִִִִִִִִִִִִִִִִִִִִִִִִִ

 1 1989   3.6  3.6  3.6  0.0   0   0.4    0.4 320  320    0    0  280  358   78
 2 1990  15.9 12.3 12.3  0.0   0   7.5    7.9 284  284    0    0  252  419  167
 3 1991  32.4 16.5 16.5  0.0   0  25.0   33.0 270  270    0    0  227  353  126
 4 1992  50.4 18.0 18.0  0.0   0  46.8   79.8 302  302    0    0  224  392  168
 5 1993  72.0 21.6 21.6  0.0   0  83.1  162.9 315  315    0    0  260  446  186
 6 1994  88.8 16.8 15.6  1.2   7  84.9  247.7 391  382  509  127  262  520  258
 7 1995 105.0 16.2 16.2  0.0   0  98.6  346.4 386  386    0    0  295  490  195
 8 1996 116.4 11.4 10.8  0.6   5  79.3  425.7 368  360  519  159  267  520  253
 9 1997 130.5 14.1 12.9  1.2   8 109.4  535.0 402  392  514  122  266  537  271
10 1998 139.8  9.3  7.2  2.1  22  79.0  614.0 420  385  538  153  297  597  300
11 1999 146.7  6.9  4.8  2.1  30  62.1  676.1 429  378  544  166  306  613  307
12 2000 151.8  5.1  3.6  1.5  29  47.8  723.9 425  367  565  198  317  634  317
13 2001 156.6  4.8  3.6  1.2  24  46.5  770.4 433  388  566  178  329  627  298
14 2002 160.5  3.9  3.0  0.9  23  38.9  809.3 430  389  567  178  316  619  303
15 2003 164.7  4.2  2.7  1.5  35  42.9  852.2 462  406  563  157  368  631  263
16 2004 167.4  2.7  1.8  0.9  33  28.2  880.4 447  391  560  169  319  600  281
17 2005 169.8  2.4  1.8  0.6  25  25.4  905.8 465  416  613  197  342  642  300
18 2006 172.8  3.0  1.8  1.2  40  32.3  938.1 470  410  560  150  357  607  250
19 2007 175.5  2.7  2.1  0.6  22  29.5  967.6 446  410  571  161  333  590  257
20 2008 177.6  2.1  1.2  0.9  42  23.3  990.9 470  394  573  179  362  640  278
21 2009 179.4  1.8  1.2  0.6  33  20.2 1011.1 461  416  553  137  389  594  205
22 2010 180.9  1.5  0.9  0.6  40  17.0 1028.1 435  375  525  150  326  547  221
23 2011 182.1  1.2  0.6  0.6  50  13.7 1041.8 473  397  548  151  382  571  189
24 2012 183.6  1.5  0.9  0.6  40  17.2 1059.0 458  400  545  145  376  546  170
25 2013 184.5  0.9  0.6  0.3  33  10.4 1069.4 463  434  522   88  408  522  114
26 2014 185.4  0.9  0.3  0.6  66  10.5 1079.9 484  401  525  124  401  540  139
27 2015 186.6  1.2  0.3  0.9  75  14.0 1093.9 539  416  580  164  416  666  250
28 2016 187.5  0.9  0.3  0.6  66  10.6 1104.5 543  457  587  130  457  663  206

Core Length:  187.5 mm
Core Density: 421 kg/m3
Cross-sectional Density:  406 kg/m3
Early/Latewood Threshold: 500 kg/m3
Attenuation Constant: 3.19

ִִִִִִִִִִִִִִִִִִִִִִִִִִִִִִִִִִִִִִִִִִִִִִִִִִִִִִִִִִִִִִִִִִִִִִִִִִִִִִִ
Core : 38
ֲֲֲִִִִִִִִִִִִִִִִִִִִִִִִִִִִִִִִִִִִִִִִִִִִִִִִִִִִִִִִִִִִִִִִִִִִִִִִִִִִ
       ³Widths (mm)              ³ Areas    ³ Densities (kg/m3)
       ³                         ³ (cm‎)    ³
Ring   ³Outer Ring Erly Late   % ³Incr Total³Ring E/Wd L/Wd Unif  Min  Max  Rng
 # Year³ Rad.      Wood Wood  LW ³          ³mean mean mean
ֱֱֱִִִִִִִִִִִִִִִִִִִִִִִִִִִִִִִִִִִִִִִִִִִִִִִִִִִִִִִִִִִִִִִִִִִִִִִִִִִִ

 2 1990  14.0 14.0 12.0  0.0   0   6.2    6.2 316  316    0    0  265  475  210
 3 1991  32.0 18.0 18.0  0.0   0  26.0   32.2 320  320    0    0  235  452  217
 4 1992  52.1 20.1 20.1  0.0   0  53.1   85.3 319  319    0    0  243  438  195
 5 1993  74.3 22.2 21.9  0.3   1  88.2  173.4 335  332  512  180  253  512  259
 6 1994  92.6 18.3 16.8  1.5   8  96.0  269.4 383  371  524  153  281  552  271
 7 1995 108.8 16.2 14.1  2.1  12 102.5  371.9 374  352  520  168  272  533  261
 8 1996 126.8 18.0 16.5  1.5   8 133.2  505.1 386  373  528  155  288  535  247
 9 1997 140.3 13.5 12.6  0.9   6 113.3  618.4 394  386  503  117  305  510  205
10 1998 152.9 12.6 12.0  0.6   4 116.1  734.5 374  367  517  150  273  528  255
11 1999 164.9 12.0 10.8  1.2  10 119.8  854.3 397  383  524  141  309  534  225
12 2000 172.4  7.5  6.9  0.6   8  79.5  933.7 383  368  559  191  293  559  266
13 2001 179.9  7.5  6.3  1.2  16  83.0 1016.7 430  403  569  166  307  603  296
14 2002 186.8  6.9  5.7  1.2  17  79.5 1096.2 406  379  534  155  316  557  241
15 2003 194.0  7.2  5.1  2.1  29  86.1 1182.4 434  393  535  142  324  567  243
16 2004 198.5  4.5  3.6  0.9  19  55.5 1237.9 413  379  551  172  325  566  241
17 2005 204.5  6.0  4.2  1.8  30  76.0 1313.8 459  412  567  155  326  616  290
18 2006 214.4  9.9  7.8  2.1  21 130.3 1444.1 444  423  524  101  334  561  227
19 2007 222.8  8.4  6.3  2.1  25 115.4 1559.5 422  383  537  154  317  565  248
20 2008 227.0  4.2  3.0  1.2  28  59.3 1618.8 434  388  551  163  341  573  232
21 2009 229.7  2.7  2.1  0.6  22  38.7 1657.6 416  381  537  156  344  556  212
22 2010 231.8  2.1  2.1  0.0   0  30.4 1688.0 395  395    0    0  340  471  131
23 2011 233.6  1.8  1.5  0.3  16  26.3 1714.3 421  400  529  129  368  529  161
24 2012 236.9  3.3  2.7  0.6  18  48.8 1763.1 412  379  563  184  324  597  273
25 2013 239.9  3.0  2.4  0.6  20  44.9 1808.0 406  371  546  175  339  567  228
26 2014 242.3  2.4  1.8  0.6  25  36.4 1844.4 430  400  520  120  348  525  177
27 2015 246.2  3.9  2.7  1.2  30  59.9 1904.3 412  359  532  173  320  552  232
28 2016 249.5  3.3  3.0  0.3   9  51.4 1955.6 394  380  530  150  325  530  205

Core Length:  247.5 mm
Core Density: 396 kg/m3
Cross-sectional Density:  400 kg/m3
Early/Latewood Threshold: 500 kg/m3
Attenuation Constant: 3.19

ִִִִִִִִִִִִִִִִִִִִִִִִִִִִִִִִִִִִִִִִִִִִִִִִִִִִִִִִִִִִִִִִִִִִִִִִִִִִִִִ
Core : 41
ֲֲֲִִִִִִִִִִִִִִִִִִִִִִִִִִִִִִִִִִִִִִִִִִִִִִִִִִִִִִִִִִִִִִִִִִִִִִִִִִִִ
       ³Widths (mm)              ³ Areas    ³ Densities (kg/m3)
       ³                         ³ (cm‎)    ³
Ring   ³Outer Ring Erly Late   % ³Incr Total³Ring E/Wd L/Wd Unif  Min  Max  Rng
 # Year³ Rad.      Wood Wood  LW ³          ³mean mean mean
ֱֱֱִִִִִִִִִִִִִִִִִִִִִִִִִִִִִִִִִִִִִִִִִִִִִִִִִִִִִִִִִִִִִִִִִִִִִִִִִִִִ

 1 1989   4.8  4.8  4.8  0.0   0   0.7    0.7 318  318    0    0  294  350   56
 2 1990  17.1 12.3 12.3  0.0   0   8.5    9.2 326  326    0    0  274  453  179
 3 1991  34.5 17.4 17.4  0.0   0  28.2   37.4 313  313    0    0  222  478  256
 4 1992  53.1 18.6 18.6  0.0   0  51.2   88.6 362  362    0    0  286  478  192
 5 1993  74.7 21.6 20.4  1.2   5  86.7  175.3 367  358  521  163  282  547  265
 6 1994  92.1 17.4 13.8  3.6  20  91.2  266.5 414  385  527  142  320  547  227
 7 1995 108.0 15.9 14.1  1.8  11 100.0  366.4 402  387  523  136  313  552  239
 8 1996 120.6 12.6 11.1  1.5  11  90.5  456.9 393  375  528  153  321  549  228
 9 1997 133.2 12.6  9.0  3.6  28 100.5  557.4 441  401  542  141  301  594  293
10 1998 143.4 10.2  7.8  2.4  23  88.6  646.0 429  396  535  139  291  574  283
11 1999 155.1 11.7  8.4  3.3  28 109.7  755.7 455  417  550  133  331  584  253
12 2000 162.3  7.2  5.7  1.5  20  71.8  827.5 448  414  575  161  321  603  282
13 2001 168.9  6.6  3.6  3.0  45  68.7  896.2 489  426  564  138  353  651  298
14 2002 174.3  5.4  3.6  1.8  33  58.2  954.4 472  415  586  171  338  639  301
15 2003 182.4  8.1  5.7  2.4  29  90.8 1045.2 471  442  541   99  334  590  256
16 2004 187.8  5.4  3.3  2.1  38  62.8 1108.0 463  394  573  179  330  614  284
17 2005 194.1  6.3  4.2  2.1  33  75.6 1183.6 467  413  577  164  356  648  292
18 2006 200.1  6.0  3.3  2.7  45  74.3 1257.9 474  403  560  157  331  601  270
19 2007 205.5  5.4  3.9  1.5  27  68.8 1326.7 446  403  559  156  325  610  285
20 2008 210.0  4.5  2.7  1.8  40  58.7 1385.4 469  386  594  208  338  658  320
21 2009 213.3  3.3  1.8  1.5  45  43.9 1429.3 459  387  544  157  348  606  258
22 2010 215.7  2.4  1.5  0.9  37  32.3 1461.7 491  432  591  159  380  678  298
23 2011 218.7  3.0  1.8  1.2  40  40.9 1502.6 486  421  583  162  349  635  286
24 2012 222.3  3.6  3.0  0.6  16  49.9 1552.5 440  418  554  136  333  598  265
25 2013 224.7  2.4  1.8  0.6  24  33.7 1586.2 428  370  600  230  339  667  328
26 2014 226.5  1.8  1.2  0.6  33  25.5 1611.7 453  416  527  111  360  530  170
27 2015 228.6  2.1  1.2  0.9  42  30.0 1641.7 458  372  573  201  337  615  278
28 2016 231.0  2.4  1.5  0.9  37  34.7 1676.4 452  390  555  165  343  625  282

Core Length:  231.0 mm
Core Density: 431 kg/m3
Cross-sectional Density:  438 kg/m3
Early/Latewood Threshold: 500 kg/m3
Attenuation Constant: 3.19

ִִִִִִִִִִִִִִִִִִִִִִִִִִִִִִִִִִִִִִִִִִִִִִִִִִִִִִִִִִִִִִִִִִִִִִִִִִִִִִִ
Core : 43
ֲֲֲִִִִִִִִִִִִִִִִִִִִִִִִִִִִִִִִִִִִִִִִִִִִִִִִִִִִִִִִִִִִִִִִִִִִִִִִִִִִ
       ³Widths (mm)              ³ Areas    ³ Densities (kg/m3)
       ³                         ³ (cm‎)    ³
Ring   ³Outer Ring Erly Late   % ³Incr Total³Ring E/Wd L/Wd Unif  Min  Max  Rng
 # Year³ Rad.      Wood Wood  LW ³          ³mean mean mean
ֱֱֱִִִִִִִִִִִִִִִִִִִִִִִִִִִִִִִִִִִִִִִִִִִִִִִִִִִִִִִִִִִִִִִִִִִִִִִִִִִִ

 3 1991  29.1 29.1 17.1  0.0   0  26.6   26.6 350  350    0    0  264  480  216
 4 1992  47.4 18.3 18.0  0.3   1  44.0   70.6 346  344  508  164  264  508  244
 5 1993  68.4 21.0 19.5  1.5   7  76.4  147.0 337  322  529  207  252  555  303
 6 1994  86.7 18.3 15.6  2.7  14  89.2  236.2 397  370  550  180  285  589  304
 7 1995 100.8 14.1 12.9  1.2   8  83.1  319.2 377  361  545  184  291  588  297
 8 1996 113.7 12.9 11.1  1.8  13  86.9  406.1 396  373  536  163  282  558  276
 9 1997 127.5 13.8 11.1  2.7  19 104.6  510.7 423  396  537  141  305  612  307
10 1998 137.7 10.2  8.4  1.8  17  85.0  595.7 419  392  544  152  291  570  279
11 1999 147.6  9.9  7.2  2.7  27  88.7  684.4 435  394  543  149  288  589  301
12 2000 153.9  6.3  4.2  2.1  33  59.7  744.1 444  381  570  189  302  629  327
13 2001 161.4  7.5  3.9  3.6  48  74.3  818.4 473  392  561  169  323  636  313
14 2002 167.7  6.3  3.3  3.0  47  65.1  883.5 484  402  573  171  337  620  283
15 2003 177.3  9.6  5.1  4.5  46 104.0  987.6 458  375  551  176  307  629  322
16 2004 183.3  6.0  3.3  2.7  45  68.0 1055.5 464  377  570  193  300  635  335
17 2005 190.2  6.9  4.2  2.7  39  81.0 1136.5 464  392  575  183  317  661  344
18 2006 196.8  6.6  3.0  3.6  54  80.2 1216.7 487  370  585  215  302  634  332
19 2007 203.1  6.3  3.9  2.4  38  79.1 1295.9 466  393  586  193  314  686  372
20 2008 208.2  5.1  3.0  2.1  41  65.9 1361.8 473  387  596  209  322  659  337
21 2009 213.3  5.1  3.0  2.1  41  67.5 1429.3 478  402  587  185  322  668  346
22 2010 216.6  3.3  2.4  0.9  27  44.6 1473.9 451  387  622  235  326  689  363
23 2011 219.3  2.7  1.5  1.2  44  37.0 1510.9 479  377  606  229  321  663  342
24 2012 223.2  3.9  2.4  1.5  38  54.2 1565.1 470  386  604  218  340  684  344
25 2013 225.6  2.4  1.8  0.6  25  33.8 1598.9 451  396  618  222  329  630  301
26 2014 228.0  2.4  1.2  1.2  49  34.2 1633.1 481  364  598  234  337  663  326
27 2015 232.2  4.2  2.4  1.8  42  60.7 1693.8 495  402  619  217  333  697  364
28 2016 235.5  3.3  2.1  1.2  36  48.5 1742.3 473  404  595  191  337  651  314

Core Length:  223.8 mm
Core Density: 441 kg/m3
Cross-sectional Density:  440 kg/m3
Early/Latewood Threshold: 500 kg/m3
Attenuation Constant: 3.19

ִִִִִִִִִִִִִִִִִִִִִִִִִִִִִִִִִִִִִִִִִִִִִִִִִִִִִִִִִִִִִִִִִִִִִִִִִִִִִִִ
Core : 55
ֲֲֲִִִִִִִִִִִִִִִִִִִִִִִִִִִִִִִִִִִִִִִִִִִִִִִִִִִִִִִִִִִִִִִִִִִִִִִִִִִִ
       ³Widths (mm)              ³ Areas    ³ Densities (kg/m3)
       ³                         ³ (cm‎)    ³
Ring   ³Outer Ring Erly Late   % ³Incr Total³Ring E/Wd L/Wd Unif  Min  Max  Rng
 # Year³ Rad.      Wood Wood  LW ³          ³mean mean mean
ֱֱֱִִִִִִִִִִִִִִִִִִִִִִִִִִִִִִִִִִִִִִִִִִִִִִִִִִִִִִִִִִִִִִִִִִִִִִִִִִִִ

 1 1989   5.1  5.1  5.1  0.0   0   0.8    0.8 330  330    0    0  245  420  175
 2 1990   9.0  3.9  3.9  0.0   0   1.7    2.5 314  314    0    0  262  402  140
 3 1991  26.4 17.4 17.4  0.0   0  19.4   21.9 304  304    0    0  226  429  203
 4 1992  45.3 18.9 18.9  0.0   0  42.6   64.5 349  349    0    0  283  453  170
 5 1993  69.3 24.0 24.0  0.0   0  86.4  150.9 347  347    0    0  250  495  245
 6 1994  83.7 14.4 11.4  3.0  20  69.2  220.1 422  391  537  146  315  565  250
 7 1995  98.1 14.4 12.3  2.1  14  82.2  302.3 423  402  548  146  342  569  227
 8 1996 112.5 14.4 12.6  1.8  12  95.3  397.6 419  401  545  144  336  608  272
 9 1997 124.5 12.0  9.3  2.7  22  89.3  487.0 438  405  553  148  362  609  247
10 1998 135.3 10.8  9.0  1.8  16  88.1  575.1 423  402  528  126  333  548  215
11 1999 145.5 10.2  9.0  1.2  11  90.0  665.1 421  409  506   97  324  516  192
12 2000 151.8  6.3  5.1  1.2  19  58.8  723.9 417  394  515  121  297  541  244
13 2001 157.5  5.7  4.8  0.9  15  55.4  779.3 412  394  509  115  312  523  211
14 2002 163.8  6.3  5.4  0.9  14  63.6  842.9 387  367  505  138  272  510  238
15 2003 171.9  8.1  6.6  1.5  18  85.4  928.3 412  388  519  131  308  530  222
16 2004 177.9  6.0  3.6  2.4  40  65.9  994.3 435  370  532  162  307  548  241
17 2005 183.3  5.4  3.6  1.8  33  61.3 1055.5 456  406  555  149  326  577  251
18 2006 188.4  5.1  2.4  2.7  52  59.6 1115.1 465  371  548  177  306  585  279
19 2007 194.7  6.3  3.3  3.0  47  75.8 1190.9 468  392  550  158  339  581  242
20 2008 198.9  4.2  2.4  1.8  42  51.9 1242.9 459  382  563  181  316  616  300
21 2009 202.2  3.3  1.8  1.5  45  41.6 1284.4 440  343  558  215  301  620  319
22 2010 204.9  2.7  1.5  1.2  44  34.5 1319.0 468  372  587  215  330  654  324
23 2011 207.6  2.7  1.2  1.5  55  35.0 1354.0 463  371  536  165  309  569  260
24 2012 210.0  2.4  1.5  0.9  37  31.5 1385.4 461  399  565  166  340  585  245
25 2013 211.8  1.8  1.2  0.6  33  23.9 1409.3 459  411  555  144  330  584  254
26 2014 213.3  1.5  0.9  0.6  40  20.0 1429.3 477  390  608  218  372  613  241
27 2015 215.1  1.8  0.9  0.9  49  24.2 1453.6 496  404  587  183  344  597  253
28 2016 216.0  0.9  0.6  0.3  33  12.2 1465.7 436  369  570  201  358  570  212

Core Length:  216.0 mm
Core Density: 421 kg/m3
Cross-sectional Density:  425 kg/m3
Early/Latewood Threshold: 500 kg/m3
Attenuation Constant: 3.19

ִִִִִִִִִִִִִִִִִִִִִִִִִִִִִִִִִִִִִִִִִִִִִִִִִִִִִִִִִִִִִִִִִִִִִִִִִִִִִִִ
Core : 75
ֲֲֲִִִִִִִִִִִִִִִִִִִִִִִִִִִִִִִִִִִִִִִִִִִִִִִִִִִִִִִִִִִִִִִִִִִִִִִִִִִִ
       ³Widths (mm)              ³ Areas    ³ Densities (kg/m3)
       ³                         ³ (cm‎)    ³
Ring   ³Outer Ring Erly Late   % ³Incr Total³Ring E/Wd L/Wd Unif  Min  Max  Rng
 # Year³ Rad.      Wood Wood  LW ³          ³mean mean mean
ֱֱֱִִִִִִִִִִִִִִִִִִִִִִִִִִִִִִִִִִִִִִִִִִִִִִִִִִִִִִִִִִִִִִִִִִִִִִִִִִִִ

 3 1991  27.3 27.3 18.3  0.0   0  23.4   23.4 299  299    0    0  203  398  195
 4 1992  51.6 24.3 24.3  0.0   0  60.2   83.6 305  305    0    0  246  390  144
 5 1993  69.6 18.0 18.0  0.0   0  68.5  152.2 314  314    0    0  242  493  251
 6 1994  87.0 17.4 15.9  1.5   8  85.6  237.8 354  339  522  183  273  537  264
 7 1995 100.8 13.8 12.9  0.9   6  81.4  319.2 352  340  518  178  271  549  278
 8 1996 114.0 13.2 12.3  0.9   6  89.1  408.3 357  346  516  170  274  528  254
 9 1997 127.2 13.2 12.0  1.2   9 100.0  508.3 389  375  525  150  289  570  281
10 1998 138.0 10.8 10.8  0.0   0  90.0  598.3 356  356    0    0  257  489  232
11 1999 149.7 11.7 11.4  0.3   2 105.7  704.0 368  364  519  155  286  519  233
12 2000 157.8  8.1  6.6  1.5  18  78.2  782.3 409  379  539  160  289  569  280
13 2001 170.4 12.6 10.5  2.1  16 129.9  912.2 412  380  571  191  294  611  317
14 2002 179.1  8.7  6.9  1.8  20  95.5 1007.7 422  396  522  126  311  541  230
15 2003 193.5 14.4 11.4  3.0  20 168.6 1176.3 433  405  538  133  339  612  273
16 2004 202.5  9.0  8.1  0.9   9 112.0 1288.2 408  395  520  125  319  540  221
17 2005 209.1  6.6  6.0  0.6   9  85.3 1373.6 386  368  565  197  309  591  282
18 2006 217.8  8.7  7.2  1.5  17 116.7 1490.3 400  370  548  178  303  576  273
19 2007 224.1  6.3  5.1  1.2  19  87.5 1577.7 395  359  548  189  302  604  302
20 2008 230.1  6.0  3.9  2.1  35  85.6 1663.3 436  373  554  181  320  604  284
21 2009 237.9  7.8  6.0  1.8  23 114.7 1778.0 418  379  548  169  322  572  250
22 2010 244.8  6.9  5.1  1.8  26 104.6 1882.7 433  384  572  188  309  647  338
23 2011 250.8  6.0  4.8  1.2  20  93.4 1976.1 417  382  557  175  316  567  251
24 2012 255.9  5.1  4.2  0.9  17  81.2 2057.3 402  370  554  184  312  568  256
25 2013 259.8  3.9  2.7  1.2  30  63.2 2120.5 418  364  538  174  331  579  248
26 2014 262.5  2.7  1.8  0.9  33  44.3 2164.8 431  379  536  157  335  545  210
27 2015 266.7  4.2  3.0  1.2  28  69.8 2234.6 422  371  547  176  307  596  289
28 2016 270.6  3.9  3.0  0.9  23  65.8 2300.4 418  377  553  176  322  574  252

Core Length:  261.6 mm
Core Density: 390 kg/m3
Cross-sectional Density:  395 kg/m3
Early/Latewood Threshold: 500 kg/m3
Attenuation Constant: 3.19

ִִִִִִִִִִִִִִִִִִִִִִִִִִִִִִִִִִִִִִִִִִִִִִִִִִִִִִִִִִִִִִִִִִִִִִִִִִִִִִִ
Core : 76
ֲֲֲִִִִִִִִִִִִִִִִִִִִִִִִִִִִִִִִִִִִִִִִִִִִִִִִִִִִִִִִִִִִִִִִִִִִִִִִִִִִ
       ³Widths (mm)              ³ Areas    ³ Densities (kg/m3)
       ³                         ³ (cm‎)    ³
Ring   ³Outer Ring Erly Late   % ³Incr Total³Ring E/Wd L/Wd Unif  Min  Max  Rng
 # Year³ Rad.      Wood Wood  LW ³          ³mean mean mean
ֱֱֱִִִִִִִִִִִִִִִִִִִִִִִִִִִִִִִִִִִִִִִִִִִִִִִִִִִִִִִִִִִִִִִִִִִִִִִִִִִִ

 3 1991  22.5 22.5 13.5  0.0   0  15.9   15.9 368  368    0    0  300  427  127
 4 1992  40.5 18.0 18.0  0.0   0  35.6   51.5 367  367    0    0  304  492  188
 5 1993  64.8 24.3 24.3  0.0   0  80.4  131.9 363  363    0    0  282  465  183
 6 1994  86.4 21.6 18.3  3.3  15 102.6  234.5 413  393  522  129  286  544  258
 7 1995 103.8 17.4 16.8  0.6   3 104.0  338.5 404  400  505  105  296  509  213
 8 1996 121.8 18.0 16.2  1.8  10 127.6  466.1 417  405  525  120  316  550  234
 9 1997 136.5 14.7 11.1  3.6  24 119.3  585.3 428  400  516  116  316  556  240
10 1998 147.3 10.8  8.4  2.4  22  96.3  681.6 433  406  525  119  307  549  242
11 1999 158.4 11.1 10.2  0.9   8 106.6  788.2 405  396  509  113  283  514  231
12 2000 163.8  5.4  4.8  0.6  11  54.7  842.9 386  368  530  162  274  533  259
13 2001 171.6  7.8  5.1  2.7  34  82.2  925.1 448  394  550  156  280  626  346
14 2002 179.7  8.1  6.0  2.1  25  89.4 1014.5 426  387  536  149  287  563  276
15 2003 188.4  8.7  5.1  3.6  41 100.6 1115.1 467  399  563  164  342  616  274
16 2004 192.9  4.5  3.3  1.2  26  53.9 1169.0 418  370  551  181  322  608  286
17 2005 196.2  3.3  2.4  0.9  27  40.3 1209.3 438  387  573  186  323  626  303
18 2006 200.4  4.2  2.1  2.1  50  52.3 1261.7 486  393  579  186  323  634  311
19 2007 204.6  4.2  2.4  1.8  42  53.4 1315.1 511  419  633  214  345  685  340
20 2008 208.2  3.6  1.8  1.8  49  46.7 1361.8 527  432  622  190  387  683  296
21 2009 212.7  4.5  2.4  2.1  46  59.5 1421.3 493  413  584  171  351  694  343
22 2010 215.4  2.7  1.5  1.2  44  36.3 1457.6 488  417  577  160  377  656  279
23 2011 218.4  3.0  1.2  1.8  60  40.9 1498.5 509  400  582  182  365  687  322
24 2012 221.7  3.3  1.8  1.5  45  45.6 1544.1 487  413  577  164  363  670  307
25 2013 223.8  2.1  1.2  0.9  42  29.4 1573.5 474  403  570  167  368  641  273
26 2014 225.3  1.5  1.2  0.3  20  21.2 1594.7 461  427  598  171  352  598  246
27 2015 227.4  2.1  1.2  0.9  42  29.9 1624.5 495  415  602  187  380  648  268
28 2016 229.5  2.1  1.2  0.9  42  30.1 1654.7 507  422  621  199  368  661  293

Core Length:  220.5 mm
Core Density: 446 kg/m3
Cross-sectional Density:  438 kg/m3
Early/Latewood Threshold: 500 kg/m3
Attenuation Constant: 3.19

ִִִִִִִִִִִִִִִִִִִִִִִִִִִִִִִִִִִִִִִִִִִִִִִִִִִִִִִִִִִִִִִִִִִִִִִִִִִִִִִ
Core : 80
ֲֲֲִִִִִִִִִִִִִִִִִִִִִִִִִִִִִִִִִִִִִִִִִִִִִִִִִִִִִִִִִִִִִִִִִִִִִִִִִִִִ
       ³Widths (mm)              ³ Areas    ³ Densities (kg/m3)
       ³                         ³ (cm‎)    ³
Ring   ³Outer Ring Erly Late   % ³Incr Total³Ring E/Wd L/Wd Unif  Min  Max  Rng
 # Year³ Rad.      Wood Wood  LW ³          ³mean mean mean
ֱֱֱִִִִִִִִִִִִִִִִִִִִִִִִִִִִִִִִִִִִִִִִִִִִִִִִִִִִִִִִִִִִִִִִִִִִִִִִִִִִ

 2 1990  23.6 23.6 15.6  0.0   0  17.5   17.5 340  340    0    0  285  417  132
 3 1991  38.6 15.0 15.0  0.0   0  29.3   46.8 345  345    0    0  293  441  148
 4 1992  62.0 23.4 23.4  0.0   0  74.0  120.8 348  348    0    0  303  442  139
 5 1993  86.3 24.3 24.3  0.0   0 113.2  234.0 353  353    0    0  258  467  209
 6 1994 110.3 24.0 21.9  2.1   8 148.2  382.2 381  367  522  155  287  554  267
 7 1995 133.4 23.1 23.1  0.0   0 176.9  559.1 361  361    0    0  290  496  206
 8 1996 150.5 17.1 15.3  1.8  10 152.5  711.6 397  383  521  138  302  545  243
 9 1997 166.1 15.6 13.5  2.1  13 155.2  866.7 411  396  510  114  310  524  214
10 1998 178.7 12.6 11.7  0.9   7 136.5 1003.2 383  373  512  139  280  526  246
11 1999 191.3 12.6  9.9  2.7  21 146.5 1149.7 420  387  540  153  291  572  281
12 2000 200.3  9.0  7.8  1.2  13 110.7 1260.4 405  381  563  182  288  611  323
13 2001 206.3  6.0  4.5  1.5  25  76.6 1337.1 409  362  550  188  286  613  327
14 2002 209.9  3.6  3.3  0.3   8  47.1 1384.1 391  374  580  206  293  580  287
15 2003 211.1  1.2  0.6  0.6  50  15.9 1400.0 454  370  539  169  355  544  189
16 2004 212.3  1.2  0.9  0.3  25  16.0 1416.0 462  406  630  224  372  630  258
17 2005 214.7  2.4  1.8  0.6  24  32.2 1448.2 394  342  549  207  301  578  277
18 2006 216.8  2.1  1.5  0.6  28  28.5 1476.6 444  375  617  242  305  635  330
19 2007 219.2  2.4  1.8  0.6  24  32.9 1509.5 410  347  600  253  295  615  320
20 2008 222.2  3.0  2.1  0.9  30  41.6 1551.1 438  371  595  224  307  660  353
21 2009 226.7  4.5  2.7  1.8  40  63.5 1614.6 470  385  598  213  325  662  337
22 2010 230.9  4.2  2.7  1.5  35  60.4 1674.9 446  370  582  212  317  690  373
23 2011 234.8  3.9  2.4  1.5  38  57.1 1732.0 459  384  578  194  322  632  310
24 2012 237.8  3.0  2.1  0.9  30  44.5 1776.5 439  377  586  209  314  644  330
25 2013 239.6  1.8  1.5  0.3  16  27.0 1803.5 426  389  608  219  323  608  285
26 2014 241.7  2.1  1.2  0.9  42  31.8 1835.3 454  374  562  188  329  584  255
27 2015 245.6  3.9  2.1  1.8  46  59.7 1895.0 484  389  594  205  323  648  325
28 2016 250.1  4.5  3.3  1.2  26  70.1 1965.1 455  402  601  199  311  622  311

Core Length:  242.7 mm
Core Density: 414 kg/m3
Cross-sectional Density:  404 kg/m3
Early/Latewood Threshold: 500 kg/m3
Attenuation Constant: 3.19

ִִִִִִִִִִִִִִִִִִִִִִִִִִִִִִִִִִִִִִִִִִִִִִִִִִִִִִִִִִִִִִִִִִִִִִִִִִִִִִִ
Core : 83
ֲֲֲִִִִִִִִִִִִִִִִִִִִִִִִִִִִִִִִִִִִִִִִִִִִִִִִִִִִִִִִִִִִִִִִִִִִִִִִִִִִ
       ³Widths (mm)              ³ Areas    ³ Densities (kg/m3)
       ³                         ³ (cm‎)    ³
Ring   ³Outer Ring Erly Late   % ³Incr Total³Ring E/Wd L/Wd Unif  Min  Max  Rng
 # Year³ Rad.      Wood Wood  LW ³          ³mean mean mean
ֱֱֱִִִִִִִִִִִִִִִִִִִִִִִִִִִִִִִִִִִִִִִִִִִִִִִִִִִִִִִִִִִִִִִִִִִִִִִִִִִִ

 3 1991  26.2 26.2 15.9  0.3   1  21.6   21.6 346  343  504  161  270  504  234
 4 1992  47.8 21.6 21.6  0.0   0  50.2   71.8 353  353    0    0  284  464  180
 5 1993  71.8 24.0 23.4  0.6   2  90.2  162.0 342  337  509  172  257  511  254
 6 1994  93.1 21.3 18.3  3.0  14 110.3  272.3 400  379  523  144  312  539  227
 7 1995 110.8 17.7 17.7  0.0   0 113.4  385.7 382  382    0    0  320  497  177
 8 1996 125.5 14.7 13.2  1.5  10 109.1  494.8 398  385  510  125  303  525  222
 9 1997 142.9 17.4 15.0  2.4  13 146.7  641.5 420  406  510  104  325  526  201
10 1998 155.2 12.3 11.1  1.2   9 115.2  756.7 383  367  527  160  306  538  232
11 1999 166.3 11.1  9.9  1.2  10 112.1  868.8 392  376  522  146  297  531  234
12 2000 172.9  6.6  6.0  0.6   9  70.3  939.2 356  341  509  168  277  512  235
13 2001 178.9  6.0  5.4  0.6  10  66.3 1005.5 398  382  544  162  292  558  266
14 2002 183.4  4.5  4.2  0.3   6  51.2 1056.7 355  343  518  175  291  518  227
15 2003 190.3  6.9  5.7  1.2  17  81.0 1137.7 416  391  533  142  304  564  260
16 2004 194.8  4.5  3.3  1.2  26  54.4 1192.1 407  356  549  193  291  596  305
17 2005 200.8  6.0  5.1  0.9  15  74.6 1266.7 394  362  579  217  288  615  327
18 2006 206.8  6.0  3.9  2.1  35  76.8 1343.5 417  344  552  208  275  599  324
19 2007 212.5  5.7  4.8  0.9  15  75.1 1418.6 406  374  577  203  274  594  320
20 2008 219.7  7.2  5.1  2.1  29  97.8 1516.4 428  370  568  198  311  596  285
21 2009 225.4  5.7  4.5  1.2  21  79.7 1596.1 405  368  544  176  293  578  285
22 2010 229.0  3.6  3.0  0.6  16  51.4 1647.5 393  366  532  166  289  543  254
23 2011 232.9  3.9  2.7  1.2  30  56.6 1704.1 423  372  538  166  310  568  258
24 2012 237.4  4.5  3.9  0.6  13  66.5 1770.6 391  372  516  144  301  521  220
25 2013 240.4  3.0  2.7  0.3  10  45.0 1815.6 382  367  512  145  279  512  233
26 2014 243.4  3.0  2.1  0.9  30  45.6 1861.2 422  370  542  172  307  573  266
27 2015 246.4  3.0  2.4  0.6  20  46.2 1907.4 397  356  561  205  270  616  346
28 2016 250.3  3.9  3.3  0.6  15  60.9 1968.2 408  384  537  153  315  542  227

Core Length:  240.6 mm
Core Density: 392 kg/m3
Cross-sectional Density:  395 kg/m3
Early/Latewood Threshold: 500 kg/m3
Attenuation Constant: 3.19

