File : C:\DENSITOM\WOODHI~1\WHILL2.DAT
Cores :
3
8
22
34
43
46
53
72
76
89
83
95

ִִִִִִִִִִִִִִִִִִִִִִִִִִִִִִִִִִִִִִִִִִִִִִִִִִִִִִִִִִִִִִִִִִִִִִִִִִִִִִִ
Core : 3
ֲֲֲִִִִִִִִִִִִִִִִִִִִִִִִִִִִִִִִִִִִִִִִִִִִִִִִִִִִִִִִִִִִִִִִִִִִִִִִִִִִ
       ³Widths (mm)              ³ Areas    ³ Densities (kg/m3)
       ³                         ³ (cm‎)    ³
Ring   ³Outer Ring Erly Late   % ³Incr Total³Ring E/Wd L/Wd Unif  Min  Max  Rng
 # Year³ Rad.      Wood Wood  LW ³          ³mean mean mean
ֱֱֱִִִִִִִִִִִִִִִִִִִִִִִִִִִִִִִִִִִִִִִִִִִִִִִִִִִִִִִִִִִִִִִִִִִִִִִִִִִִ

 4 1992  20.7 20.7 20.7  0.0   0  13.5   13.5 346  346    0    0  295  455  160
 5 1993  46.2 25.5 25.5  0.0   0  53.6   67.1 334  334    0    0  264  449  185
 6 1994  61.8 15.6 15.6  0.0   0  52.9  120.0 403  403    0    0  312  485  173
 7 1995  78.6 16.8 15.9  0.9   5  74.1  194.1 376  369  509  140  297  515  218
 8 1996  95.1 16.5 16.5  0.0   0  90.0  284.1 370  370    0    0  308  489  181
 9 1997 108.6 13.5 12.9  0.6   4  86.4  370.5 401  395  523  128  323  539  216
10 1998 120.9 12.3 12.3  0.0   0  88.7  459.2 365  365    0    0  286  492  206
11 1999 129.3  8.4  8.4  0.0   0  66.0  525.2 385  385    0    0  301  492  191
12 2000 134.1  4.8  4.2  0.6  12  39.7  564.9 381  359  533  174  280  538  258
13 2001 141.6  7.5  7.2  0.3   4  65.0  629.9 393  387  543  156  295  543  248
14 2002 147.3  5.7  5.1  0.6  10  51.7  681.6 390  372  546  174  307  561  254
15 2003 152.7  5.4  4.8  0.6  11  50.9  732.5 400  382  544  162  313  556  243
16 2004 157.2  4.5  3.3  1.2  26  43.8  776.3 402  361  516  155  293  527  234
17 2005 160.5  3.3  2.7  0.6  18  32.9  809.3 399  364  558  194  310  580  270
18 2006 164.4  3.9  3.0  0.9  23  39.8  849.1 427  388  559  171  308  584  276
19 2007 167.4  3.0  2.1  0.9  30  31.3  880.4 425  384  523  139  317  544  227
20 2008 170.1  2.7  1.8  0.9  33  28.6  909.0 445  390  555  165  342  572  230
21 2009 174.0  3.9  3.0  0.9  23  42.2  951.1 458  424  571  147  341  584  243
22 2010 177.9  3.9  3.3  0.6  15  43.1  994.3 408  384  539  155  313  545  232
23 2011 180.9  3.0  2.1  0.9  30  33.8 1028.1 448  408  540  132  327  564  237
24 2012 183.9  3.0  2.4  0.6  20  34.4 1062.5 407  374  540  166  346  556  210
25 2013 187.2  3.3  2.1  1.2  36  38.5 1100.9 443  375  562  187  355  610  255
26 2014 190.8  3.6  2.4  1.2  33  42.8 1143.7 441  395  533  138  328  549  221
27 2015 198.0  7.2  6.9  0.3   4  87.9 1231.6 406  400  557  157  305  557  252
28 2016 203.4  5.4  5.1  0.3   5  68.1 1299.7 361  351  530  179  292  530  238

Core Length:  203.4 mm
Core Density: 400 kg/m3
Cross-sectional Density:  396 kg/m3
Early/Latewood Threshold: 500 kg/m3
Attenuation Constant: 3.19

ִִִִִִִִִִִִִִִִִִִִִִִִִִִִִִִִִִִִִִִִִִִִִִִִִִִִִִִִִִִִִִִִִִִִִִִִִִִִִִִ
Core : 8
ֲֲֲִִִִִִִִִִִִִִִִִִִִִִִִִִִִִִִִִִִִִִִִִִִִִִִִִִִִִִִִִִִִִִִִִִִִִִִִִִִִ
       ³Widths (mm)              ³ Areas    ³ Densities (kg/m3)
       ³                         ³ (cm‎)    ³
Ring   ³Outer Ring Erly Late   % ³Incr Total³Ring E/Wd L/Wd Unif  Min  Max  Rng
 # Year³ Rad.      Wood Wood  LW ³          ³mean mean mean
ֱֱֱִִִִִִִִִִִִִִִִִִִִִִִִִִִִִִִִִִִִִִִִִִִִִִִִִִִִִִִִִִִִִִִִִִִִִִִִִִִִ

 2 1990  10.1 10.1  8.1  0.0   0   3.2    3.2 321  321    0    0  273  401  128
 3 1991  26.0 15.9 15.9  0.0   0  18.0   21.2 337  337    0    0  234  472  238
 4 1992  44.3 18.3 17.1  1.2   6  40.4   61.7 353  342  520  178  266  531  265
 5 1993  66.2 21.9 20.7  1.2   5  76.0  137.7 352  342  524  182  273  530  257
 6 1994  84.5 18.3 15.0  3.3  18  86.6  224.3 414  387  532  145  294  556  262
 7 1995 102.8 18.3 15.9  2.4  13 107.7  332.0 396  376  532  156  280  580  300
 8 1996 120.8 18.0 16.2  1.8  10 126.4  458.4 387  372  522  150  276  537  261
 9 1997 141.8 21.0 17.4  3.6  17 173.2  631.7 403  374  544  170  291  587  296
10 1998 158.3 16.5 14.4  2.1  12 155.6  787.2 392  374  512  138  279  522  243
11 1999 175.7 17.4 15.3  2.1  12 182.6  969.8 401  386  511  125  330  528  198
12 2000 186.5 10.8  9.0  1.8  16 122.9 1092.7 397  373  521  148  302  539  237
13 2001 199.4 12.9  9.9  3.0  23 156.4 1249.1 424  391  530  139  289  555  266
14 2002 212.0 12.6  9.9  2.7  21 162.8 1412.0 406  366  554  188  279  579  300
15 2003 225.5 13.5  9.9  3.6  26 185.6 1597.5 428  385  547  162  325  587  262
16 2004 234.8  9.3  6.9  2.4  25 134.5 1732.0 431  384  566  182  312  589  277
17 2005 244.7  9.9  7.2  2.7  27 149.1 1881.1 418  361  570  209  289  622  333
18 2006 253.7  9.0  5.4  3.6  40 140.9 2022.0 457  403  540  137  312  584  272
19 2007 262.1  8.4  6.3  2.1  25 136.1 2158.2 420  375  556  181  300  568  268
20 2008 269.9  7.8  4.5  3.3  42 130.4 2288.5 437  360  542  182  303  634  331
21 2009 277.1  7.2  4.5  2.7  37 123.7 2412.3 445  384  547  163  315  583  268
22 2010 282.8  5.7  3.6  2.1  36 100.3 2512.5 434  377  531  154  308  593  285
23 2011 287.9  5.1  2.7  2.4  47  91.4 2604.0 474  405  551  146  307  581  274
24 2012 293.9  6.0  3.9  2.1  35 109.7 2713.6 457  395  574  179  323  628  305
25 2013 298.4  4.5  3.0  1.5  33  83.7 2797.4 453  398  563  165  335  605  270
26 2014 302.6  4.2  2.1  2.1  50  79.3 2876.7 489  401  578  177  335  610  275
27 2015 309.8  7.2  3.6  3.6  49 138.5 3015.2 498  425  571  146  360  602  242
28 2016 315.2  5.4  3.6  1.8  33 106.0 3121.2 478  426  581  155  382  621  239

Core Length:  313.8 mm
Core Density: 418 kg/m3
Cross-sectional Density:  425 kg/m3
Early/Latewood Threshold: 500 kg/m3
Attenuation Constant: 3.19

ִִִִִִִִִִִִִִִִִִִִִִִִִִִִִִִִִִִִִִִִִִִִִִִִִִִִִִִִִִִִִִִִִִִִִִִִִִִִִִִ
Core : 22
ֲֲֲִִִִִִִִִִִִִִִִִִִִִִִִִִִִִִִִִִִִִִִִִִִִִִִִִִִִִִִִִִִִִִִִִִִִִִִִִִִִ
       ³Widths (mm)              ³ Areas    ³ Densities (kg/m3)
       ³                         ³ (cm‎)    ³
Ring   ³Outer Ring Erly Late   % ³Incr Total³Ring E/Wd L/Wd Unif  Min  Max  Rng
 # Year³ Rad.      Wood Wood  LW ³          ³mean mean mean
ֱֱֱִִִִִִִִִִִִִִִִִִִִִִִִִִִִִִִִִִִִִִִִִִִִִִִִִִִִִִִִִִִִִִִִִִִִִִִִִִִִ

 1 1989   3.3  3.3  3.3  0.0   0   0.3    0.3 379  379    0    0  302  434  132
 2 1990  11.4  8.1  8.1  0.0   0   3.7    4.1 373  373    0    0  328  465  137
 3 1991  32.4 21.0 21.0  0.0   0  28.9   33.0 350  350    0    0  300  469  169
 4 1992  55.2 22.8 22.8  0.0   0  62.7   95.7 354  354    0    0  296  458  162
 5 1993  82.8 27.6 27.6  0.0   0 119.7  215.4 367  367    0    0  306  496  190
 6 1994  97.5 14.7 11.7  3.0  20  83.3  298.6 420  386  553  167  312  609  297
 7 1995 115.2 17.7 16.2  1.5   8 118.3  416.9 406  394  539  145  308  576  268
 8 1996 131.1 15.9 14.4  1.5   9 123.0  540.0 396  382  530  148  295  570  275
 9 1997 149.1 18.0 15.3  2.7  15 158.4  698.4 419  400  531  131  303  595  292
10 1998 163.2 14.1 10.8  3.3  23 138.3  836.7 418  388  513  125  308  533  225
11 1999 178.2 15.0 13.2  1.8  12 160.9  997.6 416  402  524  122  317  584  267
12 2000 185.1  6.9  6.3  0.6   8  78.8 1076.4 402  388  547  159  303  547  244
13 2001 193.2  8.1  7.5  0.6   7  96.3 1172.6 418  407  552  145  334  564  230
14 2002 199.5  6.3  4.8  1.5  23  77.7 1250.4 422  386  535  149  334  546  212
15 2003 211.8 12.3  9.0  3.3  26 158.9 1409.3 438  407  523  116  344  554  210
16 2004 219.0  7.2  5.4  1.8  24  97.4 1506.7 434  402  532  130  333  557  224
17 2005 224.1  5.1  3.9  1.2  23  71.0 1577.7 426  387  553  166  333  595  262
18 2006 230.7  6.6  4.2  2.4  36  94.3 1672.0 465  422  540  118  347  605  258
19 2007 236.1  5.4  3.6  1.8  33  79.2 1751.2 452  401  553  152  356  606  250
20 2008 240.6  4.5  2.7  1.8  40  67.4 1818.6 479  424  563  139  374  626  252
21 2009 246.0  5.4  3.0  2.4  44  82.5 1901.2 476  411  558  147  347  630  283
22 2010 249.3  3.3  2.7  0.6  18  51.3 1952.5 425  399  540  141  343  561  218
23 2011 251.4  2.1  1.5  0.6  28  33.0 1985.5 467  433  552  119  361  554  193
24 2012 253.8  2.4  2.4  0.0   0  38.1 2023.6 402  402    0    0  343  490  147
25 2013 255.9  2.1  1.5  0.6  28  33.6 2057.3 463  420  570  150  383  571  188
26 2014 259.2  3.3  1.8  1.5  45  53.4 2110.7 480  429  541  112  366  617  251
27 2015 263.7  4.5  3.0  1.5  33  73.9 2184.6 465  416  561  145  356  610  254
28 2016 267.3  3.6  2.7  0.9  24  60.1 2244.6 443  416  525  109  378  559  181

Core Length:  267.6 mm
Core Density: 423 kg/m3
Cross-sectional Density:  424 kg/m3
Early/Latewood Threshold: 500 kg/m3
Attenuation Constant: 3.19

ִִִִִִִִִִִִִִִִִִִִִִִִִִִִִִִִִִִִִִִִִִִִִִִִִִִִִִִִִִִִִִִִִִִִִִִִִִִִִִִ
Core : 34
ֲֲֲִִִִִִִִִִִִִִִִִִִִִִִִִִִִִִִִִִִִִִִִִִִִִִִִִִִִִִִִִִִִִִִִִִִִִִִִִִִִ
       ³Widths (mm)              ³ Areas    ³ Densities (kg/m3)
       ³                         ³ (cm‎)    ³
Ring   ³Outer Ring Erly Late   % ³Incr Total³Ring E/Wd L/Wd Unif  Min  Max  Rng
 # Year³ Rad.      Wood Wood  LW ³          ³mean mean mean
ֱֱֱִִִִִִִִִִִִִִִִִִִִִִִִִִִִִִִִִִִִִִִִִִִִִִִִִִִִִִִִִִִִִִִִִִִִִִִִִִִִ

 1 1990  15.6 15.6 15.0  0.6   3   7.6    7.6 352  345  519  174  276  521  245
 2 1991  33.9 18.3 18.3  0.0   0  28.5   36.1 342  342    0    0  267  479  212
 3 1992  53.4 19.5 18.9  0.6   3  53.5   89.6 359  354  507  153  267  515  248
 4 1993  75.0 21.6 18.0  3.6  16  87.1  176.7 376  344  539  195  258  584  326
 5 1994  90.6 15.6 11.4  4.2  26  81.2  257.9 441  400  550  150  335  609  274
 6 1995 104.4 13.8 11.7  2.1  15  84.5  342.4 404  378  550  172  311  596  285
 7 1996 117.0 12.6 10.5  2.1  16  87.6  430.1 428  404  548  144  326  574  248
 8 1997 128.4 11.4  6.6  4.8  42  87.9  517.9 477  407  575  168  321  611  290
 9 1998 137.4  9.0  6.9  2.1  23  75.2  593.1 442  405  567  162  316  618  302
10 1999 147.6 10.2  5.1  5.1  50  91.3  684.4 491  425  557  132  347  616  269
11 2000 153.3  5.7  3.0  2.7  47  53.9  738.3 455  355  566  211  289  648  359
12 2001 159.9  6.6  2.4  4.2  63  64.9  803.2 523  401  593  192  344  675  331
13 2002 167.4  7.5  2.7  4.8  64  77.1  880.4 517  399  583  184  336  654  318
14 2003 176.4  9.0  2.7  6.3  70  97.2  977.6 511  388  564  176  354  629  275
15 2004 183.0  6.6  1.8  4.8  72  74.5 1052.1 510  368  564  196  335  628  293
16 2005 188.4  5.4  1.8  3.6  66  63.0 1115.1 532  393  602  209  346  666  320
17 2006 193.5  5.1  1.5  3.6  70  61.2 1176.3 518  372  579  207  339  658  319
18 2007 197.7  4.2  1.5  2.7  64  51.6 1227.9 510  390  577  187  354  668  314
19 2008 201.0  3.3  1.2  2.1  63  41.3 1269.2 558  417  638  221  374  687  313
20 2009 205.5  4.5  1.2  3.3  73  57.5 1326.7 544  403  596  193  382  657  275
21 2010 207.9  2.4  0.9  1.5  62  31.2 1357.9 543  429  612  183  386  691  305
22 2011 210.0  2.1  0.9  1.2  57  27.6 1385.4 534  434  609  175  405  634  229
23 2012 212.7  2.7  1.2  1.5  55  35.9 1421.3 519  422  596  174  400  667  267
24 2013 214.8  2.1  0.9  1.2  57  28.2 1449.5 554  451  632  181  425  727  302
25 2014 216.6  1.8  0.3  1.5  83  24.4 1473.9 612  455  644  189  455  709  254
26 2015 219.0  2.4  0.6  1.8  74  32.8 1506.7 578  427  629  202  427  655  228
27 2016 221.1  2.1  0.9  1.2  57  29.0 1535.8 557  451  636  185  412  699  287

Core Length:  221.4 mm
Core Density: 488 kg/m3
Cross-sectional Density:  481 kg/m3
Early/Latewood Threshold: 500 kg/m3
Attenuation Constant: 3.19

ִִִִִִִִִִִִִִִִִִִִִִִִִִִִִִִִִִִִִִִִִִִִִִִִִִִִִִִִִִִִִִִִִִִִִִִִִִִִִִִ
Core : 43
ֲֲֲִִִִִִִִִִִִִִִִִִִִִִִִִִִִִִִִִִִִִִִִִִִִִִִִִִִִִִִִִִִִִִִִִִִִִִִִִִִִ
       ³Widths (mm)              ³ Areas    ³ Densities (kg/m3)
       ³                         ³ (cm‎)    ³
Ring   ³Outer Ring Erly Late   % ³Incr Total³Ring E/Wd L/Wd Unif  Min  Max  Rng
 # Year³ Rad.      Wood Wood  LW ³          ³mean mean mean
ֱֱֱִִִִִִִִִִִִִִִִִִִִִִִִִִִִִִִִִִִִִִִִִִִִִִִִִִִִִִִִִִִִִִִִִִִִִִִִִִִִ

 1 1990   4.8  4.8  4.8  0.0   0   0.7    0.7 400  400    0    0  318  466  148
 2 1991  23.1 18.3 17.7  0.6   3  16.0   16.8 378  374  513  139  314  519  205
 3 1992  42.6 19.5 18.9  0.6   3  40.2   57.0 390  386  506  120  314  512  198
 4 1993  66.3 23.7 21.3  2.4  10  81.1  138.1 371  352  540  188  287  596  309
 5 1994  80.7 14.4 11.4  3.0  20  66.5  204.6 437  403  567  164  316  616  300
 6 1995  91.8 11.1  9.9  1.2  10  60.2  264.7 407  391  543  152  332  597  265
 7 1996 104.7 12.9 10.8  2.1  16  79.6  344.4 424  394  578  184  316  617  301
 8 1997 120.9 16.2 12.0  4.2  25 114.8  459.2 446  414  539  125  337  637  300
 9 1998 131.7 10.8  8.7  2.1  19  85.7  544.9 418  389  535  146  317  607  290
10 1999 141.3  9.6  6.3  3.3  34  82.3  627.2 484  439  570  131  367  629  262
11 2000 147.0  5.7  3.9  1.8  31  51.6  678.9 453  393  583  190  341  670  329
12 2001 152.4  5.4  3.3  2.1  38  50.8  729.7 477  404  592  188  335  654  319
13 2002 159.0  6.6  4.2  2.4  36  64.6  794.2 477  417  581  164  327  655  328
14 2003 168.3  9.3  6.3  3.0  32  95.6  889.9 484  434  588  154  338  678  340
15 2004 174.3  6.0  3.3  2.7  45  64.6  954.4 509  420  618  198  350  684  334
16 2005 180.0  5.7  3.0  2.7  47  63.4 1017.9 521  429  624  195  373  716  343
17 2006 184.8  4.8  2.4  2.4  49  55.0 1072.9 516  415  616  201  375  691  316
18 2007 188.4  3.6  1.8  1.8  49  42.2 1115.1 518  426  610  184  390  722  332
19 2008 192.0  3.6  2.4  1.2  33  43.0 1158.1 524  441  688  247  374  731  357
20 2009 196.2  4.2  2.1  2.1  49  51.2 1209.3 528  430  626  196  393  694  301
21 2010 200.1  3.9  2.1  1.8  46  48.6 1257.9 515  425  619  194  385  700  315
22 2011 204.3  4.2  1.5  2.7  64  53.4 1311.3 551  438  614  176  413  695  282
23 2012 208.8  4.5  2.7  1.8  40  58.4 1369.7 507  444  602  158  401  668  267
24 2013 212.7  3.9  2.7  1.2  30  51.6 1421.3 478  423  602  179  378  689  311
25 2014 215.7  3.0  1.5  1.5  50  40.4 1461.7 506  405  607  202  340  696  356
26 2015 219.6  3.9  2.1  1.8  46  53.3 1515.0 503  413  608  195  345  676  331
27 2016 223.2  3.6  2.1  1.5  41  50.1 1565.1 486  418  580  162  366  663  297

Core Length:  223.5 mm
Core Density: 470 kg/m3
Cross-sectional Density:  470 kg/m3
Early/Latewood Threshold: 500 kg/m3
Attenuation Constant: 3.19

ִִִִִִִִִִִִִִִִִִִִִִִִִִִִִִִִִִִִִִִִִִִִִִִִִִִִִִִִִִִִִִִִִִִִִִִִִִִִִִִ
Core : 46
ֲֲֲִִִִִִִִִִִִִִִִִִִִִִִִִִִִִִִִִִִִִִִִִִִִִִִִִִִִִִִִִִִִִִִִִִִִִִִִִִִִ
       ³Widths (mm)              ³ Areas    ³ Densities (kg/m3)
       ³                         ³ (cm‎)    ³
Ring   ³Outer Ring Erly Late   % ³Incr Total³Ring E/Wd L/Wd Unif  Min  Max  Rng
 # Year³ Rad.      Wood Wood  LW ³          ³mean mean mean
ֱֱֱִִִִִִִִִִִִִִִִִִִִִִִִִִִִִִִִִִִִִִִִִִִִִִִִִִִִִִִִִִִִִִִִִִִִִִִִִִִִ

 2 1990  10.0 10.0  9.0  0.0   0   3.1    3.1 343  343    0    0  290  456  166
 3 1991  28.0 18.0 18.0  0.0   0  21.5   24.6 355  355    0    0  266  496  230
 4 1992  46.3 18.3 17.1  1.2   6  42.7   67.3 378  368  520  152  310  524  214
 5 1993  66.4 20.1 16.8  3.3  16  71.2  138.5 394  366  537  171  313  575  262
 6 1994  81.4 15.0 10.5  4.5  30  69.6  208.2 444  408  528  120  341  563  222
 7 1995  96.1 14.7 12.3  2.4  16  82.0  290.1 414  389  543  154  310  586  276
 8 1996 112.6 16.5 14.1  2.4  14 108.2  398.3 440  426  520   94  354  533  179
 9 1997 131.8 19.2 11.7  7.5  39 147.4  545.7 468  429  529  100  356  575  219
10 1998 144.7 12.9 10.2  2.7  20 112.1  657.8 439  417  523  106  357  539  182
11 1999 158.2 13.5  9.9  3.6  26 128.5  786.3 466  439  541  102  366  587  221
12 2000 164.8  6.6  4.2  2.4  36  67.0  853.2 469  415  563  148  337  592  255
13 2001 173.2  8.4  3.9  4.5  53  89.2  942.4 513  451  566  115  396  647  251
14 2002 179.5  6.3  2.4  3.9  61  69.8 1012.2 506  411  565  154  368  637  269
15 2003 186.4  6.9  3.0  3.9  56  79.3 1091.5 535  441  607  166  397  675  278
16 2004 190.6  4.2  1.8  2.4  57  49.7 1141.3 531  417  616  199  397  667  270
17 2005 195.4  4.8  2.4  2.4  49  58.2 1199.5 537  451  623  172  417  693  276
18 2006 199.0  3.6  1.5  2.1  58  44.6 1244.1 559  469  624  155  448  685  237
19 2007 202.3  3.3  1.5  1.8  54  41.6 1285.7 539  453  610  157  426  700  274
20 2008 205.0  2.7  1.2  1.5  55  34.5 1320.3 562  467  639  172  454  710  256
21 2009 207.7  2.7  1.2  1.5  55  35.0 1355.3 565  454  654  200  441  725  284
22 2010 210.4  2.7  1.2  1.5  55  35.5 1390.7 532  444  602  158  422  687  265
23 2011 211.9  1.5  0.6  0.9  60  19.9 1410.6 557  481  607  126  473  663  190
24 2012 214.0  2.1  1.2  0.9  42  28.1 1438.7 497  423  595  172  395  654  259
25 2013 215.8  1.8  0.9  0.9  50  24.3 1463.0 537  459  615  156  430  664  234
26 2014 217.6  1.8  0.6  1.2  66  24.5 1487.5 549  453  597  144  435  641  206
27 2015 219.4  1.8  0.9  0.9  49  24.7 1512.2 551  468  635  167  430  670  240
28 2016 220.6  1.2  0.3  0.9  75  16.6 1528.8 547  493  565   72  493  594  101

Core Length:  219.6 mm
Core Density: 489 kg/m3
Cross-sectional Density:  481 kg/m3
Early/Latewood Threshold: 500 kg/m3
Attenuation Constant: 3.19

ִִִִִִִִִִִִִִִִִִִִִִִִִִִִִִִִִִִִִִִִִִִִִִִִִִִִִִִִִִִִִִִִִִִִִִִִִִִִִִִ
Core : 53
ֲֲֲִִִִִִִִִִִִִִִִִִִִִִִִִִִִִִִִִִִִִִִִִִִִִִִִִִִִִִִִִִִִִִִִִִִִִִִִִִִִ
       ³Widths (mm)              ³ Areas    ³ Densities (kg/m3)
       ³                         ³ (cm‎)    ³
Ring   ³Outer Ring Erly Late   % ³Incr Total³Ring E/Wd L/Wd Unif  Min  Max  Rng
 # Year³ Rad.      Wood Wood  LW ³          ³mean mean mean
ֱֱֱִִִִִִִִִִִִִִִִִִִִִִִִִִִִִִִִִִִִִִִִִִִִִִִִִִִִִִִִִִִִִִִִִִִִִִִִִִִִ

 2 1990  22.4 22.4 14.4  0.0   0  15.8   15.8 306  306    0    0  265  422  157
 3 1991  42.5 20.1 20.1  0.0   0  41.0   56.7 323  323    0    0  228  481  253
 4 1992  62.9 20.4 20.1  0.3   1  67.5  124.3 332  330  515  185  239  515  276
 5 1993  84.5 21.6 19.2  2.4  11 100.0  224.3 341  317  538  221  239  555  316
 6 1994 102.8 18.3 15.3  3.0  16 107.7  332.0 391  365  526  161  264  560  296
 7 1995 120.5 17.7 16.2  1.5   8 124.2  456.2 370  355  534  179  256  562  306
 8 1996 135.5 15.0 13.8  1.2   8 120.6  576.8 387  375  533  158  265  549  284
 9 1997 155.9 20.4 18.6  1.8   8 186.8  763.6 399  386  534  148  274  608  334
10 1998 169.4 13.5 11.4  2.1  15 138.0  901.5 405  385  515  130  278  539  261
11 1999 180.8 11.4 10.8  0.6   5 125.4 1026.9 377  370  508  138  288  512  224
12 2000 190.7  9.9  9.0  0.9   9 115.5 1142.5 375  362  508  146  271  515  244
13 2001 201.8 11.1  9.9  1.2  10 136.9 1279.4 401  384  540  156  284  572  288
14 2002 210.8  9.0  8.4  0.6   6 116.7 1396.0 383  374  520  146  284  531  247
15 2003 220.4  9.6  8.4  1.2  12 130.0 1526.1 404  386  532  146  294  559  265
16 2004 227.3  6.9  5.4  1.5  21  97.0 1623.1 405  375  515  140  277  527  250
17 2005 231.8  4.5  3.9  0.6  13  64.9 1688.0 377  349  558  209  286  607  321
18 2006 238.1  6.3  4.8  1.5  23  93.0 1781.0 414  381  519  138  269  538  269
19 2007 242.6  4.5  3.6  0.9  20  68.0 1849.0 406  365  567  202  281  582  301
20 2008 245.6  3.0  2.7  0.3  10  46.0 1895.0 385  361  606  245  291  606  315
21 2009 248.9  3.3  2.7  0.6  18  51.3 1946.3 415  380  570  190  279  587  308
22 2010 251.9  3.0  2.7  0.3  10  47.2 1993.5 389  366  601  235  275  601  326
23 2011 255.2  3.3  2.7  0.6  18  52.6 2046.0 400  370  533  163  291  540  249
24 2012 258.2  3.0  2.7  0.3  10  48.4 2094.4 387  372  518  146  281  518  237
25 2013 260.3  2.1  1.8  0.3  14  34.2 2128.6 395  365  575  210  286  575  289
26 2014 263.6  3.3  2.4  0.9  27  54.3 2182.9 443  390  585  195  278  626  348
27 2015 269.0  5.4  4.2  1.2  22  90.4 2273.3 433  404  535  131  312  567  255
28 2016 273.8  4.8  4.8  0.0   0  81.9 2355.1 380  380    0    0  298  492  194

Core Length:  266.1 mm
Core Density: 386 kg/m3
Cross-sectional Density:  389 kg/m3
Early/Latewood Threshold: 500 kg/m3
Attenuation Constant: 3.19

ִִִִִִִִִִִִִִִִִִִִִִִִִִִִִִִִִִִִִִִִִִִִִִִִִִִִִִִִִִִִִִִִִִִִִִִִִִִִִִִ
Core : 72
ֲֲֲִִִִִִִִִִִִִִִִִִִִִִִִִִִִִִִִִִִִִִִִִִִִִִִִִִִִִִִִִִִִִִִִִִִִִִִִִִִִ
       ³Widths (mm)              ³ Areas    ³ Densities (kg/m3)
       ³                         ³ (cm‎)    ³
Ring   ³Outer Ring Erly Late   % ³Incr Total³Ring E/Wd L/Wd Unif  Min  Max  Rng
 # Year³ Rad.      Wood Wood  LW ³          ³mean mean mean
ֱֱֱִִִִִִִִִִִִִִִִִִִִִִִִִִִִִִִִִִִִִִִִִִִִִִִִִִִִִִִִִִִִִִִִִִִִִִִִִִִִ

 2 1990  13.4 13.4 10.8  0.6   4   5.6    5.6 378  370  512  142  331  524  193
 3 1991  30.8 17.4 17.4  0.0   0  24.2   29.8 365  365    0    0  310  483  173
 4 1992  50.6 19.8 18.3  1.5   7  50.6   80.4 377  365  519  154  299  535  236
 5 1993  71.9 21.3 18.9  2.4  11  82.0  162.4 385  364  551  187  293  598  305
 6 1994  89.3 17.4 10.8  6.6  37  88.1  250.5 459  395  562  167  307  632  325
 7 1995 104.3 15.0 11.7  3.3  22  91.2  341.8 446  417  552  135  331  637  306
 8 1996 112.7  8.4  5.1  3.3  39  57.3  399.0 462  399  560  161  329  590  261
 9 1997 123.8 11.1  5.4  5.7  51  82.5  481.5 503  418  584  166  336  677  341
10 1998 134.0 10.2  6.0  4.2  41  82.6  564.1 451  383  547  164  326  585  259
11 1999 143.0  9.0  5.7  3.3  36  78.3  642.4 457  392  569  177  317  611  294
12 2000 149.3  6.3  4.5  1.8  28  57.9  700.3 428  375  561  186  306  633  327
13 2001 156.5  7.2  4.5  2.7  37  69.2  769.4 473  413  574  161  332  624  292
14 2002 161.3  4.8  2.1  2.7  56  47.9  817.4 490  357  593  236  298  632  334
15 2003 170.9  9.6  4.8  4.8  49 100.2  917.6 475  404  547  143  312  597  285
16 2004 177.2  6.3  3.0  3.3  52  68.9  986.5 500  383  605  222  301  650  349
17 2005 183.8  6.6  2.7  3.9  59  74.9 1061.3 503  369  596  227  322  656  334
18 2006 188.3  4.5  1.8  2.7  60  52.6 1113.9 505  381  587  206  335  656  321
19 2007 191.9  3.6  2.1  1.5  41  43.0 1156.9 462  394  557  163  333  612  279
20 2008 194.6  2.7  1.2  1.5  55  32.8 1189.7 498  383  590  207  360  671  311
21 2009 198.5  3.9  1.2  2.7  69  48.2 1237.9 542  380  613  233  348  669  321
22 2010 201.2  2.7  1.8  0.9  33  33.9 1271.8 478  410  614  204  350  647  297
23 2011 202.4  1.2  0.6  0.6  50  15.2 1287.0 525  393  657  264  349  663  314
24 2012 204.2  1.8  1.2  0.6  33  23.0 1310.0 446  395  549  154  365  595  230
25 2013 205.7  1.5  0.6  0.9  60  19.3 1329.3 538  443  601  158  422  697  275
26 2014 207.5  1.8  0.6  1.2  66  23.4 1352.7 525  395  591  196  391  632  241
27 2015 209.3  1.8  0.9  0.9  50  23.6 1376.2 511  421  602  181  376  680  304
28 2016 210.8  1.5  0.6  0.9  60  19.8 1396.0 513  387  596  209  353  648  295

Core Length:  208.8 mm
Core Density: 470 kg/m3
Cross-sectional Density:  467 kg/m3
Early/Latewood Threshold: 500 kg/m3
Attenuation Constant: 3.19

ִִִִִִִִִִִִִִִִִִִִִִִִִִִִִִִִִִִִִִִִִִִִִִִִִִִִִִִִִִִִִִִִִִִִִִִִִִִִִִִ
Core : 76
ֲֲֲִִִִִִִִִִִִִִִִִִִִִִִִִִִִִִִִִִִִִִִִִִִִִִִִִִִִִִִִִִִִִִִִִִִִִִִִִִִִ
       ³Widths (mm)              ³ Areas    ³ Densities (kg/m3)
       ³                         ³ (cm‎)    ³
Ring   ³Outer Ring Erly Late   % ³Incr Total³Ring E/Wd L/Wd Unif  Min  Max  Rng
 # Year³ Rad.      Wood Wood  LW ³          ³mean mean mean
ֱֱֱִִִִִִִִִִִִִִִִִִִִִִִִִִִִִִִִִִִִִִִִִִִִִִִִִִִִִִִִִִִִִִִִִִִִִִִִִִִִ

 3 1991  27.2 27.2 22.2  0.0   0  23.2   23.2 295  295    0    0  245  419  174
 4 1992  47.0 19.8 18.9  0.9   4  46.2   69.4 344  336  517  181  257  528  271
 5 1993  65.9 18.9 17.1  1.8   9  67.0  136.4 370  351  551  200  286  594  308
 6 1994  82.4 16.5 14.7  1.8  10  76.9  213.3 411  392  567  175  320  600  280
 7 1995  94.7 12.3 11.4  0.9   7  68.4  281.7 385  372  556  184  309  589  280
 8 1996 107.9 13.2 12.0  1.2   9  84.0  365.8 386  368  567  199  302  599  297
 9 1997 122.3 14.4 11.7  2.7  18 104.1  469.9 411  384  528  144  293  576  283
10 1998 133.1 10.8  9.9  0.9   8  86.7  556.6 391  380  511  131  271  518  247
11 1999 143.6 10.5  9.0  1.5  14  91.3  647.8 418  402  510  108  285  530  245
12 2000 150.5  6.9  5.7  1.2  17  63.8  711.6 402  375  533  158  281  546  265
13 2001 158.9  8.4  6.3  2.1  24  81.6  793.2 417  375  543  168  286  587  301
14 2002 167.6  8.7  6.3  2.4  27  89.2  882.5 429  383  551  168  282  601  319
15 2003 178.4 10.8  8.4  2.4  22 117.4  999.9 438  409  537  128  333  585  252
16 2004 185.0  6.6  5.1  1.5  22  75.3 1075.2 424  381  568  187  294  602  308
17 2005 191.0  6.0  4.2  1.8  30  70.9 1146.1 441  387  568  181  306  639  333
18 2006 197.0  6.0  4.2  1.8  30  73.1 1219.2 450  404  555  151  300  602  302
19 2007 203.6  6.6  3.9  2.7  40  83.1 1302.3 467  398  566  168  329  611  282
20 2008 209.3  5.7  2.7  3.0  52  73.9 1376.2 488  402  565  163  323  617  294
21 2009 216.5  7.2  4.8  2.4  33  96.3 1472.5 448  406  534  128  319  574  255
22 2010 220.4  3.9  2.4  1.5  38  53.5 1526.1 478  407  591  184  336  649  313
23 2011 224.0  3.6  2.1  1.5  41  50.3 1576.3 472  425  538  113  357  570  213
24 2012 227.6  3.6  1.5  2.1  58  51.1 1627.4 493  424  542  118  374  600  226
25 2013 230.9  3.3  1.5  1.8  54  47.5 1674.9 507  417  582  165  370  628  258
26 2014 234.2  3.3  1.8  1.5  45  48.2 1723.2 495  424  581  157  340  666  326
27 2015 236.9  2.7  1.5  1.2  44  40.0 1763.1 487  427  561  134  333  596  263
28 2016 240.2  3.3  2.4  0.9  27  49.5 1812.6 442  398  559  161  294  591  297

Core Length:  235.5 mm
Core Density: 430 kg/m3
Cross-sectional Density:  430 kg/m3
Early/Latewood Threshold: 500 kg/m3
Attenuation Constant: 3.19

ִִִִִִִִִִִִִִִִִִִִִִִִִִִִִִִִִִִִִִִִִִִִִִִִִִִִִִִִִִִִִִִִִִִִִִִִִִִִִִִ
Core : 89
ֲֲֲִִִִִִִִִִִִִִִִִִִִִִִִִִִִִִִִִִִִִִִִִִִִִִִִִִִִִִִִִִִִִִִִִִִִִִִִִִִִ
       ³Widths (mm)              ³ Areas    ³ Densities (kg/m3)
       ³                         ³ (cm‎)    ³
Ring   ³Outer Ring Erly Late   % ³Incr Total³Ring E/Wd L/Wd Unif  Min  Max  Rng
 # Year³ Rad.      Wood Wood  LW ³          ³mean mean mean
ֱֱֱִִִִִִִִִִִִִִִִִִִִִִִִִִִִִִִִִִִִִִִִִִִִִִִִִִִִִִִִִִִִִִִִִִִִִִִִִִִִ

 3 1991  23.4 23.4 14.4  0.0   0  17.2   17.2 380  380    0    0  317  452  135
 4 1992  46.5 23.1 23.1  0.0   0  50.7   67.9 372  372    0    0  314  468  154
 5 1993  71.1 24.6 23.1  1.5   6  90.9  158.8 375  366  515  149  287  536  249
 6 1994  90.6 19.5 13.8  5.7  29  99.1  257.9 458  428  529  101  346  572  226
 7 1995 109.2 18.6 16.2  2.4  12 116.8  374.6 437  420  551  131  357  588  231
 8 1996 125.7 16.5 15.3  1.2   7 121.8  496.4 424  415  530  115  355  540  185
 9 1997 136.2 10.5  8.7  1.8  17  86.4  582.8 436  417  526  109  289  557  268
10 1998 144.3  8.1  8.1  0.0   0  71.4  654.2 379  379    0    0  289  480  191
11 1999 152.1  7.8  7.8  0.0   0  72.6  726.8 381  381    0    0  282  466  184
12 2000 157.8  5.7  5.4  0.3   5  55.5  782.3 392  386  504  118  275  504  229
13 2001 164.1  6.3  6.0  0.3   4  63.7  846.0 406  401  512  111  311  512  201
14 2002 170.1  6.0  5.7  0.3   5  63.0  909.0 417  412  522  110  310  522  212
15 2003 178.8  8.7  8.1  0.6   6  95.4 1004.3 406  398  509  111  311  515  204
16 2004 185.4  6.6  6.3  0.3   4  75.5 1079.9 417  413  500   87  314  500  186
17 2005 192.0  6.6  6.3  0.3   4  78.3 1158.1 424  420  500   80  320  500  180
18 2006 198.9  6.9  6.9  0.0   0  84.7 1242.9 411  411    0    0  300  473  173
19 2007 204.6  5.7  5.4  0.3   5  72.3 1315.1 423  418  506   88  331  506  175
20 2008 210.6  6.0  5.7  0.3   5  78.3 1393.4 433  429  502   73  322  502  180
21 2009 215.1  4.5  4.5  0.0   0  60.2 1453.6 402  402    0    0  330  457  127
22 2010 218.7  3.6  2.4  1.2  33  49.1 1502.6 447  404  534  130  322  555  233
23 2011 222.0  3.3  3.3  0.0   0  45.7 1548.3 402  402    0    0  334  465  131
24 2012 225.0  3.0  3.0  0.0   0  42.1 1590.4 398  398    0    0  320  487  167
25 2013 227.1  2.1  2.1  0.0   0  29.8 1620.3 432  432    0    0  324  497  173
26 2014 229.8  2.7  2.1  0.6  22  38.8 1659.0 467  443  551  108  371  555  184
27 2015 232.5  2.7  1.2  1.5  55  39.2 1698.2 471  422  510   88  354  523  169
28 2016 235.5  3.0  2.4  0.6  20  44.1 1742.3 435  409  539  130  338  561  223

Core Length:  226.8 mm
Core Density: 416 kg/m3
Cross-sectional Density:  416 kg/m3
Early/Latewood Threshold: 500 kg/m3
Attenuation Constant: 3.19

ִִִִִִִִִִִִִִִִִִִִִִִִִִִִִִִִִִִִִִִִִִִִִִִִִִִִִִִִִִִִִִִִִִִִִִִִִִִִִִִ
Core : 83
ֲֲֲִִִִִִִִִִִִִִִִִִִִִִִִִִִִִִִִִִִִִִִִִִִִִִִִִִִִִִִִִִִִִִִִִִִִִִִִִִִִ
       ³Widths (mm)              ³ Areas    ³ Densities (kg/m3)
       ³                         ³ (cm‎)    ³
Ring   ³Outer Ring Erly Late   % ³Incr Total³Ring E/Wd L/Wd Unif  Min  Max  Rng
 # Year³ Rad.      Wood Wood  LW ³          ³mean mean mean
ֱֱֱִִִִִִִִִִִִִִִִִִִִִִִִִִִִִִִִִִִִִִִִִִִִִִִִִִִִִִִִִִִִִִִִִִִִִִִִִִִִ

 1 1990   3.0  3.0  3.0  0.0   0   0.3    0.3 334  334    0    0  279  443  164
 2 1991  18.6 15.6 15.6  0.0   0  10.6   10.9 335  335    0    0  256  476  220
 3 1992  40.2 21.6 21.6  0.0   0  39.9   50.8 363  363    0    0  294  471  177
 4 1993  73.8 33.6 33.6  0.0   0 120.3  171.1 362  362    0    0  284  471  187
 5 1994  91.8 18.0 15.0  3.0  16  93.6  264.7 412  378  579  201  326  629  303
 6 1995 106.8 15.0 13.5  1.5  10  93.6  358.3 385  367  545  178  298  579  281
 7 1996 122.1 15.3 12.9  2.4  15 110.0  468.4 401  375  542  167  299  576  277
 8 1997 140.4 18.3 15.9  2.4  13 150.9  619.3 394  375  520  145  294  548  254
 9 1998 152.1 11.7 10.2  1.5  12 107.5  726.8 390  370  527  157  274  580  306
10 1999 164.1 12.0 10.5  1.5  12 119.2  846.0 412  394  542  148  293  560  267
11 2000 170.7  6.6  5.4  1.2  18  69.4  915.4 399  362  566  204  271  589  318
12 2001 177.6  6.9  4.5  2.4  34  75.5  990.9 450  397  548  151  267  639  372
13 2002 183.3  5.7  4.2  1.5  26  64.6 1055.5 436  381  590  209  284  642  358
14 2003 193.5 10.2  6.6  3.6  35 120.7 1176.3 446  400  532  132  327  591  264
15 2004 201.0  7.5  4.8  2.7  36  93.0 1269.2 452  400  546  146  297  586  289
16 2005 206.1  5.1  3.0  2.1  41  65.2 1334.5 479  395  600  205  320  645  325
17 2006 211.8  5.7  3.3  2.4  42  74.8 1409.3 467  402  556  154  332  582  250
18 2007 216.6  4.8  3.0  1.8  37  64.6 1473.9 469  405  576  171  322  624  302
19 2008 221.1  4.5  2.7  1.8  40  61.9 1535.8 485  392  624  232  322  667  345
20 2009 223.5  2.4  1.5  0.9  37  33.5 1569.3 479  399  612  213  364  648  284
21 2010 225.0  1.5  0.6  0.9  60  21.1 1590.4 536  422  612  190  383  711  328
22 2011 227.7  2.7  0.9  1.8  66  38.4 1628.8 538  412  601  189  343  660  317
23 2012 230.1  2.4  1.2  1.2  50  34.5 1663.3 511  426  597  171  385  691  306
24 2013 231.6  1.5  0.9  0.6  40  21.8 1685.1 513  445  615  170  394  629  235
25 2014 232.5  0.9  0.3  0.6  66  13.1 1698.2 590  413  679  266  413  710  297
26 2015 234.3  1.8  0.6  1.2  66  26.4 1724.6 548  442  601  159  413  666  253
27 2016 235.2  0.9  0.3  0.6  66  13.3 1737.9 546  475  582  107  475  616  141

Core Length:  235.2 mm
Core Density: 449 kg/m3
Cross-sectional Density:  431 kg/m3
Early/Latewood Threshold: 500 kg/m3
Attenuation Constant: 3.19

ִִִִִִִִִִִִִִִִִִִִִִִִִִִִִִִִִִִִִִִִִִִִִִִִִִִִִִִִִִִִִִִִִִִִִִִִִִִִִִִ
Core : 95
ֲֲֲִִִִִִִִִִִִִִִִִִִִִִִִִִִִִִִִִִִִִִִִִִִִִִִִִִִִִִִִִִִִִִִִִִִִִִִִִִִִ
       ³Widths (mm)              ³ Areas    ³ Densities (kg/m3)
       ³                         ³ (cm‎)    ³
Ring   ³Outer Ring Erly Late   % ³Incr Total³Ring E/Wd L/Wd Unif  Min  Max  Rng
 # Year³ Rad.      Wood Wood  LW ³          ³mean mean mean
ֱֱֱִִִִִִִִִִִִִִִִִִִִִִִִִִִִִִִִִִִִִִִִִִִִִִִִִִִִִִִִִִִִִִִִִִִִִִִִִִִִ

 1 1990  16.8 16.8 16.5  0.3   1   8.9    8.9 327  324  510  186  267  510  243
 2 1991  34.5 17.7 17.7  0.0   0  28.5   37.4 340  340    0    0  262  461  199
 3 1992  53.4 18.9 18.3  0.6   3  52.2   89.6 375  371  518  147  277  536  259
 4 1993  69.3 15.9 14.4  1.5   9  61.3  150.9 361  342  540  198  279  578  299
 5 1994  95.1 25.8 21.9  3.9  15 133.3  284.1 406  381  545  164  303  583  280
 6 1995 110.7 15.6 13.5  2.1  13 100.9  385.0 439  417  580  163  338  614  276
 7 1996 119.7  9.0  6.3  2.7  30  65.1  450.1 459  410  572  162  357  665  308
 8 1997 126.9  7.2  3.3  3.9  54  55.8  505.9 504  430  566  136  366  646  280
 9 1998 133.2  6.3  3.3  3.0  47  51.5  557.4 478  402  562  160  319  638  319
10 1999 138.6  5.4  2.1  3.3  61  46.1  603.5 493  400  552  152  331  654  323
11 2000 141.9  3.3  1.5  1.8  54  29.1  632.6 521  377  640  263  333  695  362
12 2001 147.3  5.4  2.1  3.3  61  49.1  681.6 524  404  601  197  328  702  374
13 2002 151.8  4.5  1.8  2.7  60  42.3  723.9 507  396  582  186  349  724  375
14 2003 160.5  8.7  4.5  4.2  48  85.4  809.3 497  420  580  160  324  664  340
15 2004 166.2  5.7  1.8  3.9  68  58.5  867.8 532  414  586  172  370  651  281
16 2005 172.5  6.3  2.1  4.2  66  67.0  934.8 530  407  591  184  331  672  341
17 2006 177.0  4.5  1.5  3.0  66  49.4  984.2 521  381  591  210  344  670  326
18 2007 180.3  3.3  1.2  2.1  63  37.0 1021.3 527  407  596  189  366  724  358
19 2008 183.6  3.3  0.9  2.4  72  37.7 1059.0 567  413  626  213  363  702  339
20 2009 187.8  4.2  1.5  2.7  64  49.0 1108.0 540  415  610  195  361  675  314
21 2010 190.2  2.4  0.6  1.8  74  28.5 1136.5 580  410  636  226  409  701  292
22 2011 192.6  2.4  0.9  1.5  62  28.9 1165.4 562  453  627  174  410  653  243
23 2012 195.3  2.7  1.2  1.5  55  32.9 1198.3 539  426  630  204  370  689  319
24 2013 198.0  2.7  1.2  1.5  55  33.4 1231.6 537  424  628  204  398  660  262
25 2014 199.5  1.5  0.6  0.9  60  18.7 1250.4 559  433  644  211  402  678  276
26 2015 201.3  1.8  0.6  1.2  66  22.7 1273.0 587  428  666  238  420  696  276
27 2016 203.4  2.1  0.9  1.2  57  26.7 1299.7 550  452  623  171  423  680  257

Core Length:  203.4 mm
Core Density: 494 kg/m3
Cross-sectional Density:  484 kg/m3
Early/Latewood Threshold: 500 kg/m3
Attenuation Constant: 3.19

