File : C:\DENSITOM\WOODHI~1\WHILL9.DAT
Cores :
3
8
9
11
23
26
28
36
39
40
44
45

ִִִִִִִִִִִִִִִִִִִִִִִִִִִִִִִִִִִִִִִִִִִִִִִִִִִִִִִִִִִִִִִִִִִִִִִִִִִִִִִ
Core : 3
ֲֲֲִִִִִִִִִִִִִִִִִִִִִִִִִִִִִִִִִִִִִִִִִִִִִִִִִִִִִִִִִִִִִִִִִִִִִִִִִִִִ
       ³Widths (mm)              ³ Areas    ³ Densities (kg/m3)
       ³                         ³ (cm‎)    ³
Ring   ³Outer Ring Erly Late   % ³Incr Total³Ring E/Wd L/Wd Unif  Min  Max  Rng
 # Year³ Rad.      Wood Wood  LW ³          ³mean mean mean
ֱֱֱִִִִִִִִִִִִִִִִִִִִִִִִִִִִִִִִִִִִִִִִִִִִִִִִִִִִִִִִִִִִִִִִִִִִִִִִִִִִ

 2 1990  15.6 15.6 12.6  0.0   0   7.6    7.6 380  380    0    0  286  495  209
 3 1991  34.8 19.2 16.8  2.4  12  30.4   38.0 420  404  533  129  309  564  255
 4 1992  51.3 16.5 11.4  5.1  30  44.6   82.7 429  386  526  140  348  563  215
 5 1993  66.6 15.3 11.1  4.2  27  56.7  139.3 420  376  535  159  309  589  280
 6 1994  78.9 12.3  7.2  5.1  41  56.2  195.6 495  438  576  138  374  636  262
 7 1995  90.6 11.7  7.2  4.5  38  62.3  257.9 484  435  562  127  357  654  297
 8 1996 104.1 13.5  6.0  7.5  55  82.6  340.4 500  411  571  160  360  646  286
 9 1997 117.3 13.2  6.6  6.6  50  91.8  432.3 516  441  591  150  373  671  298
10 1998 126.6  9.3  6.6  2.7  29  71.3  503.5 451  402  570  168  334  661  327
11 1999 137.4 10.8  5.7  5.1  47  89.6  593.1 503  419  596  177  348  698  350
12 2000 143.1  5.7  2.4  3.3  57  50.2  643.3 519  396  608  212  362  714  352
13 2001 148.5  5.4  2.1  3.3  61  49.5  692.8 538  440  600  160  401  716  315
14 2002 153.0  4.5  2.1  2.4  53  42.6  735.4 539  442  625  183  402  718  316
15 2003 158.4  5.4  2.7  2.7  49  52.8  788.2 534  428  640  212  375  727  352
16 2004 162.3  3.9  2.1  1.8  46  39.3  827.5 527  435  635  200  379  696  317
17 2005 165.3  3.0  1.5  1.5  50  30.9  858.4 550  447  653  206  414  698  284
18 2006 168.6  3.3  1.2  2.1  63  34.6  893.0 571  434  649  215  376  751  375
19 2007 171.9  3.3  1.5  1.8  54  35.3  928.3 531  435  611  176  398  667  269
20 2008 174.3  2.4  1.2  1.2  50  26.1  954.4 565  460  670  210  419  740  321
21 2009 177.0  2.7  0.9  1.8  66  29.8  984.2 567  447  627  180  430  740  310
22 2010 179.1  2.1  0.9  1.2  57  23.5 1007.7 545  452  616  164  427  691  264
23 2011 180.9  1.8  0.3  1.5  83  20.4 1028.1 597  424  632  208  424  740  316
24 2012 183.3  2.4  0.6  1.8  75  27.5 1055.5 577  428  627  199  421  720  299
25 2013 185.1  1.8  0.6  1.2  66  20.8 1076.4 554  442  610  168  440  657  217
26 2014 186.3  1.2  0.3  0.9  75  14.0 1090.4 612  480  656  176  480  738  258
27 2015 189.6  3.3  1.2  2.1  63  39.0 1129.3 591  463  665  202  415  730  315
28 2016 191.7  2.1  0.9  1.2  57  25.2 1154.5 551  418  651  233  379  760  381

Core Length:  188.7 mm
Core Density: 520 kg/m3
Cross-sectional Density:  512 kg/m3
Early/Latewood Threshold: 500 kg/m3
Attenuation Constant: 3.19

ִִִִִִִִִִִִִִִִִִִִִִִִִִִִִִִִִִִִִִִִִִִִִִִִִִִִִִִִִִִִִִִִִִִִִִִִִִִִִִִ
Core : 8
ֲֲֲִִִִִִִִִִִִִִִִִִִִִִִִִִִִִִִִִִִִִִִִִִִִִִִִִִִִִִִִִִִִִִִִִִִִִִִִִִִִ
       ³Widths (mm)              ³ Areas    ³ Densities (kg/m3)
       ³                         ³ (cm‎)    ³
Ring   ³Outer Ring Erly Late   % ³Incr Total³Ring E/Wd L/Wd Unif  Min  Max  Rng
 # Year³ Rad.      Wood Wood  LW ³          ³mean mean mean
ֱֱֱִִִִִִִִִִִִִִִִִִִִִִִִִִִִִִִִִִִִִִִִִִִִִִִִִִִִִִִִִִִִִִִִִִִִִִִִִִִִ

 2 1990   8.8  8.8  7.8  0.0   0   2.4    2.4 356  356    0    0  293  499  206
 3 1991  25.9 17.1 17.1  0.0   0  18.6   21.1 375  375    0    0  306  468  162
 4 1992  45.7 19.8 18.9  0.9   4  44.5   65.6 392  386  512  126  311  518  207
 5 1993  62.2 16.5 13.8  2.7  16  55.9  121.5 407  373  580  207  290  634  344
 6 1994  73.6 11.4  8.4  3.0  26  48.6  170.2 457  414  576  162  351  650  299
 7 1995  84.1 10.5  8.4  2.1  20  52.0  222.2 438  408  557  149  314  665  351
 8 1996  96.1 12.0  6.6  5.4  45  67.9  290.1 475  402  565  163  345  629  284
 9 1997 111.4 15.3  8.1  7.2  47  99.7  389.9 505  429  591  162  362  669  307
10 1998 119.8  8.4  5.7  2.7  32  61.0  450.9 454  388  592  204  333  633  300
11 1999 128.5  8.7  4.2  4.5  51  67.9  518.7 497  387  600  213  324  686  362
12 2000 135.7  7.2  4.2  3.0  41  59.8  578.5 477  376  619  243  316  712  396
13 2001 143.8  8.1  3.6  4.5  55  71.1  649.6 501  386  593  207  322  681  359
14 2002 149.5  5.7  3.3  2.4  42  52.5  702.2 492  389  634  245  322  716  394
15 2003 158.8  9.3  4.8  4.5  48  90.1  792.2 507  419  600  181  353  685  332
16 2004 166.0  7.2  3.3  3.9  54  73.5  865.7 514  397  613  216  334  688  354
17 2005 172.9  6.9  3.3  3.6  52  73.5  939.2 489  390  580  190  340  673  333
18 2006 178.3  5.4  2.1  3.3  61  59.6  998.7 542  393  636  243  350  720  370
19 2007 183.7  5.4  2.4  3.0  55  61.4 1060.2 518  402  611  209  355  728  373
20 2008 188.2  4.5  2.4  2.1  46  52.6 1112.7 519  415  638  223  345  732  387
21 2009 192.4  4.2  1.8  2.4  57  50.2 1162.9 538  414  631  217  369  709  340
22 2010 195.7  3.3  1.2  2.1  63  40.2 1203.2 536  408  609  201  388  693  305
23 2011 197.8  2.1  0.9  1.2  57  26.0 1229.1 553  443  636  193  391  673  282
24 2012 201.1  3.3  1.5  1.8  54  41.4 1270.5 541  404  656  252  357  718  361
25 2013 204.4  3.3  1.2  2.1  63  42.0 1312.5 536  405  612  207  389  669  280
26 2014 207.1  2.7  0.9  1.8  66  34.9 1347.4 573  427  647  220  383  703  320
27 2015 210.1  3.0  1.2  1.8  60  39.3 1386.8 565  435  651  216  389  710  321
28 2016 212.2  2.1  0.9  1.2  57  27.9 1414.6 533  429  612  183  408  661  253

Core Length:  211.5 mm
Core Density: 492 kg/m3
Cross-sectional Density:  496 kg/m3
Early/Latewood Threshold: 500 kg/m3
Attenuation Constant: 3.19

ִִִִִִִִִִִִִִִִִִִִִִִִִִִִִִִִִִִִִִִִִִִִִִִִִִִִִִִִִִִִִִִִִִִִִִִִִִִִִִִ
Core : 9
ֲֲֲִִִִִִִִִִִִִִִִִִִִִִִִִִִִִִִִִִִִִִִִִִִִִִִִִִִִִִִִִִִִִִִִִִִִִִִִִִִִ
       ³Widths (mm)              ³ Areas    ³ Densities (kg/m3)
       ³                         ³ (cm‎)    ³
Ring   ³Outer Ring Erly Late   % ³Incr Total³Ring E/Wd L/Wd Unif  Min  Max  Rng
 # Year³ Rad.      Wood Wood  LW ³          ³mean mean mean
ֱֱֱִִִִִִִִִִִִִִִִִִִִִִִִִִִִִִִִִִִִִִִִִִִִִִִִִִִִִִִִִִִִִִִִִִִִִִִִִִִִ

 1 1990  14.4 14.4 14.1  0.3   2   6.5    6.5 370  367  514  147  278  514  236
 2 1991  31.5 17.1 17.1  0.0   0  24.7   31.2 372  372    0    0  307  462  155
 3 1992  53.1 21.6 20.7  0.9   4  57.4   88.6 381  376  502  126  296  504  208
 4 1993  69.9 16.8 15.3  1.5   8  64.9  153.5 386  372  529  157  282  563  281
 5 1994  81.0 11.1  8.7  2.4  21  52.6  206.1 446  415  558  143  347  605  258
 6 1995  93.9 12.9 10.5  2.4  18  70.9  277.0 439  416  539  123  316  566  250
 7 1996 109.2 15.3 11.1  4.2  27  97.6  374.6 458  426  541  115  357  583  226
 8 1997 125.1 15.9 10.8  5.1  32 117.0  491.7 466  412  581  169  356  654  298
 9 1998 135.3 10.2  6.3  3.9  38  83.4  575.1 458  404  547  143  341  615  274
10 1999 145.8 10.5  5.7  4.8  45  92.7  667.8 492  436  559  123  371  634  263
11 2000 155.4  9.6  5.4  4.2  43  90.8  758.7 463  383  567  184  319  680  361
12 2001 161.4  6.0  4.2  1.8  30  59.7  818.4 434  379  564  185  310  621  311
13 2002 165.9  4.5  3.3  1.2  26  46.3  864.7 418  358  585  227  309  632  323
14 2003 173.1  7.2  3.9  3.3  45  76.7  941.3 502  407  613  206  376  670  294
15 2004 178.8  5.7  3.0  2.7  47  63.0 1004.3 497  393  613  220  320  691  371
16 2005 182.7  3.9  3.0  0.9  23  44.3 1048.6 457  409  617  208  350  676  326
17 2006 187.5  4.8  3.0  1.8  37  55.8 1104.5 476  381  635  254  328  698  370
18 2007 191.4  3.9  2.4  1.5  38  46.4 1150.9 471  389  604  215  321  676  355
19 2008 195.6  4.2  2.1  2.1  50  51.1 1202.0 484  355  612  257  306  695  389
20 2009 201.0  5.4  2.7  2.7  49  67.3 1269.2 517  405  629  224  329  707  378
21 2010 206.4  5.4  3.0  2.4  44  69.1 1338.3 509  415  628  213  363  728  365
22 2011 209.4  3.0  1.8  1.2  40  39.2 1377.5 468  382  596  214  347  670  323
23 2012 211.8  2.4  1.8  0.6  25  31.8 1409.3 448  384  642  258  343  667  324
24 2013 213.9  2.1  1.5  0.6  28  28.1 1437.4 422  360  577  217  322  608  286
25 2014 216.0  2.1  0.9  1.2  57  28.4 1465.7 521  406  607  201  387  708  321
26 2015 219.9  3.9  1.8  2.1  53  53.4 1519.1 521  402  622  220  368  701  333
27 2016 222.6  2.7  1.8  0.9  33  37.5 1556.7 497  431  629  198  393  700  307

Core Length:  223.2 mm
Core Density: 458 kg/m3
Cross-sectional Density:  464 kg/m3
Early/Latewood Threshold: 500 kg/m3
Attenuation Constant: 3.19

ִִִִִִִִִִִִִִִִִִִִִִִִִִִִִִִִִִִִִִִִִִִִִִִִִִִִִִִִִִִִִִִִִִִִִִִִִִִִִִִ
Core : 11
ֲֲֲִִִִִִִִִִִִִִִִִִִִִִִִִִִִִִִִִִִִִִִִִִִִִִִִִִִִִִִִִִִִִִִִִִִִִִִִִִִִ
       ³Widths (mm)              ³ Areas    ³ Densities (kg/m3)
       ³                         ³ (cm‎)    ³
Ring   ³Outer Ring Erly Late   % ³Incr Total³Ring E/Wd L/Wd Unif  Min  Max  Rng
 # Year³ Rad.      Wood Wood  LW ³          ³mean mean mean
ֱֱֱִִִִִִִִִִִִִִִִִִִִִִִִִִִִִִִִִִִִִִִִִִִִִִִִִִִִִִִִִִִִִִִִִִִִִִִִִִִִ

 1 1989   2.7  2.7  2.7  0.0   0   0.2    0.2 382  382    0    0  240  492  252
 2 1990   9.9  7.2  7.2  0.0   0   2.9    3.1 321  321    0    0  277  403  126
 3 1991  24.0 14.1 14.1  0.0   0  15.0   18.1 330  330    0    0  262  468  206
 4 1992  40.5 16.5 16.5  0.0   0  33.4   51.5 364  364    0    0  270  482  212
 5 1993  64.5 24.0 23.7  0.3   1  79.2  130.7 355  353  507  154  282  507  225
 6 1994  84.3 19.8 15.9  3.9  19  92.6  223.3 425  400  527  127  313  576  263
 7 1995 102.9 18.6 18.6  0.0   0 109.4  332.6 387  387    0    0  281  499  218
 8 1996 115.8 12.9 10.8  2.1  16  88.6  421.3 413  395  507  112  294  530  236
 9 1997 129.3 13.5  9.9  3.6  26 104.0  525.2 429  391  531  140  270  561  291
10 1998 139.2  9.9  8.7  1.2  12  83.5  608.7 388  370  523  153  272  541  269
11 1999 149.4 10.2  7.2  3.0  29  92.5  701.2 427  380  539  159  291  568  277
12 2000 155.7  6.3  4.8  1.5  23  60.4  761.6 427  380  576  196  275  633  358
13 2001 162.0  6.3  3.6  2.7  42  62.9  824.5 454  374  561  187  289  640  351
14 2002 167.1  5.1  2.7  2.4  47  52.7  877.2 456  347  577  230  290  662  372
15 2003 174.0  6.9  4.2  2.7  39  73.9  951.1 453  399  536  137  281  600  319
16 2004 179.1  5.1  3.6  1.5  29  56.6 1007.7 420  361  562  201  266  597  331
17 2005 183.9  4.8  3.3  1.5  31  54.7 1062.5 435  378  561  183  308  646  338
18 2006 188.7  4.8  3.0  1.8  37  56.2 1118.6 453  382  572  190  302  678  376
19 2007 194.1  5.4  3.6  1.8  33  64.9 1183.6 471  406  602  196  306  643  337
20 2008 199.8  5.7  3.3  2.4  42  70.5 1254.1 477  403  579  176  327  639  312
21 2009 204.6  4.8  3.3  1.5  31  61.0 1315.1 468  417  579  162  321  588  267
22 2010 208.2  3.6  2.4  1.2  33  46.7 1361.8 457  391  587  196  320  661  341
23 2011 211.2  3.0  1.8  1.2  40  39.5 1401.3 451  378  559  181  306  594  288
24 2012 214.8  3.6  2.4  1.2  33  48.2 1449.5 482  417  612  195  367  637  270
25 2013 217.8  3.0  1.5  1.5  50  40.8 1490.3 505  391  620  229  357  713  356
26 2014 219.9  2.1  0.9  1.2  57  28.9 1519.1 510  382  606  224  361  684  323
27 2015 222.6  2.7  1.2  1.5  55  37.5 1556.7 513  393  610  217  360  639  279
28 2016 224.1  1.5  1.2  0.3  20  21.1 1577.7 465  440  567  127  365  567  202

Core Length:  224.4 mm
Core Density: 432 kg/m3
Cross-sectional Density:  434 kg/m3
Early/Latewood Threshold: 500 kg/m3
Attenuation Constant: 3.19

ִִִִִִִִִִִִִִִִִִִִִִִִִִִִִִִִִִִִִִִִִִִִִִִִִִִִִִִִִִִִִִִִִִִִִִִִִִִִִִִ
Core : 23
ֲֲֲִִִִִִִִִִִִִִִִִִִִִִִִִִִִִִִִִִִִִִִִִִִִִִִִִִִִִִִִִִִִִִִִִִִִִִִִִִִִ
       ³Widths (mm)              ³ Areas    ³ Densities (kg/m3)
       ³                         ³ (cm‎)    ³
Ring   ³Outer Ring Erly Late   % ³Incr Total³Ring E/Wd L/Wd Unif  Min  Max  Rng
 # Year³ Rad.      Wood Wood  LW ³          ³mean mean mean
ֱֱֱִִִִִִִִִִִִִִִִִִִִִִִִִִִִִִִִִִִִִִִִִִִִִִִִִִִִִִִִִִִִִִִִִִִִִִִִִִִִ

 1 1989   4.2  4.2  4.2  0.0   0   0.6    0.6 307  307    0    0  226  371  145
 2 1990  14.7 10.5 10.5  0.0   0   6.2    6.8 309  309    0    0  255  430  175
 3 1991  33.3 18.6 18.6  0.0   0  28.0   34.8 319  319    0    0  223  436  213
 4 1992  51.6 18.3 18.3  0.0   0  48.8   83.6 352  352    0    0  284  494  210
 5 1993  69.3 17.7 15.6  2.1  11  67.2  150.9 371  346  558  212  269  595  326
 6 1994  86.7 17.4 14.1  3.3  18  85.3  236.2 434  409  543  134  337  585  248
 7 1995 102.9 16.2 13.5  2.7  16  96.5  332.6 423  402  531  129  336  552  216
 8 1996 120.6 17.7 13.5  4.2  23 124.3  456.9 451  423  541  118  347  579  232
 9 1997 135.3 14.7 10.8  3.9  26 118.2  575.1 450  421  530  109  334  575  241
10 1998 145.8 10.5  8.1  2.4  22  92.7  667.8 446  422  524  102  322  551  229
11 1999 159.6 13.8  6.6  7.2  52 132.4  800.2 496  425  560  135  342  638  296
12 2000 168.6  9.0  5.7  3.3  36  92.8  893.0 473  426  555  129  363  628  265
13 2001 179.1 10.5  8.4  2.1  20 114.7 1007.7 439  412  548  136  306  588  282
14 2002 189.0  9.9  6.3  3.6  36 114.5 1122.2 435  361  565  204  299  615  316
15 2003 201.3 12.3  6.9  5.4  43 150.8 1273.0 458  402  529  127  335  566  231
16 2004 209.7  8.4  6.0  2.4  28 108.5 1381.5 440  388  568  180  287  596  309
17 2005 219.0  9.3  6.6  2.7  29 125.3 1506.7 426  368  567  199  292  622  330
18 2006 227.1  8.1  6.0  2.1  25 113.5 1620.3 428  387  544  157  309  561  252
19 2007 234.6  7.5  5.4  2.1  28 108.8 1729.0 424  372  559  187  291  588  297
20 2008 241.2  6.6  4.2  2.4  36  98.7 1827.7 438  366  565  199  291  615  324
21 2009 248.4  7.2  5.4  1.8  25 110.7 1938.4 427  392  533  141  307  564  257
22 2010 253.5  5.1  3.0  2.1  41  80.4 2018.9 432  346  555  209  279  620  341
23 2011 258.9  5.4  2.4  3.0  55  86.9 2105.8 470  368  551  183  349  607  258
24 2012 263.7  4.8  2.4  2.4  50  78.8 2184.6 481  377  585  208  323  657  334
25 2013 268.5  4.8  2.7  2.1  43  80.3 2264.8 471  377  592  215  324  692  368
26 2014 273.0  4.5  2.1  2.4  53  76.6 2341.4 511  415  594  179  385  653  268
27 2015 278.4  5.4  2.7  2.7  49  93.5 2434.9 493  382  605  223  336  642  306
28 2016 282.6  4.2  2.4  1.8  42  74.0 2509.0 476  384  599  215  340  685  345

Core Length:  282.9 mm
Core Density: 431 kg/m3
Cross-sectional Density:  445 kg/m3
Early/Latewood Threshold: 500 kg/m3
Attenuation Constant: 3.19

ִִִִִִִִִִִִִִִִִִִִִִִִִִִִִִִִִִִִִִִִִִִִִִִִִִִִִִִִִִִִִִִִִִִִִִִִִִִִִִִ
Core : 26
ֲֲֲִִִִִִִִִִִִִִִִִִִִִִִִִִִִִִִִִִִִִִִִִִִִִִִִִִִִִִִִִִִִִִִִִִִִִִִִִִִִ
       ³Widths (mm)              ³ Areas    ³ Densities (kg/m3)
       ³                         ³ (cm‎)    ³
Ring   ³Outer Ring Erly Late   % ³Incr Total³Ring E/Wd L/Wd Unif  Min  Max  Rng
 # Year³ Rad.      Wood Wood  LW ³          ³mean mean mean
ֱֱֱִִִִִִִִִִִִִִִִִִִִִִִִִִִִִִִִִִִִִִִִִִִִִִִִִִִִִִִִִִִִִִִִִִִִִִִִִִִִ

 1 1989   3.9  3.9  3.9  0.0   0   0.5    0.5 338  338    0    0  284  380   96
 2 1990  12.0  8.1  7.8  0.3   3   4.0    4.5 339  332  513  181  278  513  235
 3 1991  25.2 13.2 13.2  0.0   0  15.4   20.0 363  363    0    0  289  489  200
 4 1992  44.1 18.9 18.9  0.0   0  41.1   61.1 346  346    0    0  257  433  176
 5 1993  73.5 29.4 29.4  0.0   0 108.6  169.7 349  349    0    0  260  417  157
 6 1994  95.4 21.9 18.9  3.0  13 116.2  285.9 395  373  531  158  290  566  276
 7 1995 114.6 19.2 18.6  0.6   3 126.7  412.6 396  393  513  120  295  516  221
 8 1996 137.1 22.5 22.5  0.0   0 177.9  590.5 370  370    0    0  285  487  202
 9 1997 155.1 18.0 14.4  3.6  20 165.2  755.7 423  399  518  119  326  548  222
10 1998 166.5 11.4 10.5  0.9   7 115.2  870.9 393  382  522  140  277  540  263
11 1999 174.9  8.4  6.3  2.1  24  90.1  961.0 422  379  550  171  299  598  299
12 2000 183.9  9.0  5.7  3.3  36 101.4 1062.5 426  347  561  214  268  610  342
13 2001 195.3 11.4 10.8  0.6   5 135.8 1198.3 410  402  550  148  279  563  284
14 2002 203.1  7.8  7.2  0.6   7  97.6 1295.9 383  372  512  140  278  513  235
15 2003 211.2  8.1  6.9  1.2  14 105.4 1401.3 390  364  537  173  265  576  311
16 2004 216.6  5.4  4.2  1.2  22  72.6 1473.9 396  348  563  215  265  589  324
17 2005 220.8  4.2  3.3  0.9  21  57.7 1531.6 401  347  600  253  284  616  332
18 2006 225.6  4.8  3.6  1.2  24  67.3 1598.9 409  368  532  164  248  559  311
19 2007 230.1  4.5  3.6  0.9  20  64.4 1663.3 412  366  592  226  291  612  321
20 2008 234.0  3.9  3.0  0.9  23  56.9 1720.2 412  365  572  207  294  618  324
21 2009 238.2  4.2  3.0  1.2  28  62.3 1782.5 439  384  578  194  315  608  293
22 2010 241.2  3.0  2.1  0.9  30  45.2 1827.7 428  372  559  187  297  616  319
23 2011 243.9  2.7  1.8  0.9  33  41.1 1868.8 421  363  537  174  313  581  268
24 2012 246.9  3.0  2.1  0.9  30  46.3 1915.1 439  373  593  220  315  672  357
25 2013 249.0  2.1  1.5  0.6  28  32.7 1947.8 436  379  578  199  340  581  241
26 2014 250.5  1.5  0.9  0.6  40  23.5 1971.4 479  416  573  157  340  613  273
27 2015 252.3  1.8  1.2  0.6  33  28.4 1999.8 479  415  608  193  353  637  284
28 2016 254.7  2.4  1.8  0.6  24  38.2 2038.0 446  407  562  155  362  585  223

Core Length:  255.0 mm
Core Density: 405 kg/m3
Cross-sectional Density:  403 kg/m3
Early/Latewood Threshold: 500 kg/m3
Attenuation Constant: 3.19

ִִִִִִִִִִִִִִִִִִִִִִִִִִִִִִִִִִִִִִִִִִִִִִִִִִִִִִִִִִִִִִִִִִִִִִִִִִִִִִִ
Core : 28
ֲֲֲִִִִִִִִִִִִִִִִִִִִִִִִִִִִִִִִִִִִִִִִִִִִִִִִִִִִִִִִִִִִִִִִִִִִִִִִִִִִ
       ³Widths (mm)              ³ Areas    ³ Densities (kg/m3)
       ³                         ³ (cm‎)    ³
Ring   ³Outer Ring Erly Late   % ³Incr Total³Ring E/Wd L/Wd Unif  Min  Max  Rng
 # Year³ Rad.      Wood Wood  LW ³          ³mean mean mean
ֱֱֱִִִִִִִִִִִִִִִִִִִִִִִִִִִִִִִִִִִִִִִִִִִִִִִִִִִִִִִִִִִִִִִִִִִִִִִִִִִִ

 1 1989   4.2  4.2  4.2  0.0   0   0.6    0.6 357  357    0    0  254  418  164
 2 1990  17.1 12.9 12.9  0.0   0   8.6    9.2 380  380    0    0  327  498  171
 3 1991  38.1 21.0 20.7  0.3   1  36.4   45.6 379  378  506  128  287  506  219
 4 1992  63.0 24.9 23.1  1.8   7  79.1  124.7 407  398  519  121  340  536  196
 5 1993  81.6 18.6 16.8  1.8   9  84.5  209.2 387  368  563  195  295  630  335
 6 1994  95.4 13.8 10.2  3.6  26  76.7  285.9 470  435  568  133  390  613  223
 7 1995 111.6 16.2 13.2  3.0  18 105.4  391.3 455  429  569  140  366  622  256
 8 1996 126.9 15.3 11.7  3.6  23 114.6  505.9 464  428  579  151  365  631  266
 9 1997 141.9 15.0 10.5  4.5  29 126.7  632.6 485  448  570  122  399  638  239
10 1998 153.0 11.1  7.8  3.3  29 102.8  735.4 439  395  543  148  307  578  271
11 1999 162.9  9.9  6.9  3.0  30  98.3  833.7 442  396  547  151  296  600  304
12 2000 170.7  7.8  5.1  2.7  34  81.7  915.4 427  369  537  168  267  607  340
13 2001 180.9 10.2  7.5  2.7  26 112.7 1028.1 433  395  539  144  304  584  280
14 2002 189.3  8.4  6.6  1.8  21  97.7 1125.8 406  363  568  205  270  596  326
15 2003 201.3 12.0  9.3  2.7  22 147.3 1273.0 427  393  543  150  274  573  299
16 2004 210.0  8.7  6.9  1.8  20 112.4 1385.4 401  361  556  195  267  595  328
17 2005 217.8  7.8  5.4  2.4  30 104.8 1490.3 426  358  578  220  283  639  356
18 2006 225.3  7.5  6.0  1.5  20 104.4 1594.7 417  383  555  172  277  575  298
19 2007 234.0  8.7  6.9  1.8  20 125.5 1720.2 417  376  573  197  272  609  337
20 2008 240.6  6.6  4.5  2.1  31  98.4 1818.6 436  376  565  189  294  610  316
21 2009 246.6  6.0  4.2  1.8  30  91.8 1910.5 425  372  547  175  297  587  290
22 2010 251.4  4.8  3.3  1.5  31  75.1 1985.5 419  347  579  232  270  668  398
23 2011 255.6  4.2  2.7  1.5  35  66.9 2052.4 438  369  562  193  294  596  302
24 2012 260.7  5.1  3.3  1.8  35  82.7 2135.2 447  360  607  247  296  668  372
25 2013 264.0  3.3  2.4  0.9  27  54.4 2189.6 426  371  571  200  305  623  318
26 2014 266.4  2.4  1.2  1.2  49  40.0 2229.6 489  372  607  235  308  666  358
27 2015 269.4  3.0  1.5  1.5  50  50.5 2280.1 497  393  601  208  320  654  334
28 2016 273.0  3.6  2.4  1.2  33  61.3 2341.4 481  413  619  206  317  647  330

Core Length:  273.9 mm
Core Density: 431 kg/m3
Cross-sectional Density:  434 kg/m3
Early/Latewood Threshold: 500 kg/m3
Attenuation Constant: 3.19

ִִִִִִִִִִִִִִִִִִִִִִִִִִִִִִִִִִִִִִִִִִִִִִִִִִִִִִִִִִִִִִִִִִִִִִִִִִִִִִִ
Core : 36
ֲֲֲִִִִִִִִִִִִִִִִִִִִִִִִִִִִִִִִִִִִִִִִִִִִִִִִִִִִִִִִִִִִִִִִִִִִִִִִִִִִ
       ³Widths (mm)              ³ Areas    ³ Densities (kg/m3)
       ³                         ³ (cm‎)    ³
Ring   ³Outer Ring Erly Late   % ³Incr Total³Ring E/Wd L/Wd Unif  Min  Max  Rng
 # Year³ Rad.      Wood Wood  LW ³          ³mean mean mean
ֱֱֱִִִִִִִִִִִִִִִִִִִִִִִִִִִִִִִִִִִִִִִִִִִִִִִִִִִִִִִִִִִִִִִִִִִִִִִִִִִִ

 2 1990  15.4 15.4 11.4  0.0   0   7.5    7.5 371  371    0    0  291  465  174
 3 1991  31.9 16.5 16.5  0.0   0  24.5   32.0 372  372    0    0  285  452  167
 4 1992  48.1 16.2 15.6  0.6   3  40.7   72.7 407  404  503   99  322  504  182
 5 1993  69.7 21.6 18.9  2.7  12  79.9  152.6 414  396  539  143  336  579  243
 6 1994  83.5 13.8  7.8  6.0  43  66.4  219.0 481  433  545  112  376  591  215
 7 1995  95.2 11.7  8.1  3.6  30  65.7  284.7 466  431  545  114  353  597  244
 8 1996 104.8  9.6  5.1  4.5  46  60.3  345.0 490  423  567  144  375  630  255
 9 1997 113.5  8.7  3.0  5.7  65  59.7  404.7 511  393  573  180  353  639  286
10 1998 120.1  6.6  3.3  3.3  50  48.4  453.1 483  381  585  204  317  636  319
11 1999 127.6  7.5  2.7  4.8  64  58.4  511.5 533  418  598  180  335  671  336
12 2000 132.7  5.1  2.4  2.7  52  41.7  553.2 506  385  614  229  325  709  384
13 2001 138.4  5.7  2.4  3.3  57  48.5  601.8 507  379  600  221  334  679  345
14 2002 142.3  3.9  2.1  1.8  46  34.4  636.2 497  384  629  245  320  704  384
15 2003 147.1  4.8  2.7  2.1  43  43.6  679.8 511  423  624  201  312  701  389
16 2004 150.4  3.3  1.5  1.8  54  30.8  710.6 514  398  610  212  343  724  381
17 2005 154.3  3.9  1.8  2.1  53  37.3  748.0 524  391  637  246  363  756  393
18 2006 158.2  3.9  1.5  2.4  61  38.3  786.3 544  421  621  200  367  659  292
19 2007 162.4  4.2  1.8  2.4  57  42.3  828.6 524  402  615  213  364  732  368
20 2008 166.0  3.6  1.5  2.1  58  37.1  865.7 539  416  627  211  366  716  350
21 2009 170.2  4.2  1.5  2.7  64  44.4  910.1 552  411  630  219  356  697  341
22 2010 172.6  2.4  0.9  1.5  62  25.8  935.9 529  388  613  225  372  689  317
23 2011 175.6  3.0  1.2  1.8  60  32.8  968.7 538  408  625  217  355  669  314
24 2012 178.6  3.0  1.2  1.8  60  33.4 1002.1 550  424  634  210  370  720  350
25 2013 181.6  3.0  1.5  1.5  50  33.9 1036.1 526  425  627  202  367  704  337
26 2014 184.3  2.7  0.9  1.8  66  31.0 1067.1 574  403  660  257  360  745  385
27 2015 187.0  2.7  1.2  1.5  55  31.5 1098.6 550  423  651  228  409  725  316
28 2016 189.7  2.7  1.2  1.5  55  32.0 1130.5 548  451  626  175  405  757  352

Core Length:  186.3 mm
Core Density: 502 kg/m3
Cross-sectional Density:  501 kg/m3
Early/Latewood Threshold: 500 kg/m3
Attenuation Constant: 3.19

ִִִִִִִִִִִִִִִִִִִִִִִִִִִִִִִִִִִִִִִִִִִִִִִִִִִִִִִִִִִִִִִִִִִִִִִִִִִִִִִ
Core : 39
ֲֲֲִִִִִִִִִִִִִִִִִִִִִִִִִִִִִִִִִִִִִִִִִִִִִִִִִִִִִִִִִִִִִִִִִִִִִִִִִִִִ
       ³Widths (mm)              ³ Areas    ³ Densities (kg/m3)
       ³                         ³ (cm‎)    ³
Ring   ³Outer Ring Erly Late   % ³Incr Total³Ring E/Wd L/Wd Unif  Min  Max  Rng
 # Year³ Rad.      Wood Wood  LW ³          ³mean mean mean
ֱֱֱִִִִִִִִִִִִִִִִִִִִִִִִִִִִִִִִִִִִִִִִִִִִִִִִִִִִִִִִִִִִִִִִִִִִִִִִִִִִ

 4 1992  19.6 19.6  9.6  0.0   0  12.1   12.1 355  355    0    0  282  473  191
 5 1993  46.6 27.0 26.4  0.6   2  56.2   68.2 360  357  506  149  253  508  255
 6 1994  67.6 21.0 21.0  0.0   0  75.3  143.6 412  412    0    0  323  494  171
 7 1995  86.2 18.6 18.6  0.0   0  89.9  233.4 367  367    0    0  297  453  156
 8 1996 104.8 18.6 18.6  0.0   0 111.6  345.0 366  366    0    0  274  456  182
 9 1997 125.2 20.4 19.2  1.2   5 147.4  492.4 395  387  513  126  283  538  255
10 1998 139.9 14.7 13.8  0.9   6 122.4  614.9 393  384  523  139  284  532  248
11 1999 154.0 14.1 11.7  2.4  17 130.2  745.1 414  391  525  134  294  564  270
12 2000 162.7  8.7  5.7  3.0  34  86.6  831.6 423  355  553  198  299  647  348
13 2001 170.8  8.1  6.0  2.1  25  84.9  916.5 434  395  545  150  320  609  289
14 2002 175.0  4.2  3.6  0.6  14  45.6  962.1 388  358  566  208  310  594  284
15 2003 179.8  4.8  4.2  0.6  12  53.5 1015.6 394  372  543  171  325  583  258
16 2004 182.8  3.0  2.1  0.9  30  34.2 1049.8 436  354  628  274  321  679  358
17 2005 186.4  3.6  2.7  0.9  24  41.8 1091.5 409  360  555  195  320  610  290
18 2006 189.7  3.3  2.1  1.2  36  39.0 1130.5 485  385  659  274  348  709  361
19 2007 193.3  3.6  3.0  0.6  16  43.3 1173.9 455  414  657  243  355  691  336
20 2008 195.7  2.4  1.5  0.9  37  29.3 1203.2 514  427  660  233  389  756  367
21 2009 197.8  2.1  1.2  0.9  42  26.0 1229.1 514  444  608  164  402  726  324
22 2010 199.6  1.8  1.2  0.6  33  22.5 1251.6 491  444  587  143  411  670  259
23 2011 201.4  1.8  1.2  0.6  33  22.7 1274.3 499  429  640  211  379  703  324
24 2012 202.9  1.5  0.9  0.6  40  19.1 1293.3 500  414  629  215  382  742  360
25 2013 204.1  1.2  0.6  0.6  50  15.3 1308.7 506  413  599  186  397  678  281
26 2014 205.0  0.9  0.3  0.6  66  11.6 1320.3 511  411  562  151  411  590  179
27 2015 206.2  1.2  0.6  0.6  50  15.5 1335.8 564  468  659  191  453  696  243
28 2016 207.7  1.5  0.9  0.6  40  19.5 1355.3 488  391  633  242  368  688  320

Core Length:  197.7 mm
Core Density: 442 kg/m3
Cross-sectional Density:  416 kg/m3
Early/Latewood Threshold: 500 kg/m3
Attenuation Constant: 3.19

ִִִִִִִִִִִִִִִִִִִִִִִִִִִִִִִִִִִִִִִִִִִִִִִִִִִִִִִִִִִִִִִִִִִִִִִִִִִִִִִ
Core : 40
ֲֲֲִִִִִִִִִִִִִִִִִִִִִִִִִִִִִִִִִִִִִִִִִִִִִִִִִִִִִִִִִִִִִִִִִִִִִִִִִִִִ
       ³Widths (mm)              ³ Areas    ³ Densities (kg/m3)
       ³                         ³ (cm‎)    ³
Ring   ³Outer Ring Erly Late   % ³Incr Total³Ring E/Wd L/Wd Unif  Min  Max  Rng
 # Year³ Rad.      Wood Wood  LW ³          ³mean mean mean
ֱֱֱִִִִִִִִִִִִִִִִִִִִִִִִִִִִִִִִִִִִִִִִִִִִִִִִִִִִִִִִִִִִִִִִִִִִִִִִִִִִ

 3 1991  19.2 19.2 13.2  0.0   0  11.6   11.6 365  365    0    0  301  444  143
 4 1992  41.7 22.5 22.5  0.0   0  43.0   54.6 397  397    0    0  306  470  164
 5 1993  61.2 19.5 16.8  2.7  13  63.0  117.7 387  365  524  159  282  552  270
 6 1994  78.0 16.8 14.4  2.4  14  73.5  191.1 445  433  517   84  321  534  213
 7 1995  91.8 13.8 12.6  1.2   8  73.6  264.7 416  406  524  118  295  546  251
 8 1996 107.4 15.6 11.7  3.9  25  97.6  362.4 434  406  516  110  314  537  223
 9 1997 120.6 13.2  9.6  3.6  27  94.5  456.9 429  391  529  138  301  578  277
10 1998 129.9  9.3  7.8  1.5  16  73.2  530.1 390  364  524  160  275  564  289
11 1999 138.6  8.7  6.9  1.8  20  73.4  603.5 439  410  549  139  320  571  251
12 2000 144.9  6.3  3.0  3.3  52  56.1  659.6 442  330  543  213  292  605  313
13 2001 152.7  7.8  4.8  3.0  38  72.9  732.5 437  381  526  145  306  591  285
14 2002 159.6  6.9  3.6  3.3  47  67.7  800.2 445  349  550  201  305  600  295
15 2003 168.9  9.3  6.3  3.0  32  96.0  896.2 440  383  558  175  310  602  292
16 2004 176.7  7.8  4.5  3.3  42  84.7  980.9 451  366  568  202  282  610  328
17 2005 182.7  6.0  3.6  2.4  40  67.7 1048.6 451  359  589  230  271  651  380
18 2006 188.7  6.0  2.1  3.9  65  70.0 1118.6 492  335  577  242  287  644  357
19 2007 195.3  6.6  3.9  2.7  40  79.6 1198.3 465  389  575  186  319  613  294
20 2008 200.1  4.8  2.1  2.7  56  59.6 1257.9 487  356  589  233  306  669  363
21 2009 204.9  4.8  2.1  2.7  56  61.1 1319.0 494  356  601  245  306  669  363
22 2010 208.2  3.3  1.5  1.8  54  42.8 1361.8 487  347  604  257  307  678  371
23 2011 213.3  5.1  1.5  3.6  70  67.5 1429.3 525  356  596  240  312  628  316
24 2012 218.4  5.1  2.1  3.0  58  69.2 1498.5 521  375  624  249  318  673  355
25 2013 222.6  4.2  2.1  2.1  50  58.2 1556.7 500  386  614  228  344  700  356
26 2014 226.2  3.6  1.8  1.8  49  50.8 1607.4 520  395  645  250  346  691  345
27 2015 230.1  3.9  1.8  2.1  53  55.9 1663.3 516  375  637  262  309  676  367
28 2016 233.7  3.6  1.2  2.4  66  52.5 1715.8 533  394  603  209  322  660  338

Core Length:  228.0 mm
Core Density: 458 kg/m3
Cross-sectional Density:  457 kg/m3
Early/Latewood Threshold: 500 kg/m3
Attenuation Constant: 3.19

ִִִִִִִִִִִִִִִִִִִִִִִִִִִִִִִִִִִִִִִִִִִִִִִִִִִִִִִִִִִִִִִִִִִִִִִִִִִִִִִ
Core : 44
ֲֲֲִִִִִִִִִִִִִִִִִִִִִִִִִִִִִִִִִִִִִִִִִִִִִִִִִִִִִִִִִִִִִִִִִִִִִִִִִִִִ
       ³Widths (mm)              ³ Areas    ³ Densities (kg/m3)
       ³                         ³ (cm‎)    ³
Ring   ³Outer Ring Erly Late   % ³Incr Total³Ring E/Wd L/Wd Unif  Min  Max  Rng
 # Year³ Rad.      Wood Wood  LW ³          ³mean mean mean
ֱֱֱִִִִִִִִִִִִִִִִִִִִִִִִִִִִִִִִִִִִִִִִִִִִִִִִִִִִִִִִִִִִִִִִִִִִִִִִִִִִ

 3 1991  24.9 24.9 18.9  0.0   0  19.5   19.5 369  369    0    0  289  495  206
 4 1992  47.7 22.8 22.8  0.0   0  52.0   71.5 372  372    0    0  293  483  190
 5 1993  69.0 21.3 20.1  1.2   5  78.1  149.6 384  376  515  139  284  524  240
 6 1994  87.3 18.3 16.5  1.8   9  89.9  239.4 423  413  513  100  314  525  211
 7 1995 108.3 21.0 15.9  5.1  24 129.0  368.5 433  403  528  125  327  546  219
 8 1996 128.1 19.8 16.5  3.3  16 147.0  515.5 421  401  523  122  334  551  217
 9 1997 150.0 21.9 13.8  8.1  36 191.3  706.9 461  417  537  120  369  580  211
10 1998 167.1 17.1 11.4  5.7  33 170.4  877.2 445  393  550  157  317  590  273
11 1999 184.5 17.4 11.1  6.3  36 192.2 1069.4 455  403  547  144  322  580  258
12 2000 194.7 10.2  6.9  3.3  32 121.5 1190.9 441  392  544  152  338  587  249
13 2001 206.7 12.0  7.5  4.5  37 151.3 1342.2 459  400  558  158  306  636  330
14 2002 215.1  8.4  5.4  3.0  35 111.3 1453.6 441  377  556  179  309  640  331
15 2003 229.8 14.7  8.4  6.3  42 205.5 1659.0 459  392  548  156  332  627  295
16 2004 239.1  9.3  5.7  3.6  38 137.0 1796.0 451  360  595  235  295  650  355
17 2005 248.1  9.0  6.0  3.0  33 137.8 1933.8 467  395  611  216  329  690  361
18 2006 256.2  8.1  4.8  3.3  40 128.3 2062.1 476  399  588  189  334  686  352
19 2007 263.1  6.9  5.1  1.8  26 112.6 2174.7 437  374  617  243  324  668  344
20 2008 268.2  5.1  3.0  2.1  41  85.1 2259.8 480  383  619  236  327  704  377
21 2009 274.5  6.3  3.3  3.0  47 107.4 2367.2 484  374  606  232  330  679  349
22 2010 279.9  5.4  3.3  2.1  38  94.1 2461.2 463  382  591  209  321  704  383
23 2011 283.8  3.9  1.8  2.1  53  69.1 2530.3 484  363  588  225  320  670  350
24 2012 286.2  2.4  1.8  0.6  25  43.0 2573.3 418  367  571  204  310  631  321
25 2013 289.2  3.0  1.8  1.2  40  54.2 2627.5 440  359  561  202  327  612  285
26 2014 293.1  3.9  2.1  1.8  46  71.3 2698.9 485  396  589  193  332  725  393
27 2015 297.9  4.8  3.0  1.8  37  89.1 2788.0 485  401  623  222  352  666  314
28 2016 301.5  3.6  2.7  0.9  25  67.8 2855.8 436  379  608  229  302  639  337

Core Length:  295.8 mm
Core Density: 444 kg/m3
Cross-sectional Density:  450 kg/m3
Early/Latewood Threshold: 500 kg/m3
Attenuation Constant: 3.19

ִִִִִִִִִִִִִִִִִִִִִִִִִִִִִִִִִִִִִִִִִִִִִִִִִִִִִִִִִִִִִִִִִִִִִִִִִִִִִִִ
Core : 45
ֲֲֲִִִִִִִִִִִִִִִִִִִִִִִִִִִִִִִִִִִִִִִִִִִִִִִִִִִִִִִִִִִִִִִִִִִִִִִִִִִִ
       ³Widths (mm)              ³ Areas    ³ Densities (kg/m3)
       ³                         ³ (cm‎)    ³
Ring   ³Outer Ring Erly Late   % ³Incr Total³Ring E/Wd L/Wd Unif  Min  Max  Rng
 # Year³ Rad.      Wood Wood  LW ³          ³mean mean mean
ֱֱֱִִִִִִִִִִִִִִִִִִִִִִִִִִִִִִִִִִִִִִִִִִִִִִִִִִִִִִִִִִִִִִִִִִִִִִִִִִִִ

 3 1991  26.4 26.4 14.4  0.0   0  21.9   21.9 350  350    0    0  283  477  194
 4 1992  43.2 16.8 16.5  0.3   1  36.7   58.6 396  394  500  106  291  500  209
 5 1993  65.1 21.9 21.9  0.0   0  74.5  133.1 363  363    0    0  286  479  193
 6 1994  84.6 19.5 17.4  2.1  10  91.7  224.8 404  391  516  125  302  529  227
 7 1995 101.4 16.8 15.3  1.5   8  98.2  323.0 399  387  522  135  298  540  242
 8 1996 120.3 18.9 16.2  2.7  14 131.6  454.7 417  395  554  159  314  580  266
 9 1997 138.0 17.7 12.9  4.8  27 143.6  598.3 446  409  543  134  359  620  261
10 1998 150.6 12.6  9.0  3.6  28 114.2  712.5 428  380  548  168  301  584  283
11 1999 163.5 12.9  7.2  5.7  44 127.3  839.8 476  408  563  155  338  649  311
12 2000 171.3  7.8  5.7  2.1  26  82.0  921.9 445  404  556  152  328  601  273
13 2001 179.4  8.1  4.5  3.6  44  89.2 1011.1 476  405  565  160  337  673  336
14 2002 186.0  6.6  4.5  2.1  31  75.8 1086.9 449  390  576  186  333  642  309
15 2003 195.3  9.3  4.2  5.1  54 111.4 1198.3 489  389  571  182  311  627  316
16 2004 201.3  6.0  3.3  2.7  45  74.8 1273.0 491  391  613  222  313  659  346
17 2005 206.7  5.4  2.7  2.7  49  69.2 1342.2 496  385  608  223  336  692  356
18 2006 213.3  6.6  2.1  4.5  68  87.1 1429.3 519  387  580  193  338  646  308
19 2007 220.8  7.5  3.3  4.2  56 102.3 1531.6 506  406  585  179  354  667  313
20 2008 225.9  5.1  1.8  3.3  64  71.6 1603.2 525  399  593  194  367  673  306
21 2009 230.7  4.8  1.8  3.0  62  68.9 1672.0 543  435  608  173  388  669  281
22 2010 234.3  3.6  1.8  1.8  50  52.6 1724.6 520  418  623  205  371  733  362
23 2011 236.7  2.4  1.2  1.2  49  35.5 1760.1 535  437  633  196  411  680  269
24 2012 240.6  3.9  1.8  2.1  53  58.5 1818.6 520  424  602  178  382  715  333
25 2013 243.3  2.7  0.9  1.8  66  41.0 1859.7 549  456  595  139  444  666  222
26 2014 246.9  3.6  0.9  2.7  74  55.4 1915.1 589  476  626  150  461  722  261
27 2015 252.3  5.4  1.8  3.6  66  84.7 1999.8 562  423  631  208  401  708  307
28 2016 254.7  2.4  1.2  1.2  49  38.2 2038.0 529  449  608  159  422  656  234

Core Length:  242.7 mm
Core Density: 477 kg/m3
Cross-sectional Density:  473 kg/m3
Early/Latewood Threshold: 500 kg/m3
Attenuation Constant: 3.19

