File : C:\DENSITOM\WOODHI~1\WHILL54.DAT
Cores :
2
48
50
53
77
87
91
95
111
115
127
131

ִִִִִִִִִִִִִִִִִִִִִִִִִִִִִִִִִִִִִִִִִִִִִִִִִִִִִִִִִִִִִִִִִִִִִִִִִִִִִִִ
Core : 2
ֲֲֲִִִִִִִִִִִִִִִִִִִִִִִִִִִִִִִִִִִִִִִִִִִִִִִִִִִִִִִִִִִִִִִִִִִִִִִִִִִִ
       ³Widths (mm)              ³ Areas    ³ Densities (kg/m3)
       ³                         ³ (cm‎)    ³
Ring   ³Outer Ring Erly Late   % ³Incr Total³Ring E/Wd L/Wd Unif  Min  Max  Rng
 # Year³ Rad.      Wood Wood  LW ³          ³mean mean mean
ֱֱֱִִִִִִִִִִִִִִִִִִִִִִִִִִִִִִִִִִִִִִִִִִִִִִִִִִִִִִִִִִִִִִִִִִִִִִִִִִִִ

 1 1989   3.3  3.3  3.3  0.0   0   0.3    0.3 302  302    0    0  166  382  216
 2 1990  12.3  9.0  9.0  0.0   0   4.4    4.8 329  329    0    0  284  432  148
 3 1991  29.4 17.1 17.1  0.0   0  22.4   27.2 308  308    0    0  247  430  183
 4 1992  45.0 15.6 15.6  0.0   0  36.5   63.6 332  332    0    0  266  477  211
 5 1993  60.6 15.6 15.3  0.3   1  51.8  115.4 334  331  516  185  259  516  257
 6 1994  73.8 13.2 10.5  2.7  20  55.7  171.1 391  353  542  189  286  570  284
 7 1995  89.1 15.3 13.5  1.8  11  78.3  249.4 381  358  551  193  268  593  325
 8 1996 102.0 12.9 11.4  1.5  11  77.4  326.9 381  363  522  159  302  541  239
 9 1997 116.1 14.1  9.6  4.5  31  96.6  423.5 423  374  527  153  307  568  261
10 1998 132.6 16.5 12.3  4.2  25 128.9  552.4 409  361  549  188  273  582  309
11 1999 142.8 10.2  7.5  2.7  26  88.2  640.6 439  398  555  157  326  590  264
12 2000 150.0  7.2  4.5  2.7  37  66.2  706.9 451  387  559  172  304  618  314
13 2001 157.8  7.8  2.7  5.1  65  75.4  782.3 520  402  582  180  352  699  347
14 2002 162.3  4.5  1.5  3.0  66  45.3  827.5 534  393  605  212  355  685  330
15 2003 168.0  5.7  2.7  3.0  52  59.1  886.7 548  457  630  173  397  746  349
16 2004 172.2  4.2  1.8  2.4  57  44.9  931.6 538  413  632  219  370  715  345
17 2005 174.6  2.4  0.9  1.5  62  26.1  957.7 561  461  622  161  445  744  299
18 2006 176.1  1.5  0.6  0.9  60  16.5  974.2 549  434  626  192  417  651  234
19 2007 177.3  1.2  0.3  0.9  75  13.3  987.6 610  419  673  254  419  758  339
20 2008 178.5  1.2  0.3  0.9  75  13.4 1001.0 567  446  608  162  446  702  256
21 2009 180.0  1.5  0.3  1.2  80  16.9 1017.9 677  455  733  278  455  804  349
22 2010 181.2  1.2  0.6  0.6  49  13.6 1031.5 582  453  712  259  451  736  285
23 2011 182.7  1.5  0.6  0.9  60  17.1 1048.6 597  446  698  252  441  706  265
24 2012 183.9  1.2  0.3  0.9  75  13.8 1062.5 552  414  598  184  414  671  257
25 2013 184.5  0.6  0.3  0.3  50   6.9 1069.4 544  488  600  112  488  600  112
26 2014 185.1  0.6  0.6  0.0   0   7.0 1076.4 487  487    0    0  482  493   11
27 2015 186.3  1.2  0.3  0.9  75  14.0 1090.4 635  469  691  222  469  775  306
28 2016 187.5  1.2  0.3  0.9  75  14.1 1104.5 558  417  605  188  417  734  317

Core Length:  187.5 mm
Core Density: 483 kg/m3
Cross-sectional Density:  454 kg/m3
Early/Latewood Threshold: 500 kg/m3
Attenuation Constant: 3.32

ִִִִִִִִִִִִִִִִִִִִִִִִִִִִִִִִִִִִִִִִִִִִִִִִִִִִִִִִִִִִִִִִִִִִִִִִִִִִִִִ
Core : 48
ֲֲֲִִִִִִִִִִִִִִִִִִִִִִִִִִִִִִִִִִִִִִִִִִִִִִִִִִִִִִִִִִִִִִִִִִִִִִִִִִִִ
       ³Widths (mm)              ³ Areas    ³ Densities (kg/m3)
       ³                         ³ (cm‎)    ³
Ring   ³Outer Ring Erly Late   % ³Incr Total³Ring E/Wd L/Wd Unif  Min  Max  Rng
 # Year³ Rad.      Wood Wood  LW ³          ³mean mean mean
ֱֱֱִִִִִִִִִִִִִִִִִִִִִִִִִִִִִִִִִִִִִִִִִִִִִִִִִִִִִִִִִִִִִִִִִִִִִִִִִִִִ

 3 1991  22.9 22.9 15.9  0.0   0  16.5   16.5 300  300    0    0  227  428  201
 4 1992  38.8 15.9 15.9  0.0   0  30.8   47.3 321  321    0    0  252  438  186
 5 1993  55.6 16.8 16.8  0.0   0  49.8   97.1 329  329    0    0  260  476  216
 6 1994  67.9 12.3 11.1  1.2   9  47.7  144.8 368  353  503  150  270  507  237
 7 1995  79.9 12.0 11.4  0.6   5  55.7  200.6 349  340  506  166  261  511  250
 8 1996  93.4 13.5 13.2  0.3   2  73.5  274.1 357  354  515  161  276  515  239
 9 1997 107.8 14.4 13.2  1.2   8  91.0  365.1 380  369  502  133  277  506  229
10 1998 118.9 11.1 10.2  0.9   8  79.1  444.1 363  348  530  182  270  544  274
11 1999 133.6 14.7 13.8  0.9   6 116.6  560.7 391  382  520  138  308  522  214
12 2000 140.8  7.2  6.3  0.9  12  62.1  622.8 374  351  541  190  288  578  290
13 2001 148.6  7.8  6.6  1.2  15  70.9  693.7 409  385  541  156  311  575  264
14 2002 155.8  7.2  6.0  1.2  16  68.9  762.6 429  394  601  207  309  622  313
15 2003 164.8  9.0  7.5  1.5  16  90.6  853.2 434  404  587  183  348  630  282
16 2004 170.5  5.7  4.8  0.9  15  60.0  913.3 421  391  579  188  330  634  304
17 2005 176.2  5.7  4.5  1.2  21  62.1  975.4 419  385  548  163  329  599  270
18 2006 181.3  5.1  2.7  2.4  47  57.3 1032.6 490  413  576  163  339  691  352
19 2007 186.1  4.8  3.3  1.5  31  55.4 1088.0 463  406  587  181  331  643  312
20 2008 189.1  3.0  2.1  0.9  30  35.4 1123.4 476  418  611  193  361  649  288
21 2009 192.1  3.0  1.8  1.2  40  35.9 1159.3 474  415  563  148  360  599  239
22 2010 194.2  2.1  1.8  0.3  14  25.5 1184.8 438  415  576  161  331  576  245
23 2011 197.5  3.3  1.8  1.5  45  40.6 1225.4 463  390  551  161  323  601  278
24 2012 200.2  2.7  2.1  0.6  22  33.7 1259.2 466  419  630  211  349  647  298
25 2013 202.6  2.4  2.1  0.3  12  30.4 1289.5 417  394  577  183  322  577  255
26 2014 206.8  4.2  2.7  1.5  35  54.0 1343.5 459  404  559  155  324  602  278
27 2015 211.3  4.5  3.0  1.5  33  59.1 1402.6 467  403  596  193  335  653  318
28 2016 214.6  3.3  2.7  0.6  18  44.2 1446.8 464  430  620  190  307  624  317

Core Length:  207.6 mm
Core Density: 412 kg/m3
Cross-sectional Density:  410 kg/m3
Early/Latewood Threshold: 500 kg/m3
Attenuation Constant: 3.32

ִִִִִִִִִִִִִִִִִִִִִִִִִִִִִִִִִִִִִִִִִִִִִִִִִִִִִִִִִִִִִִִִִִִִִִִִִִִִִִִ
Core : 50
ֲֲֲִִִִִִִִִִִִִִִִִִִִִִִִִִִִִִִִִִִִִִִִִִִִִִִִִִִִִִִִִִִִִִִִִִִִִִִִִִִִ
       ³Widths (mm)              ³ Areas    ³ Densities (kg/m3)
       ³                         ³ (cm‎)    ³
Ring   ³Outer Ring Erly Late   % ³Incr Total³Ring E/Wd L/Wd Unif  Min  Max  Rng
 # Year³ Rad.      Wood Wood  LW ³          ³mean mean mean
ֱֱֱִִִִִִִִִִִִִִִִִִִִִִִִִִִִִִִִִִִִִִִִִִִִִִִִִִִִִִִִִִִִִִִִִִִִִִִִִִִִ

 2 1990  17.1 17.1 11.1  0.0   0   9.2    9.2 309  309    0    0  258  406  148
 3 1991  35.4 18.3 18.3  0.0   0  30.2   39.4 312  312    0    0  228  473  245
 4 1992  50.4 15.0 14.1  0.9   6  40.4   79.8 336  325  503  178  250  507  257
 5 1993  65.4 15.0 14.1  0.9   6  54.6  134.4 325  311  537  226  237  561  324
 6 1994  81.0 15.6 12.3  3.3  21  71.7  206.1 381  341  529  188  255  568  313
 7 1995  93.9 12.9 11.4  1.5  11  70.9  277.0 366  341  557  216  273  595  322
 8 1996 107.4 13.5 11.1  2.4  17  85.4  362.4 402  371  547  176  277  596  319
 9 1997 120.9 13.5  9.3  4.2  31  96.8  459.2 439  377  578  201  308  618  310
10 1998 131.4 10.5  9.3  1.2  11  83.2  542.4 386  363  570  207  291  608  317
11 1999 141.3  9.9  7.2  2.7  27  84.8  627.2 434  386  562  176  303  598  295
12 2000 148.5  7.2  4.2  3.0  41  65.6  692.8 447  363  564  201  296  657  361
13 2001 156.3  7.8  4.5  3.3  42  74.7  767.5 456  370  573  203  301  636  335
14 2002 162.0  5.7  3.9  1.8  31  57.0  824.5 450  388  583  195  321  636  315
15 2003 168.3  6.3  3.9  2.4  38  65.4  889.9 489  427  588  161  364  635  271
16 2004 174.0  5.7  3.9  1.8  31  61.3  951.1 481  420  614  194  362  658  296
17 2005 179.7  5.7  3.9  1.8  31  63.3 1014.5 475  412  611  199  375  661  286
18 2006 184.8  5.1  3.3  1.8  35  58.4 1072.9 488  425  603  178  343  641  298
19 2007 191.1  6.3  4.5  1.8  28  74.4 1147.3 469  424  584  160  365  652  287
20 2008 195.3  4.2  3.0  1.2  28  51.0 1198.3 485  430  621  191  357  678  321
21 2009 199.8  4.5  2.4  2.1  46  55.9 1254.1 511  443  588  145  397  681  284
22 2010 202.5  2.7  1.5  1.2  44  34.1 1288.2 492  436  561  125  392  595  203
23 2011 204.6  2.1  0.9  1.2  57  26.9 1315.1 521  435  586  151  408  626  218
24 2012 206.7  2.1  0.9  1.2  57  27.1 1342.2 531  464  581  117  428  649  221
25 2013 208.2  1.5  0.9  0.6  40  19.6 1361.8 487  437  563  126  404  592  188
26 2014 210.0  1.8  0.6  1.2  66  23.6 1385.4 544  434  600  166  428  684  256
27 2015 213.3  3.3  1.5  1.8  54  43.9 1429.3 538  459  603  144  433  687  254
28 2016 215.4  2.1  0.9  1.2  57  28.3 1457.6 539  452  605  153  419  664  245

Core Length:  209.4 mm
Core Density: 447 kg/m3
Cross-sectional Density:  443 kg/m3
Early/Latewood Threshold: 500 kg/m3
Attenuation Constant: 3.32

ִִִִִִִִִִִִִִִִִִִִִִִִִִִִִִִִִִִִִִִִִִִִִִִִִִִִִִִִִִִִִִִִִִִִִִִִִִִִִִִ
Core : 53
ֲֲֲִִִִִִִִִִִִִִִִִִִִִִִִִִִִִִִִִִִִִִִִִִִִִִִִִִִִִִִִִִִִִִִִִִִִִִִִִִִִ
       ³Widths (mm)              ³ Areas    ³ Densities (kg/m3)
       ³                         ³ (cm‎)    ³
Ring   ³Outer Ring Erly Late   % ³Incr Total³Ring E/Wd L/Wd Unif  Min  Max  Rng
 # Year³ Rad.      Wood Wood  LW ³          ³mean mean mean
ֱֱֱִִִִִִִִִִִִִִִִִִִִִִִִִִִִִִִִִִִִִִִִִִִִִִִִִִִִִִִִִִִִִִִִִִִִִִִִִִִִ

 2 1990  20.5 20.5 13.5  0.0   0  13.2   13.2 316  316    0    0  256  433  177
 3 1991  42.1 21.6 21.6  0.0   0  42.5   55.7 301  301    0    0  234  390  156
 4 1992  63.4 21.3 21.3  0.0   0  70.6  126.3 322  322    0    0  243  463  220
 5 1993  84.7 21.3 21.3  0.0   0  99.1  225.4 322  322    0    0  255  464  209
 6 1994  98.5 13.8 12.0  1.8  13  79.4  304.8 375  352  530  178  286  560  274
 7 1995 112.3 13.8 12.9  0.9   6  91.4  396.2 374  363  531  168  278  540  262
 8 1996 127.0 14.7 13.5  1.2   8 110.5  506.7 377  365  518  153  277  528  251
 9 1997 139.0 12.0  9.3  2.7  22 100.3  607.0 405  361  557  196  300  596  296
10 1998 148.3  9.3  7.2  2.1  22  83.9  690.9 401  358  546  188  280  586  306
11 1999 155.8  7.5  5.1  2.4  32  71.7  762.6 440  380  568  188  305  600  295
12 2000 161.5  5.7  4.2  1.5  26  56.8  819.4 437  391  564  173  304  662  358
13 2001 168.7  7.2  4.2  3.0  41  74.7  894.1 450  367  566  199  291  656  365
14 2002 173.8  5.1  3.3  1.8  35  54.9  949.0 433  359  570  211  296  652  356
15 2003 180.1  6.3  4.5  1.8  28  70.0 1019.0 417  361  556  195  311  619  308
16 2004 183.7  3.6  2.4  1.2  33  41.1 1060.2 436  365  578  213  289  635  346
17 2005 187.0  3.3  2.4  0.9  27  38.4 1098.6 459  397  625  228  319  673  354
18 2006 189.7  2.7  1.5  1.2  44  32.0 1130.5 459  367  575  208  311  639  328
19 2007 192.4  2.7  1.8  0.9  33  32.4 1162.9 461  406  571  165  338  619  281
20 2008 194.5  2.1  0.9  1.2  57  25.5 1188.5 515  407  596  189  358  739  381
21 2009 196.6  2.1  0.9  1.2  57  25.8 1214.3 535  400  636  236  343  673  330
22 2010 199.0  2.4  0.9  1.5  62  29.8 1244.1 494  358  576  218  341  656  315
23 2011 202.3  3.3  0.9  2.4  72  41.6 1285.7 531  390  583  193  361  650  289
24 2012 205.9  3.6  1.8  1.8  49  46.2 1331.9 511  414  607  193  340  672  332
25 2013 209.5  3.6  1.8  1.8  49  47.0 1378.9 492  402  582  180  346  731  385
26 2014 211.3  1.8  0.6  1.2  66  23.8 1402.6 533  382  608  226  342  654  312
27 2015 214.0  2.7  1.5  1.2  44  36.1 1438.7 499  398  627  229  350  706  356
28 2016 216.4  2.4  1.2  1.2  50  32.5 1471.2 487  396  578  182  355  657  302

Core Length:  209.7 mm
Core Density: 436 kg/m3
Cross-sectional Density:  419 kg/m3
Early/Latewood Threshold: 500 kg/m3
Attenuation Constant: 3.32

ִִִִִִִִִִִִִִִִִִִִִִִִִִִִִִִִִִִִִִִִִִִִִִִִִִִִִִִִִִִִִִִִִִִִִִִִִִִִִִִ
Core : 77
ֲֲֲִִִִִִִִִִִִִִִִִִִִִִִִִִִִִִִִִִִִִִִִִִִִִִִִִִִִִִִִִִִִִִִִִִִִִִִִִִִִ
       ³Widths (mm)              ³ Areas    ³ Densities (kg/m3)
       ³                         ³ (cm‎)    ³
Ring   ³Outer Ring Erly Late   % ³Incr Total³Ring E/Wd L/Wd Unif  Min  Max  Rng
 # Year³ Rad.      Wood Wood  LW ³          ³mean mean mean
ֱֱֱִִִִִִִִִִִִִִִִִִִִִִִִִִִִִִִִִִִִִִִִִִִִִִִִִִִִִִִִִִִִִִִִִִִִִִִִִִִִ

 2 1990  17.0 17.0  9.0  0.0   0   9.1    9.1 357  357    0    0  296  467  171
 3 1991  32.3 15.3 13.8  1.5   9  23.7   32.8 370  355  505  150  254  513  259
 4 1992  46.7 14.4 13.5  0.9   6  35.7   68.5 366  356  516  160  281  535  254
 5 1993  62.3 15.6 13.5  2.1  13  53.4  121.9 363  338  526  188  265  546  281
 6 1994  74.3 12.0  9.0  3.0  25  51.5  173.4 420  372  564  192  285  598  313
 7 1995  86.9 12.6  9.3  3.3  26  63.8  237.2 417  370  551  181  263  602  339
 8 1996  96.2  9.3  5.7  3.6  38  53.5  290.7 432  360  546  186  291  605  314
 9 1997 107.3 11.1  6.9  4.2  37  71.0  361.7 460  398  562  164  296  597  301
10 1998 117.2  9.9  7.2  2.7  27  69.8  431.5 422  371  558  187  268  596  328
11 1999 127.7 10.5  6.6  3.9  37  80.8  512.3 476  429  556  127  331  608  277
12 2000 133.7  6.0  3.3  2.7  44  49.3  561.6 468  379  576  197  307  621  314
13 2001 140.0  6.3  3.3  3.0  47  54.2  615.8 474  378  579  201  302  673  371
14 2002 144.5  4.5  2.7  1.8  40  40.2  656.0 472  383  606  223  326  634  308
15 2003 150.2  5.7  3.6  2.1  36  52.8  708.7 477  411  590  179  363  636  273
16 2004 154.4  4.2  2.4  1.8  42  40.2  748.9 492  413  598  185  323  708  385
17 2005 157.7  3.3  1.8  1.5  45  32.4  781.3 501  422  596  174  384  691  307
18 2006 161.6  3.9  1.5  2.4  61  39.1  820.4 527  397  609  212  338  697  359
19 2007 165.2  3.6  2.1  1.5  41  37.0  857.4 475  406  572  166  355  684  329
20 2008 167.3  2.1  1.2  0.9  42  21.9  879.3 511  430  620  190  370  688  318
21 2009 169.4  2.1  0.9  1.2  57  22.2  901.5 529  412  616  204  369  685  316
22 2010 170.9  1.5  0.9  0.6  40  16.0  917.6 491  431  580  149  386  584  198
23 2011 173.3  2.4  0.9  1.5  62  26.0  943.5 542  432  608  176  405  668  263
24 2012 174.8  1.5  0.6  0.9  60  16.4  959.9 517  424  580  156  376  613  237
25 2013 176.6  1.8  0.9  0.9  49  19.9  979.8 523  453  592  139  387  641  254
26 2014 177.5  0.9  0.3  0.6  66  10.0  989.8 589  492  637  145  492  645  153
27 2015 178.7  1.2  0.6  0.6  49  13.4 1003.2 496  429  563  134  407  577  170
28 2016 179.6  0.9  0.6  0.3  33  10.1 1013.4 482  424  599  175  359  599  240

Core Length:  171.6 mm
Core Density: 468 kg/m3
Cross-sectional Density:  458 kg/m3
Early/Latewood Threshold: 500 kg/m3
Attenuation Constant: 3.32

ִִִִִִִִִִִִִִִִִִִִִִִִִִִִִִִִִִִִִִִִִִִִִִִִִִִִִִִִִִִִִִִִִִִִִִִִִִִִִִִ
Core : 87
ֲֲֲִִִִִִִִִִִִִִִִִִִִִִִִִִִִִִִִִִִִִִִִִִִִִִִִִִִִִִִִִִִִִִִִִִִִִִִִִִִִ
       ³Widths (mm)              ³ Areas    ³ Densities (kg/m3)
       ³                         ³ (cm‎)    ³
Ring   ³Outer Ring Erly Late   % ³Incr Total³Ring E/Wd L/Wd Unif  Min  Max  Rng
 # Year³ Rad.      Wood Wood  LW ³          ³mean mean mean
ֱֱֱִִִִִִִִִִִִִִִִִִִִִִִִִִִִִִִִִִִִִִִִִִִִִִִִִִִִִִִִִִִִִִִִִִִִִִִִִִִִ

 1 1989   3.0  3.0  2.1  0.9  30   0.3    0.3 422  387  504  117  235  509  274
 2 1990  10.2  7.2  6.9  0.3   4   3.0    3.3 399  393  540  147  326  540  214
 3 1991  25.8 15.6 15.6  0.0   0  17.6   20.9 364  364    0    0  300  463  163
 4 1992  43.8 18.0 18.0  0.0   0  39.4   60.3 376  376    0    0  314  493  179
 5 1993  66.3 22.5 21.3  1.2   5  77.8  138.1 361  352  520  168  292  535  243
 6 1994  82.5 16.2 12.0  4.2  25  75.7  213.8 433  392  548  156  322  599  277
 7 1995  96.6 14.1 12.0  2.1  14  79.3  293.2 405  381  540  159  321  569  248
 8 1996 105.6  9.0  6.9  2.1  23  57.2  350.3 428  391  551  160  329  606  277
 9 1997 114.9  9.3  7.2  2.1  22  64.4  414.8 415  379  536  157  322  568  246
10 1998 123.3  8.4  4.8  3.6  42  62.9  477.6 451  374  554  180  315  612  297
11 1999 132.6  9.3  6.9  2.4  25  74.8  552.4 450  410  563  153  342  623  281
12 2000 140.7  8.1  5.4  2.7  33  69.5  621.9 454  387  588  201  337  668  331
13 2001 146.7  6.0  3.9  2.1  35  54.2  676.1 478  423  580  157  358  667  309
14 2002 150.9  4.2  2.4  1.8  42  39.3  715.4 480  385  606  221  341  682  341
15 2003 157.8  6.9  4.2  2.7  39  66.9  782.3 469  391  590  199  335  652  317
16 2004 162.3  4.5  2.7  1.8  40  45.3  827.5 492  412  610  198  342  672  330
17 2005 166.8  4.5  2.4  2.1  46  46.5  874.1 496  398  608  210  348  685  337
18 2006 171.6  4.8  3.0  1.8  37  51.0  925.1 475  417  573  156  330  652  322
19 2007 175.8  4.2  2.4  1.8  42  45.8  970.9 509  425  620  195  347  686  339
20 2008 180.9  5.1  3.3  1.8  35  57.2 1028.1 483  404  628  224  327  696  369
21 2009 185.7  4.8  2.7  2.1  43  55.3 1083.4 490  407  597  190  355  681  326
22 2010 189.0  3.3  1.5  1.8  54  38.8 1122.2 502  403  584  181  348  744  396
23 2011 192.3  3.3  1.2  2.1  63  39.5 1161.7 526  413  590  177  347  661  314
24 2012 195.6  3.3  1.8  1.5  45  40.2 1202.0 518  437  616  179  365  679  314
25 2013 198.0  2.4  1.2  1.2  49  29.7 1231.6 491  404  578  174  365  638  273
26 2014 200.4  2.4  0.9  1.5  62  30.0 1261.7 547  424  621  197  382  718  336
27 2015 203.4  3.0  0.9  2.1  70  38.1 1299.7 552  450  596  146  395  673  278
28 2016 205.5  2.1  0.9  1.2  57  27.0 1326.7 535  448  600  152  426  628  202

Core Length:  205.5 mm
Core Density: 464 kg/m3
Cross-sectional Density:  460 kg/m3
Early/Latewood Threshold: 500 kg/m3
Attenuation Constant: 3.32

ִִִִִִִִִִִִִִִִִִִִִִִִִִִִִִִִִִִִִִִִִִִִִִִִִִִִִִִִִִִִִִִִִִִִִִִִִִִִִִִ
Core : 91
ֲֲֲִִִִִִִִִִִִִִִִִִִִִִִִִִִִִִִִִִִִִִִִִִִִִִִִִִִִִִִִִִִִִִִִִִִִִִִִִִִִ
       ³Widths (mm)              ³ Areas    ³ Densities (kg/m3)
       ³                         ³ (cm‎)    ³
Ring   ³Outer Ring Erly Late   % ³Incr Total³Ring E/Wd L/Wd Unif  Min  Max  Rng
 # Year³ Rad.      Wood Wood  LW ³          ³mean mean mean
ֱֱֱִִִִִִִִִִִִִִִִִִִִִִִִִִִִִִִִִִִִִִִִִִִִִִִִִִִִִִִִִִִִִִִִִִִִִִִִִִִִ

 1 1989   3.3  3.3  3.0  0.3   9   0.3    0.3 404  394  511  117  218  511  293
 2 1990  13.8 10.5  9.3  1.2  11   5.6    6.0 444  430  556  126  374  606  232
 3 1991  31.5 17.7 17.1  0.6   3  25.2   31.2 408  405  511  106  324  513  189
 4 1992  49.5 18.0 17.4  0.6   3  45.8   77.0 378  373  522  149  316  525  209
 5 1993  66.6 17.1 15.3  1.8  10  62.4  139.3 385  364  566  202  310  620  310
 6 1994  78.6 12.0  9.3  2.7  22  54.7  194.1 424  384  563  179  321  640  319
 7 1995  89.7 11.1  9.6  1.5  13  58.7  252.8 413  391  554  163  330  607  277
 8 1996 104.4 14.7 11.7  3.0  20  89.6  342.4 437  402  573  171  329  607  278
 9 1997 121.2 16.8 12.0  4.8  28 119.1  461.5 462  429  544  115  354  596  242
10 1998 133.8 12.6 11.4  1.2   9 100.9  562.4 398  384  527  143  314  561  247
11 1999 142.8  9.0  6.3  2.7  30  78.2  640.6 451  406  556  150  341  572  231
12 2000 149.1  6.3  4.2  2.1  33  57.8  698.4 459  403  572  169  342  639  297
13 2001 155.4  6.3  4.2  2.1  33  60.3  758.7 470  411  586  175  353  628  275
14 2002 161.1  5.7  3.0  2.7  47  56.7  815.3 494  409  589  180  361  634  273
15 2003 171.6 10.5  6.0  4.5  42 109.7  925.1 490  415  590  175  360  652  292
16 2004 179.7  8.1  4.8  3.3  40  89.4 1014.5 488  425  579  154  367  640  273
17 2005 186.0  6.3  4.2  2.1  33  72.4 1086.9 485  427  601  174  386  702  316
18 2006 192.6  6.6  3.0  3.6  54  78.5 1165.4 532  446  604  158  419  706  287
19 2007 198.6  6.0  3.3  2.7  45  73.7 1239.1 517  442  608  166  412  692  280
20 2008 202.5  3.9  2.1  1.8  46  49.1 1288.2 518  446  602  156  412  739  327
21 2009 205.8  3.3  0.9  2.4  72  42.3 1330.6 583  443  636  193  415  714  299
22 2010 208.8  3.0  0.9  2.1  70  39.1 1369.7 568  437  624  187  429  711  282
23 2011 212.1  3.3  0.9  2.4  72  43.6 1413.3 589  441  644  203  428  731  303
24 2012 216.0  3.9  1.2  2.7  69  52.5 1465.7 577  452  633  181  429  728  299
25 2013 218.1  2.1  0.9  1.2  57  28.6 1494.4 533  471  579  108  450  668  218
26 2014 219.3  1.2  0.3  0.9  75  16.5 1510.9 573  446  616  170  446  717  271
27 2015 222.0  2.7  0.9  1.8  66  37.4 1548.3 580  468  636  168  448  728  280
28 2016 224.7  2.7  0.9  1.8  66  37.9 1586.2 570  454  628  174  430  739  309

Core Length:  225.3 mm
Core Density: 486 kg/m3
Cross-sectional Density:  480 kg/m3
Early/Latewood Threshold: 500 kg/m3
Attenuation Constant: 3.32

ִִִִִִִִִִִִִִִִִִִִִִִִִִִִִִִִִִִִִִִִִִִִִִִִִִִִִִִִִִִִִִִִִִִִִִִִִִִִִִִ
Core : 95
ֲֲֲִִִִִִִִִִִִִִִִִִִִִִִִִִִִִִִִִִִִִִִִִִִִִִִִִִִִִִִִִִִִִִִִִִִִִִִִִִִִ
       ³Widths (mm)              ³ Areas    ³ Densities (kg/m3)
       ³                         ³ (cm‎)    ³
Ring   ³Outer Ring Erly Late   % ³Incr Total³Ring E/Wd L/Wd Unif  Min  Max  Rng
 # Year³ Rad.      Wood Wood  LW ³          ³mean mean mean
ֱֱֱִִִִִִִִִִִִִִִִִִִִִִִִִִִִִִִִִִִִִִִִִִִִִִִִִִִִִִִִִִִִִִִִִִִִִִִִִִִִ

 2 1990  15.3 15.3 12.3  0.0   0   7.4    7.4 311  311    0    0  256  427  171
 3 1991  34.5 19.2 19.2  0.0   0  30.0   37.4 323  323    0    0  268  417  149
 4 1992  54.0 19.5 19.5  0.0   0  54.2   91.6 328  328    0    0  242  437  195
 5 1993  75.0 21.0 20.4  0.6   2  85.1  176.7 326  320  526  206  250  550  300
 6 1994  88.8 13.8 12.9  0.9   6  71.0  247.7 388  378  528  150  301  552  251
 7 1995 100.2 11.4 10.5  0.9   7  67.7  315.4 374  359  545  186  285  586  301
 8 1996 110.1  9.9  8.4  1.5  15  65.4  380.8 409  385  541  156  298  600  302
 9 1997 122.4 12.3  9.9  2.4  19  89.8  470.7 415  388  528  140  287  554  267
10 1998 132.0  9.6  8.4  1.2  12  76.7  547.4 387  364  541  177  284  574  290
11 1999 141.3  9.3  7.2  2.1  22  79.8  627.2 406  367  543  176  299  622  323
12 2000 147.6  6.3  4.2  2.1  33  57.2  684.4 431  360  575  215  300  625  325
13 2001 154.8  7.2  4.8  2.4  33  68.4  752.8 441  375  574  199  307  670  363
14 2002 159.9  5.1  3.3  1.8  35  50.4  803.2 461  383  605  222  324  648  324
15 2003 167.4  7.5  5.1  2.4  32  77.1  880.4 450  396  566  170  350  608  258
16 2004 172.5  5.1  3.3  1.8  35  54.5  934.8 446  377  573  196  310  617  307
17 2005 177.3  4.8  3.3  1.5  31  52.7  987.6 458  399  589  190  335  703  368
18 2006 180.6  3.3  2.1  1.2  36  37.1 1024.7 470  401  590  189  344  637  293
19 2007 183.0  2.4  1.2  1.2  50  27.4 1052.1 481  409  554  145  367  575  208
20 2008 184.8  1.8  0.9  0.9  49  20.8 1072.9 517  423  612  189  402  644  242
21 2009 187.2  2.4  0.9  1.5  62  28.0 1100.9 528  451  575  124  442  667  225
22 2010 188.7  1.5  0.3  1.2  80  17.7 1118.6 555  460  579  119  460  662  202
23 2011 189.9  1.2  0.3  0.9  75  14.3 1132.9 554  418  600  182  418  650  232
24 2012 191.7  1.8  0.6  1.2  66  21.6 1154.5 528  412  585  173  411  681  270
25 2013 193.2  1.5  0.6  0.9  60  18.1 1172.6 539  459  592  133  442  624  182
26 2014 194.1  0.9  0.6  0.3  33  11.0 1183.6 484  451  552  101  407  552  145
27 2015 195.6  1.5  0.6  0.9  60  18.4 1202.0 545  445  612  167  438  674  236
28 2016 196.5  0.9  0.6  0.3  33  11.1 1213.0 466  411  576  165  337  576  239

Core Length:  193.5 mm
Core Density: 445 kg/m3
Cross-sectional Density:  423 kg/m3
Early/Latewood Threshold: 500 kg/m3
Attenuation Constant: 3.32

ִִִִִִִִִִִִִִִִִִִִִִִִִִִִִִִִִִִִִִִִִִִִִִִִִִִִִִִִִִִִִִִִִִִִִִִִִִִִִִִ
Core : 111
ֲֲֲִִִִִִִִִִִִִִִִִִִִִִִִִִִִִִִִִִִִִִִִִִִִִִִִִִִִִִִִִִִִִִִִִִִִִִִִִִִִ
       ³Widths (mm)              ³ Areas    ³ Densities (kg/m3)
       ³                         ³ (cm‎)    ³
Ring   ³Outer Ring Erly Late   % ³Incr Total³Ring E/Wd L/Wd Unif  Min  Max  Rng
 # Year³ Rad.      Wood Wood  LW ³          ³mean mean mean
ֱֱֱִִִִִִִִִִִִִִִִִִִִִִִִִִִִִִִִִִִִִִִִִִִִִִִִִִִִִִִִִִִִִִִִִִִִִִִִִִִִ

 2 1990  18.2 18.2 10.2  0.0   0  10.4   10.4 345  345    0    0  294  444  150
 3 1991  33.8 15.6 15.6  0.0   0  25.5   35.9 350  350    0    0  282  481  199
 4 1992  50.6 16.8 14.4  2.4  14  44.5   80.4 366  340  526  186  283  550  267
 5 1993  66.2 15.6 12.9  2.7  17  57.2  137.7 382  348  548  200  286  591  305
 6 1994  77.0 10.8  8.1  2.7  25  48.6  186.3 435  392  562  170  340  614  274
 7 1995  86.3  9.3  8.4  0.9   9  47.7  234.0 382  363  560  197  271  586  315
 8 1996  96.2  9.9  6.9  3.0  30  56.8  290.7 415  357  547  190  267  577  310
 9 1997 107.6 11.4  7.2  4.2  36  73.0  363.7 458  393  571  178  296  609  313
10 1998 116.3  8.7  5.1  3.6  41  61.2  424.9 446  361  567  206  299  654  355
11 1999 124.7  8.4  5.1  3.3  39  63.6  488.5 483  416  587  171  342  673  331
12 2000 129.5  4.8  2.4  2.4  50  38.3  526.9 496  372  620  248  314  696  382
13 2001 134.9  5.4  1.8  3.6  66  44.9  571.7 524  381  595  214  346  675  329
14 2002 138.8  3.9  1.8  2.1  53  33.5  605.2 505  376  616  240  331  697  366
15 2003 143.3  4.5  2.4  2.1  46  39.9  645.1 498  402  607  205  360  679  319
16 2004 145.4  2.1  0.9  1.2  57  19.0  664.2 534  428  613  185  386  680  294
17 2005 147.5  2.1  0.9  1.2  57  19.3  683.5 521  418  598  180  388  679  291
18 2006 149.3  1.8  0.6  1.2  66  16.8  700.3 550  433  609  176  414  664  250
19 2007 152.0  2.7  0.9  1.8  66  25.6  725.8 525  415  580  165  409  618  209
20 2008 154.7  2.7  0.6  2.1  77  26.0  751.8 565  416  608  192  415  725  310
21 2009 157.4  2.7  0.9  1.8  66  26.5  778.3 586  470  643  173  434  703  269
22 2010 159.2  1.8  0.9  0.9  49  17.9  796.2 545  457  633  176  401  657  256
23 2011 161.0  1.8  0.6  1.2  66  18.1  814.3 592  484  646  162  481  695  214
24 2012 163.1  2.1  0.6  1.5  71  21.4  835.7 567  446  616  170  444  700  256
25 2013 164.0  0.9  0.0  0.9 100   9.2  845.0 581    0  581  581  528  672  144
26 2014 165.2  1.2  0.3  0.9  74  12.4  857.4 543  452  574  122  452  654  202
27 2015 166.4  1.2  0.0  1.2 100  12.5  869.9 608    0  608  608  553  664  111
28 2016 167.3  0.9  0.3  0.6  66   9.4  879.3 511  450  542   92  450  554  104

Core Length:  159.3 mm
Core Density: 493 kg/m3
Cross-sectional Density:  471 kg/m3
Early/Latewood Threshold: 500 kg/m3
Attenuation Constant: 3.32

ִִִִִִִִִִִִִִִִִִִִִִִִִִִִִִִִִִִִִִִִִִִִִִִִִִִִִִִִִִִִִִִִִִִִִִִִִִִִִִִ
Core : 115
ֲֲֲִִִִִִִִִִִִִִִִִִִִִִִִִִִִִִִִִִִִִִִִִִִִִִִִִִִִִִִִִִִִִִִִִִִִִִִִִִִִ
       ³Widths (mm)              ³ Areas    ³ Densities (kg/m3)
       ³                         ³ (cm‎)    ³
Ring   ³Outer Ring Erly Late   % ³Incr Total³Ring E/Wd L/Wd Unif  Min  Max  Rng
 # Year³ Rad.      Wood Wood  LW ³          ³mean mean mean
ֱֱֱִִִִִִִִִִִִִִִִִִִִִִִִִִִִִִִִִִִִִִִִִִִִִִִִִִִִִִִִִִִִִִִִִִִִִִִִִִִִ

 1 1989   5.4  5.4  5.1  0.3   5   0.9    0.9 389  382  511  129  129  511  382
 2 1990  20.7 15.3 15.3  0.0   0  12.5   13.5 404  404    0    0  339  497  158
 3 1991  39.6 18.9 18.9  0.0   0  35.8   49.3 374  374    0    0  273  481  208
 4 1992  55.5 15.9 15.6  0.3   1  47.5   96.8 352  349  526  177  291  526  235
 5 1993  80.7 25.2 23.7  1.5   5 107.8  204.6 346  333  549  216  238  607  369
 6 1994  95.4 14.7 10.5  4.2  28  81.3  285.9 418  370  536  166  296  573  277
 7 1995 111.3 15.9 14.4  1.5   9 103.2  389.2 396  384  514  130  288  526  238
 8 1996 124.2 12.9 11.7  1.2   9  95.4  484.6 370  356  509  153  285  519  234
 9 1997 133.8  9.6  7.8  1.8  18  77.8  562.4 414  384  543  159  301  559  258
10 1998 143.7  9.9  8.7  1.2  12  86.3  648.7 390  371  522  151  280  563  283
11 1999 152.7  9.0  6.6  2.4  26  83.8  732.5 419  367  562  195  277  646  369
12 2000 159.9  7.2  5.1  2.1  29  70.7  803.2 429  373  566  193  289  628  339
13 2001 165.6  5.7  3.9  1.8  31  58.3  861.5 430  359  586  227  275  654  379
14 2002 170.4  4.8  3.9  0.9  18  50.7  912.2 419  372  623  251  292  633  341
15 2003 177.3  6.9  5.1  1.8  26  75.4  987.6 451  400  595  195  325  642  317
16 2004 181.5  4.2  2.7  1.5  35  47.3 1034.9 487  417  614  197  307  667  360
17 2005 186.0  4.5  3.3  1.2  26  52.0 1086.9 459  392  642  250  334  698  364
18 2006 190.5  4.5  2.1  2.4  53  53.2 1140.1 505  387  607  220  341  717  376
19 2007 195.3  4.8  2.1  2.7  56  58.2 1198.3 530  417  619  202  365  686  321
20 2008 199.8  4.5  2.4  2.1  46  55.9 1254.1 497  400  607  207  361  684  323
21 2009 203.1  3.3  1.5  1.8  54  41.8 1295.9 515  395  615  220  359  705  346
22 2010 205.2  2.1  0.9  1.2  57  26.9 1322.8 509  413  582  169  378  656  278
23 2011 207.0  1.8  0.6  1.2  66  23.3 1346.1 534  415  594  179  398  653  255
24 2012 209.4  2.4  1.5  0.9  37  31.4 1377.5 486  412  609  197  365  656  291
25 2013 210.9  1.5  0.9  0.6  40  19.8 1397.3 505  423  630  207  387  663  276
26 2014 212.4  1.5  0.6  0.9  60  19.9 1417.3 539  400  632  232  399  687  288
27 2015 214.2  1.8  0.9  0.9  49  24.1 1441.4 502  423  581  158  365  657  292
28 2016 215.4  1.2  0.6  0.6  50  16.2 1457.6 511  450  571  121  433  621  188

Core Length:  215.4 mm
Core Density: 449 kg/m3
Cross-sectional Density:  432 kg/m3
Early/Latewood Threshold: 500 kg/m3
Attenuation Constant: 3.32

ִִִִִִִִִִִִִִִִִִִִִִִִִִִִִִִִִִִִִִִִִִִִִִִִִִִִִִִִִִִִִִִִִִִִִִִִִִִִִִִ
Core : 127
ֲֲֲִִִִִִִִִִִִִִִִִִִִִִִִִִִִִִִִִִִִִִִִִִִִִִִִִִִִִִִִִִִִִִִִִִִִִִִִִִִִ
       ³Widths (mm)              ³ Areas    ³ Densities (kg/m3)
       ³                         ³ (cm‎)    ³
Ring   ³Outer Ring Erly Late   % ³Incr Total³Ring E/Wd L/Wd Unif  Min  Max  Rng
 # Year³ Rad.      Wood Wood  LW ³          ³mean mean mean
ֱֱֱִִִִִִִִִִִִִִִִִִִִִִִִִִִִִִִִִִִִִִִִִִִִִִִִִִִִִִִִִִִִִִִִִִִִִִִִִִִִ

 1 1989   4.5  4.5  4.2  0.3   6   0.6    0.6 424  418  506   88  389  506  117
 2 1990   9.9  5.4  5.4  0.0   0   2.4    3.1 394  394    0    0  355  455  100
 3 1991  22.8 12.9 12.9  0.0   0  13.3   16.3 373  373    0    0  314  493  179
 4 1992  38.7 15.9 14.7  1.2   7  30.7   47.1 384  373  521  148  293  551  258
 5 1993  56.7 18.0 17.1  0.9   5  53.9  101.0 380  372  528  156  286  543  257
 6 1994  68.7 12.0  7.5  4.5  37  47.3  148.3 448  372  574  202  318  645  327
 7 1995  80.1 11.4  8.4  3.0  26  53.3  201.6 436  400  539  139  327  622  295
 8 1996  91.2 11.1  9.0  2.1  18  59.7  261.3 417  385  559  174  308  590  282
 9 1997 102.0 10.8  7.2  3.6  33  65.6  326.9 459  404  569  165  334  629  295
10 1998 111.3  9.3  5.7  3.6  38  62.3  389.2 468  401  574  173  341  638  297
11 1999 118.8  7.5  4.2  3.3  44  54.2  443.4 518  450  604  154  357  657  300
12 2000 123.0  4.2  2.4  1.8  42  31.9  475.3 475  390  589  199  334  678  344
13 2001 127.8  4.8  3.0  1.8  37  37.8  513.1 494  415  626  211  362  729  367
14 2002 131.1  3.3  2.4  0.9  27  26.8  540.0 482  417  658  241  362  687  325
15 2003 135.9  4.8  3.3  1.5  31  40.3  580.2 492  437  616  179  365  697  332
16 2004 139.2  3.3  1.8  1.5  45  28.5  608.7 535  438  650  212  372  715  343
17 2005 142.8  3.6  1.8  1.8  50  31.9  640.6 537  442  633  191  409  744  335
18 2006 147.9  5.1  1.5  3.6  70  46.6  687.2 569  449  619  170  426  710  284
19 2007 151.8  3.9  1.5  2.4  61  36.7  723.9 538  433  604  171  413  751  338
20 2008 156.0  4.2  1.5  2.7  64  40.6  764.5 546  429  612  183  412  761  349
21 2009 159.9  3.9  1.5  2.4  61  38.7  803.2 569  448  644  196  429  731  302
22 2010 162.9  3.0  1.2  1.8  60  30.4  833.7 523  418  592  174  394  733  339
23 2011 165.9  3.0  1.5  1.5  50  31.0  864.7 527  427  628  201  391  722  331
24 2012 168.3  2.4  1.2  1.2  50  25.2  889.9 519  442  596  154  404  694  290
25 2013 169.5  1.2  0.3  0.9  75  12.7  902.6 525  442  553  111  442  614  172
26 2014 170.4  0.9  0.3  0.6  66   9.6  912.2 529  427  580  153  427  650  223
27 2015 171.9  1.5  0.9  0.6  40  16.1  928.3 535  460  647  187  435  693  258
28 2016 174.0  2.1  1.2  0.9  42  22.8  951.1 522  432  643  211  397  687  290

Core Length:  174.3 mm
Core Density: 486 kg/m3
Cross-sectional Density:  485 kg/m3
Early/Latewood Threshold: 500 kg/m3
Attenuation Constant: 3.32

ִִִִִִִִִִִִִִִִִִִִִִִִִִִִִִִִִִִִִִִִִִִִִִִִִִִִִִִִִִִִִִִִִִִִִִִִִִִִִִִ
Core : 131
ֲֲֲִִִִִִִִִִִִִִִִִִִִִִִִִִִִִִִִִִִִִִִִִִִִִִִִִִִִִִִִִִִִִִִִִִִִִִִִִִִִ
       ³Widths (mm)              ³ Areas    ³ Densities (kg/m3)
       ³                         ³ (cm‎)    ³
Ring   ³Outer Ring Erly Late   % ³Incr Total³Ring E/Wd L/Wd Unif  Min  Max  Rng
 # Year³ Rad.      Wood Wood  LW ³          ³mean mean mean
ֱֱֱִִִִִִִִִִִִִִִִִִִִִִִִִִִִִִִִִִִִִִִִִִִִִִִִִִִִִִִִִִִִִִִִִִִִִִִִִִִִ

 1 1989   2.1  2.1  2.1  0.0   0   0.1    0.1 342  342    0    0  293  392   99
 2 1990   8.4  6.3  6.3  0.0   0   2.1    2.2 328  328    0    0  277  422  145
 3 1991  24.0 15.6 15.6  0.0   0  15.9   18.1 326  326    0    0  274  441  167
 4 1992  39.9 15.9 15.9  0.0   0  31.9   50.0 348  348    0    0  273  491  218
 5 1993  54.6 14.7 13.5  1.2   8  43.6   93.7 370  356  525  169  310  563  253
 6 1994  62.7  8.1  5.1  3.0  37  29.8  123.5 461  399  565  166  335  613  278
 7 1995  71.4  8.7  6.9  1.8  20  36.7  160.2 435  405  551  146  344  610  266
 8 1996  78.9  7.5  5.1  2.4  32  35.4  195.6 444  394  550  156  313  591  278
 9 1997  86.4  7.5  5.1  2.4  32  38.9  234.5 441  392  545  153  317  574  257
10 1998  93.3  6.9  5.7  1.2  17  39.0  273.5 405  376  543  167  301  571  270
11 1999 100.5  7.2  5.7  1.5  20  43.8  317.3 435  401  564  163  337  589  252
12 2000 103.8  3.3  2.7  0.6  18  21.2  338.5 425  390  585  195  324  596  272
13 2001 108.0  4.2  2.4  1.8  42  27.9  366.4 486  416  578  162  320  672  352
14 2002 112.2  4.2  2.1  2.1  50  29.1  395.5 469  350  589  239  286  664  378
15 2003 118.8  6.6  4.2  2.4  36  47.9  443.4 455  386  576  190  310  649  339
16 2004 123.6  4.8  2.7  2.1  43  36.6  479.9 470  376  592  216  302  646  344
17 2005 128.1  4.5  2.7  1.8  40  35.6  515.5 465  385  586  201  323  686  363
18 2006 131.7  3.6  1.5  2.1  58  29.4  544.9 520  380  620  240  318  671  353
19 2007 135.6  3.9  1.8  2.1  53  32.8  577.7 500  392  593  201  313  658  345
20 2008 139.5  3.9  1.8  2.1  53  33.7  611.4 506  383  612  229  326  679  353
21 2009 143.4  3.9  1.5  2.4  61  34.7  646.0 511  371  598  227  336  655  319
22 2010 146.4  3.0  1.5  1.5  50  27.3  673.3 493  386  601  215  343  664  321
23 2011 149.4  3.0  1.2  1.8  60  27.9  701.2 499  367  587  220  323  637  314
24 2012 152.1  2.7  1.2  1.5  55  25.6  726.8 502  392  590  198  337  636  299
25 2013 154.2  2.1  1.2  0.9  42  20.2  747.0 472  383  591  208  348  659  311
26 2014 156.0  1.8  0.9  0.9  50  17.5  764.5 502  398  607  209  362  639  277
27 2015 158.1  2.1  0.9  1.2  57  20.7  785.3 500  402  574  172  370  600  230
28 2016 160.8  2.7  1.2  1.5  55  27.1  812.3 500  416  566  150  387  612  225

Core Length:  160.8 mm
Core Density: 450 kg/m3
Cross-sectional Density:  456 kg/m3
Early/Latewood Threshold: 500 kg/m3
Attenuation Constant: 3.32

