File : C:\DENSITOM\WOODHI~1\WHILL5.DAT
Cores :
1
8
19
33
61
64
66
78
90
93
95
96

ִִִִִִִִִִִִִִִִִִִִִִִִִִִִִִִִִִִִִִִִִִִִִִִִִִִִִִִִִִִִִִִִִִִִִִִִִִִִִִִ
Core : 1
ֲֲֲִִִִִִִִִִִִִִִִִִִִִִִִִִִִִִִִִִִִִִִִִִִִִִִִִִִִִִִִִִִִִִִִִִִִִִִִִִִִ
       ³Widths (mm)              ³ Areas    ³ Densities (kg/m3)
       ³                         ³ (cm‎)    ³
Ring   ³Outer Ring Erly Late   % ³Incr Total³Ring E/Wd L/Wd Unif  Min  Max  Rng
 # Year³ Rad.      Wood Wood  LW ³          ³mean mean mean
ֱֱֱִִִִִִִִִִִִִִִִִִִִִִִִִִִִִִִִִִִִִִִִִִִִִִִִִִִִִִִִִִִִִִִִִִִִִִִִִִִִ

 2 1990  19.6 19.6 12.6  0.0   0  12.1   12.1 367  367    0    0  319  405   86
 3 1991  38.8 19.2 19.2  0.0   0  35.2   47.3 335  335    0    0  268  393  125
 4 1992  57.4 18.6 18.6  0.0   0  56.2  103.5 362  362    0    0  265  483  218
 5 1993  73.3 15.9 15.3  0.6   3  65.3  168.8 342  335  528  193  289  540  251
 6 1994  86.5 13.2 10.2  3.0  22  66.3  235.1 415  379  537  158  291  569  278
 7 1995  99.1 12.6 12.0  0.6   4  73.5  308.5 385  378  530  152  295  547  252
 8 1996 111.4 12.3 11.7  0.6   4  81.3  389.9 378  372  508  136  291  513  222
 9 1997 122.8 11.4  8.4  3.0  26  83.9  473.7 431  395  531  136  313  580  267
10 1998 131.5  8.7  6.3  2.4  27  69.5  543.3 423  381  533  152  291  551  260
11 1999 144.7 13.2 10.8  2.4  18 114.5  657.8 436  419  510   91  312  528  216
12 2000 154.3  9.6  7.2  2.4  25  90.2  748.0 421  382  538  156  311  593  282
13 2001 161.8  7.5  4.8  2.7  36  74.5  822.4 440  373  559  186  319  652  333
14 2002 168.4  6.6  4.5  2.1  31  68.5  890.9 436  383  549  166  299  592  293
15 2003 178.6 10.2  7.8  2.4  23 111.2 1002.1 422  387  535  148  296  568  272
16 2004 186.7  8.1  5.4  2.7  33  93.0 1095.1 438  382  549  167  280  573  293
17 2005 194.8  8.1  5.4  2.7  33  97.1 1192.1 452  383  590  207  320  667  347
18 2006 201.7  6.9  3.0  3.9  56  85.9 1278.1 504  406  579  173  341  646  305
19 2007 207.4  5.7  3.6  2.1  36  73.3 1351.3 477  401  607  206  346  661  315
20 2008 212.5  5.1  3.0  2.1  41  67.3 1418.6 487  399  612  213  342  666  324
21 2009 216.4  3.9  2.1  1.8  46  52.5 1471.2 505  430  593  163  366  658  292
22 2010 219.1  2.7  2.1  0.6  22  36.9 1508.1 446  405  588  183  340  631  291
23 2011 220.9  1.8  1.2  0.6  33  24.9 1533.0 489  430  607  177  371  642  271
24 2012 222.7  1.8  0.9  0.9  49  25.1 1558.1 500  432  568  136  406  656  250
25 2013 225.4  2.7  1.8  0.9  33  38.0 1596.1 485  428  599  171  387  633  246
26 2014 228.1  2.7  1.8  0.9  33  38.5 1634.6 464  413  565  152  367  596  229
27 2015 230.8  2.7  1.8  0.9  33  38.9 1673.5 477  431  567  136  391  637  246
28 2016 234.4  3.6  2.7  0.9  24  52.6 1726.1 430  384  570  186  286  637  351

Core Length:  227.4 mm
Core Density: 435 kg/m3
Cross-sectional Density:  434 kg/m3
Early/Latewood Threshold: 500 kg/m3
Attenuation Constant: 3.19

ִִִִִִִִִִִִִִִִִִִִִִִִִִִִִִִִִִִִִִִִִִִִִִִִִִִִִִִִִִִִִִִִִִִִִִִִִִִִִִִ
Core : 8
ֲֲֲִִִִִִִִִִִִִִִִִִִִִִִִִִִִִִִִִִִִִִִִִִִִִִִִִִִִִִִִִִִִִִִִִִִִִִִִִִִִ
       ³Widths (mm)              ³ Areas    ³ Densities (kg/m3)
       ³                         ³ (cm‎)    ³
Ring   ³Outer Ring Erly Late   % ³Incr Total³Ring E/Wd L/Wd Unif  Min  Max  Rng
 # Year³ Rad.      Wood Wood  LW ³          ³mean mean mean
ֱֱֱִִִִִִִִִִִִִִִִִִִִִִִִִִִִִִִִִִִִִִִִִִִִִִִִִִִִִִִִִִִִִִִִִִִִִִִִִִִִ

 3 1991  25.1 25.1 15.9  1.2   4  19.8   19.8 414  407  506   99  324  520  196
 4 1992  47.9 22.8 19.2  3.6  15  52.3   72.1 442  427  519   92  355  541  186
 5 1993  79.7 31.8 28.2  3.6  11 127.5  199.6 435  419  554  135  353  597  244
 6 1994  95.9 16.2  8.1  8.1  50  89.4  288.9 508  463  552   89  405  609  204
 7 1995 113.9 18.0 12.9  5.1  28 118.6  407.6 468  441  537   96  394  577  183
 8 1996 132.2 18.3 14.1  4.2  22 141.5  549.1 476  459  531   72  411  560  149
 9 1997 149.6 17.4 12.6  4.8  27 154.0  703.1 478  453  542   89  386  591  205
10 1998 163.7 14.1  8.7  5.4  38 138.8  841.9 469  438  520   82  361  546  185
11 1999 181.4 17.7 11.7  6.0  33 191.9 1033.8 474  449  522   73  408  555  147
12 2000 193.1 11.7  8.7  3.0  25 137.7 1171.4 468  446  533   87  353  577  224
13 2001 206.9 13.8  6.9  6.9  49 173.4 1344.8 487  437  538  101  340  608  268
14 2002 217.4 10.5  5.1  5.4  51 140.0 1484.8 468  396  536  140  333  568  235
15 2003 230.0 12.6  5.4  7.2  57 177.1 1661.9 498  429  549  120  389  582  193
16 2004 239.3  9.3  5.1  4.2  45 137.1 1799.0 474  408  554  146  345  598  253
17 2005 248.0  8.7  4.8  3.9  44 133.2 1932.2 477  377  600  223  302  653  351
18 2006 255.8  7.8  2.4  5.4  69 123.5 2055.7 524  409  575  166  347  646  299
19 2007 263.9  8.1  3.6  4.5  55 132.2 2187.9 511  408  594  186  357  649  292
20 2008 270.8  6.9  3.3  3.6  52 115.9 2303.8 518  415  612  197  359  683  324
21 2009 277.7  6.9  2.7  4.2  60 118.9 2422.7 523  414  593  179  373  673  300
22 2010 282.2  4.5  2.4  2.1  46  79.2 2501.9 519  434  617  183  376  710  334
23 2011 287.0  4.8  2.1  2.7  56  85.8 2587.7 527  428  605  177  370  647  277
24 2012 291.8  4.8  2.4  2.4  49  87.3 2675.0 526  430  622  192  375  708  333
25 2013 296.0  4.2  1.8  2.4  57  77.6 2752.5 532  411  623  212  377  697  320
26 2014 300.5  4.5  1.5  3.0  66  84.3 2836.9 573  436  642  206  405  734  329
27 2015 307.1  6.6  2.7  3.9  59 126.0 2962.8 558  436  643  207  393  729  336
28 2016 311.6  4.5  2.4  2.1  46  87.5 3050.3 508  444  580  136  403  648  245

Core Length:  303.9 mm
Core Density: 494 kg/m3
Cross-sectional Density:  493 kg/m3
Early/Latewood Threshold: 500 kg/m3
Attenuation Constant: 3.19

ִִִִִִִִִִִִִִִִִִִִִִִִִִִִִִִִִִִִִִִִִִִִִִִִִִִִִִִִִִִִִִִִִִִִִִִִִִִִִִִ
Core : 19
ֲֲֲִִִִִִִִִִִִִִִִִִִִִִִִִִִִִִִִִִִִִִִִִִִִִִִִִִִִִִִִִִִִִִִִִִִִִִִִִִִִ
       ³Widths (mm)              ³ Areas    ³ Densities (kg/m3)
       ³                         ³ (cm‎)    ³
Ring   ³Outer Ring Erly Late   % ³Incr Total³Ring E/Wd L/Wd Unif  Min  Max  Rng
 # Year³ Rad.      Wood Wood  LW ³          ³mean mean mean
ֱֱֱִִִִִִִִִִִִִִִִִִִִִִִִִִִִִִִִִִִִִִִִִִִִִִִִִִִִִִִִִִִִִִִִִִִִִִִִִִִִ

 3 1991  20.4 20.4 14.4  0.0   0  13.1   13.1 344  344    0    0  280  461  181
 4 1992  43.5 23.1 23.1  0.0   0  46.4   59.4 348  348    0    0  276  451  175
 5 1993  70.5 27.0 27.0  0.0   0  96.7  156.1 367  367    0    0  296  476  180
 6 1994  85.8 15.3 10.5  4.8  31  75.1  231.3 425  373  537  164  292  577  285
 7 1995 102.6 16.8 15.3  1.5   8  99.4  330.7 410  400  517  117  311  534  223
 8 1996 120.0 17.4 15.0  2.4  13 121.7  452.4 435  421  523  102  345  546  201
 9 1997 137.7 17.7 12.9  4.8  27 143.3  595.7 444  413  528  115  350  593  243
10 1998 148.2 10.5  8.1  2.4  22  94.3  690.0 422  397  509  112  321  531  210
11 1999 162.9 14.7 11.1  3.6  24 143.7  833.7 459  435  531   96  345  564  219
12 2000 174.3 11.4  7.2  4.2  36 120.8  954.4 465  411  559  148  325  635  310
13 2001 185.1 10.8  8.1  2.7  24 121.9 1076.4 453  423  545  122  331  610  279
14 2002 192.9  7.8  4.8  3.0  38  92.6 1169.0 451  388  552  164  308  605  297
15 2003 199.8  6.9  4.8  2.1  30  85.1 1254.1 449  398  567  169  314  604  290
16 2004 205.5  5.7  3.6  2.1  36  72.6 1326.7 455  386  575  189  307  619  312
17 2005 210.3  4.8  3.3  1.5  31  62.7 1389.4 458  391  606  215  297  675  378
18 2006 215.7  5.4  2.4  3.0  55  72.3 1461.7 475  383  550  167  325  626  301
19 2007 220.5  4.8  3.0  1.8  37  65.8 1527.5 475  395  608  213  322  654  332
20 2008 225.3  4.8  2.7  2.1  43  67.2 1594.7 503  407  626  219  351  679  328
21 2009 229.8  4.5  1.8  2.7  60  64.3 1659.0 523  418  593  175  352  680  328
22 2010 233.1  3.3  1.5  1.8  54  48.0 1707.0 521  420  606  186  371  707  336
23 2011 237.0  3.9  1.2  2.7  69  57.6 1764.6 539  418  592  174  388  650  262
24 2012 241.8  4.8  2.4  2.4  50  72.2 1836.8 509  438  579  141  407  657  250
25 2013 244.5  2.7  1.8  0.9  33  41.2 1878.1 515  449  646  197  394  708  314
26 2014 246.9  2.4  1.2  1.2  50  37.1 1915.1 545  434  656  222  403  694  291
27 2015 250.2  3.3  1.2  2.1  63  51.5 1966.6 578  444  654  210  405  725  320
28 2016 253.5  3.3  0.9  2.4  72  52.2 2018.9 552  428  599  171  347  690  343

Core Length:  247.8 mm
Core Density: 466 kg/m3
Cross-sectional Density:  460 kg/m3
Early/Latewood Threshold: 500 kg/m3
Attenuation Constant: 3.19

ִִִִִִִִִִִִִִִִִִִִִִִִִִִִִִִִִִִִִִִִִִִִִִִִִִִִִִִִִִִִִִִִִִִִִִִִִִִִִִִ
Core : 33
ֲֲֲִִִִִִִִִִִִִִִִִִִִִִִִִִִִִִִִִִִִִִִִִִִִִִִִִִִִִִִִִִִִִִִִִִִִִִִִִִִִ
       ³Widths (mm)              ³ Areas    ³ Densities (kg/m3)
       ³                         ³ (cm‎)    ³
Ring   ³Outer Ring Erly Late   % ³Incr Total³Ring E/Wd L/Wd Unif  Min  Max  Rng
 # Year³ Rad.      Wood Wood  LW ³          ³mean mean mean
ֱֱֱִִִִִִִִִִִִִִִִִִִִִִִִִִִִִִִִִִִִִִִִִִִִִִִִִִִִִִִִִִִִִִִִִִִִִִִִִִִִ

 3 1991  28.5 28.5 16.5  0.0   0  25.5   25.5 354  354    0    0  247  496  249
 4 1992  50.4 21.9 21.9  0.0   0  54.3   79.8 343  343    0    0  270  475  205
 5 1993  76.2 25.8 24.9  0.9   3 102.6  182.4 354  348  510  162  262  523  261
 6 1994  97.8 21.6 16.8  4.8  22 118.1  300.5 415  381  531  150  307  556  249
 7 1995 118.5 20.7 19.2  1.5   7 140.7  441.2 397  387  534  147  314  545  231
 8 1996 143.4 24.9 20.7  4.2  16 204.9  646.0 426  407  517  110  294  536  242
 9 1997 170.7 27.3 20.1  7.2  26 269.4  915.4 438  407  527  120  323  584  261
10 1998 191.7 21.0 17.4  3.6  17 239.1 1154.5 419  398  518  120  316  553  237
11 1999 209.4 17.7 14.1  3.6  20 223.0 1377.5 441  419  529  110  325  554  229
12 2000 220.8 11.4  8.7  2.7  23 154.1 1531.6 425  391  538  147  298  607  309
13 2001 231.6 10.8  7.2  3.6  33 153.5 1685.1 448  403  540  137  315  638  323
14 2002 240.6  9.0  6.6  2.4  26 133.5 1818.6 433  384  568  184  317  599  282
15 2003 251.1 10.5  6.6  3.9  37 162.2 1980.8 452  393  550  157  339  593  254
16 2004 260.7  9.6  7.2  2.4  24 154.4 2135.2 450  405  588  183  312  628  316
17 2005 270.0  9.3  6.3  3.0  32 155.1 2290.2 453  399  567  168  338  649  311
18 2006 277.8  7.8  5.1  2.7  34 134.2 2424.5 451  395  556  161  327  617  290
19 2007 284.7  6.9  5.1  1.8  26 121.9 2546.4 442  394  580  186  348  628  280
20 2008 291.3  6.6  3.9  2.7  40 119.4 2665.8 479  395  600  205  348  676  328
21 2009 298.5  7.2  5.4  1.8  25 133.4 2799.2 465  422  595  173  374  635  261
22 2010 303.9  5.4  3.6  1.8  33 102.2 2901.4 472  407  601  194  352  673  321
23 2011 309.6  5.7  3.9  1.8  31 109.9 3011.3 464  416  569  153  371  604  233
24 2012 312.9  3.3  2.4  0.9  27  64.5 3075.8 456  406  590  184  372  629  257
25 2013 316.5  3.6  2.4  1.2  33  71.2 3147.0 466  398  602  204  370  669  299
26 2014 320.1  3.6  2.4  1.2  33  72.0 3219.0 487  419  624  205  374  717  343
27 2015 325.8  5.7  3.0  2.7  47 115.7 3334.7 516  412  633  221  374  725  351
28 2016 330.0  4.2  3.0  1.2  28  86.5 3421.2 482  429  615  186  386  680  294

Core Length:  318.9 mm
Core Density: 439 kg/m3
Cross-sectional Density:  441 kg/m3
Early/Latewood Threshold: 500 kg/m3
Attenuation Constant: 3.19

ִִִִִִִִִִִִִִִִִִִִִִִִִִִִִִִִִִִִִִִִִִִִִִִִִִִִִִִִִִִִִִִִִִִִִִִִִִִִִִִ
Core : 61
ֲֲֲִִִִִִִִִִִִִִִִִִִִִִִִִִִִִִִִִִִִִִִִִִִִִִִִִִִִִִִִִִִִִִִִִִִִִִִִִִִִ
       ³Widths (mm)              ³ Areas    ³ Densities (kg/m3)
       ³                         ³ (cm‎)    ³
Ring   ³Outer Ring Erly Late   % ³Incr Total³Ring E/Wd L/Wd Unif  Min  Max  Rng
 # Year³ Rad.      Wood Wood  LW ³          ³mean mean mean
ֱֱֱִִִִִִִִִִִִִִִִִִִִִִִִִִִִִִִִִִִִִִִִִִִִִִִִִִִִִִִִִִִִִִִִִִִִִִִִִִִִ

 1 1990   3.6  3.6  3.6  0.0   0   0.4    0.4 297  297    0    0  253  401  148
 2 1991  21.0 17.4 17.4  0.0   0  13.4   13.9 309  309    0    0  231  400  169
 3 1992  38.4 17.4 17.4  0.0   0  32.5   46.3 347  347    0    0  262  459  197
 4 1993  58.2 19.8 18.3  1.5   7  60.1  106.4 354  338  555  217  264  616  352
 5 1994  70.2 12.0  7.8  4.2  34  48.4  154.8 457  406  553  147  322  591  269
 6 1995  86.1 15.9 13.8  2.1  13  78.1  232.9 398  378  528  150  299  567  268
 7 1996 102.9 16.8 14.7  2.1  12  99.8  332.6 412  392  547  155  290  570  280
 8 1997 119.7 16.8 11.7  5.1  30 117.5  450.1 445  398  554  156  319  588  269
 9 1998 135.3 15.6 11.7  3.9  25 125.0  575.1 428  392  534  142  314  582  268
10 1999 152.4 17.1 12.6  4.5  26 154.6  729.7 447  416  534  118  328  591  263
11 2000 165.0 12.6  8.1  4.5  35 125.6  855.3 462  409  558  149  323  663  340
12 2001 175.2 10.2  7.2  3.0  29 109.0  964.3 449  403  560  157  317  630  313
13 2002 183.6  8.4  6.0  2.4  28  94.7 1059.0 441  385  582  197  307  664  357
14 2003 194.4 10.8  6.3  4.5  41 128.3 1187.3 465  395  563  168  318  618  300
15 2004 206.1 11.7  6.6  5.1  43 147.2 1334.5 476  403  569  166  304  637  333
16 2005 217.2 11.1  6.3  4.8  43 147.6 1482.1 468  391  570  179  330  692  362
17 2006 225.9  8.7  3.9  4.8  55 121.1 1603.2 493  384  581  197  321  656  335
18 2007 234.0  8.1  5.7  2.4  29 117.0 1720.2 462  408  590  182  339  647  308
19 2008 239.4  5.4  3.0  2.4  44  80.3 1800.5 493  393  618  225  340  688  348
20 2009 245.4  6.0  3.3  2.7  45  91.4 1891.9 486  413  575  162  342  652  310
21 2010 252.0  6.6  2.4  4.2  63 103.1 1995.0 524  407  591  184  370  736  366
22 2011 258.9  6.9  2.1  4.8  69 110.7 2105.8 532  424  580  156  383  622  239
23 2012 261.9  3.0  1.8  1.2  40  49.1 2154.9 446  382  542  160  313  599  286
24 2013 264.3  2.4  1.2  1.2  50  39.7 2194.5 514  417  611  194  391  661  270
25 2014 267.6  3.3  1.5  1.8  54  55.1 2249.7 485  424  536  112  379  561  182
26 2015 272.1  4.5  3.3  1.2  26  76.3 2326.0 469  443  540   97  401  593  192
27 2016 276.3  4.2  2.4  1.8  42  72.4 2398.3 495  433  578  145  377  650  273

Core Length:  276.3 mm
Core Density: 446 kg/m3
Cross-sectional Density:  460 kg/m3
Early/Latewood Threshold: 500 kg/m3
Attenuation Constant: 3.19

ִִִִִִִִִִִִִִִִִִִִִִִִִִִִִִִִִִִִִִִִִִִִִִִִִִִִִִִִִִִִִִִִִִִִִִִִִִִִִִִ
Core : 64
ֲֲֲִִִִִִִִִִִִִִִִִִִִִִִִִִִִִִִִִִִִִִִִִִִִִִִִִִִִִִִִִִִִִִִִִִִִִִִִִִִִ
       ³Widths (mm)              ³ Areas    ³ Densities (kg/m3)
       ³                         ³ (cm‎)    ³
Ring   ³Outer Ring Erly Late   % ³Incr Total³Ring E/Wd L/Wd Unif  Min  Max  Rng
 # Year³ Rad.      Wood Wood  LW ³          ³mean mean mean
ֱֱֱִִִִִִִִִִִִִִִִִִִִִִִִִִִִִִִִִִִִִִִִִִִִִִִִִִִִִִִִִִִִִִִִִִִִִִִִִִִִ

 3 1991  29.4 29.4 17.4  0.0   0  27.2   27.2 355  355    0    0  257  478  221
 4 1992  53.1 23.7 23.7  0.0   0  61.4   88.6 383  383    0    0  304  492  188
 5 1993  82.8 29.7 28.2  1.5   5 126.8  215.4 396  389  524  135  325  533  208
 6 1994 103.5 20.7 16.5  4.2  20 121.2  336.5 453  426  558  132  343  595  252
 7 1995 122.4 18.9 16.2  2.7  14 134.1  470.7 424  401  557  156  311  581  270
 8 1996 144.0 21.6 17.4  4.2  19 180.8  651.4 439  414  540  126  348  580  232
 9 1997 168.6 24.6 17.1  7.5  30 241.6  893.0 448  409  538  129  335  615  280
10 1998 187.2 18.6 13.8  4.8  25 207.9 1100.9 446  413  542  129  326  577  251
11 1999 200.7 13.5  6.9  6.6  48 164.5 1265.4 483  412  557  145  367  614  247
12 2000 211.5 10.8  5.7  5.1  47 139.9 1405.3 472  383  570  187  317  648  331
13 2001 221.4  9.9  5.7  4.2  42 134.6 1539.9 462  381  572  191  322  639  317
14 2002 228.0  6.6  4.5  2.1  31  93.2 1633.1 455  385  605  220  329  677  348
15 2003 238.8 10.8  5.7  5.1  47 158.4 1791.5 483  411  564  153  317  635  318
16 2004 250.5 11.7  7.2  4.5  38 179.9 1971.4 454  393  552  159  303  625  322
17 2005 263.1 12.6  8.7  3.9  30 203.3 2174.7 443  384  574  190  313  660  347
18 2006 273.6 10.5  5.7  4.8  45 177.0 2351.7 487  399  592  193  316  667  351
19 2007 281.7  8.1  5.4  2.7  33 141.3 2493.0 464  397  597  200  337  655  318
20 2008 289.2  7.5  4.8  2.7  36 134.5 2627.5 475  406  597  191  346  659  313
21 2009 295.8  6.6  3.6  3.0  45 121.3 2748.8 479  391  585  194  346  650  304
22 2010 300.3  4.5  2.1  2.4  53  84.3 2833.1 486  388  572  184  342  668  326
23 2011 304.2  3.9  1.8  2.1  53  74.1 2907.2 525  420  616  196  384  647  263
24 2012 308.7  4.5  2.1  2.4  53  86.6 2993.8 524  428  608  180  389  679  290
25 2013 312.0  3.3  2.1  1.2  36  64.3 3058.2 491  428  603  175  364  683  319
26 2014 315.9  3.9  1.8  2.1  53  76.9 3135.1 521  438  592  154  400  658  258
27 2015 321.9  6.0  3.0  3.0  50 120.2 3255.3 500  406  594  188  363  690  327
28 2016 327.0  5.1  2.7  2.4  47 104.0 3359.3 508  411  617  206  361  702  341

Core Length:  315.6 mm
Core Density: 463 kg/m3
Cross-sectional Density:  463 kg/m3
Early/Latewood Threshold: 500 kg/m3
Attenuation Constant: 3.19

ִִִִִִִִִִִִִִִִִִִִִִִִִִִִִִִִִִִִִִִִִִִִִִִִִִִִִִִִִִִִִִִִִִִִִִִִִִִִִִִ
Core : 66
ֲֲֲִִִִִִִִִִִִִִִִִִִִִִִִִִִִִִִִִִִִִִִִִִִִִִִִִִִִִִִִִִִִִִִִִִִִִִִִִִִִ
       ³Widths (mm)              ³ Areas    ³ Densities (kg/m3)
       ³                         ³ (cm‎)    ³
Ring   ³Outer Ring Erly Late   % ³Incr Total³Ring E/Wd L/Wd Unif  Min  Max  Rng
 # Year³ Rad.      Wood Wood  LW ³          ³mean mean mean
ֱֱֱִִִִִִִִִִִִִִִִִִִִִִִִִִִִִִִִִִִִִִִִִִִִִִִִִִִִִִִִִִִִִִִִִִִִִִִִִִִִ

 3 1991  32.0 32.0 24.0  0.0   0  32.2   32.2 346  346    0    0  283  499  216
 4 1992  51.5 19.5 17.4  2.1  10  51.2   83.3 379  361  527  166  288  548  260
 5 1993  69.8 18.3 14.1  4.2  22  69.7  153.1 433  405  525  120  354  560  206
 6 1994  95.6 25.8 22.2  3.6  13 134.1  287.1 427  408  541  133  333  603  270
 7 1995 111.8 16.2 13.2  3.0  18 105.6  392.7 456  435  551  116  349  634  285
 8 1996 128.0 16.2 13.5  2.7  16 122.0  514.7 461  439  573  134  377  613  236
 9 1997 144.5 16.5  9.9  6.6  40 141.3  656.0 489  453  542   89  401  638  237
10 1998 158.0 13.5  8.7  4.8  35 128.3  784.3 471  430  545  115  379  579  200
11 1999 167.6  9.6  3.9  5.7  59  98.2  882.5 503  433  550  117  367  599  232
12 2000 173.6  6.0  3.0  3.0  50  64.3  946.8 475  407  543  136  357  599  242
13 2001 179.0  5.4  3.0  2.4  44  59.8 1006.6 488  425  568  143  358  667  309
14 2002 183.8  4.8  3.6  1.2  24  54.7 1061.3 445  400  579  179  339  627  288
15 2003 190.4  6.6  4.2  2.4  36  77.6 1138.9 481  437  559  122  401  613  212
16 2004 194.9  4.5  2.7  1.8  40  54.5 1193.4 511  427  636  209  362  694  332
17 2005 200.0  5.1  2.7  2.4  47  63.3 1256.6 516  447  592  145  396  661  265
18 2006 203.6  3.6  1.5  2.1  58  45.6 1302.3 533  444  597  153  416  713  297
19 2007 209.9  6.3  2.7  3.6  57  81.8 1384.1 546  458  612  154  431  702  271
20 2008 215.0  5.1  1.8  3.3  64  68.1 1452.2 560  465  613  148  435  716  281
21 2009 217.4  2.4  0.6  1.8  75  32.6 1484.8 582  479  617  138  478  714  236
22 2010 219.5  2.1  0.6  1.5  71  28.8 1513.6 573  482  609  127  482  730  248
23 2011 221.0  1.5  0.3  1.2  80  20.8 1534.4 584  484  609  125  484  714  230

Core Length:  225.9 mm
Core Density: 488 kg/m3
Cross-sectional Density:  480 kg/m3
Early/Latewood Threshold: 500 kg/m3
Attenuation Constant: 3.19

ִִִִִִִִִִִִִִִִִִִִִִִִִִִִִִִִִִִִִִִִִִִִִִִִִִִִִִִִִִִִִִִִִִִִִִִִִִִִִִִ
Core : 78
ֲֲֲִִִִִִִִִִִִִִִִִִִִִִִִִִִִִִִִִִִִִִִִִִִִִִִִִִִִִִִִִִִִִִִִִִִִִִִִִִִִ
       ³Widths (mm)              ³ Areas    ³ Densities (kg/m3)
       ³                         ³ (cm‎)    ³
Ring   ³Outer Ring Erly Late   % ³Incr Total³Ring E/Wd L/Wd Unif  Min  Max  Rng
 # Year³ Rad.      Wood Wood  LW ³          ³mean mean mean
ֱֱֱִִִִִִִִִִִִִִִִִִִִִִִִִִִִִִִִִִִִִִִִִִִִִִִִִִִִִִִִִִִִִִִִִִִִִִִִִִִִ

 2 1990  30.1 30.1 23.1  0.0   0  28.5   28.5 324  324    0    0  256  430  174
 3 1991  49.0 18.9 18.9  0.0   0  47.0   75.4 329  329    0    0  282  396  114
 4 1992  72.1 23.1 23.1  0.0   0  87.9  163.3 335  335    0    0  278  386  108
 5 1993  97.3 25.2 25.2  0.0   0 134.1  297.4 333  333    0    0  262  457  195
 6 1994 121.6 24.3 24.3  0.0   0 167.1  464.5 374  374    0    0  273  461  188
 7 1995 137.2 15.6 15.3  0.3   1 126.8  591.4 378  376  504  128  292  504  212
 8 1996 151.0 13.8 13.8  0.0   0 124.9  716.3 397  397    0    0  308  495  187
 9 1997 165.4 14.4 13.2  1.2   8 143.1  859.5 416  404  541  137  322  584  262
10 1998 176.5 11.1  9.0  2.1  18 119.2  978.7 433  412  523  111  293  536  243
11 1999 188.5 12.0  9.6  2.4  20 137.6 1116.3 436  413  528  115  312  562  250
12 2000 196.6  8.1  4.8  3.3  40  98.0 1214.3 455  394  544  150  310  588  278
13 2001 206.5  9.9  6.0  3.9  39 125.4 1339.6 457  402  541  139  309  626  317
14 2002 213.1  6.6  4.8  1.8  27  87.0 1426.6 425  372  567  195  314  592  278
15 2003 223.6 10.5  9.0  1.5  14 144.1 1570.7 417  396  544  148  327  580  253
16 2004 229.3  5.7  3.6  2.1  36  81.1 1651.8 443  381  551  170  315  598  283
17 2005 236.2  6.9  4.2  2.7  39 100.9 1752.7 477  400  597  197  351  640  289
18 2006 242.8  6.6  4.2  2.4  36  99.3 1852.0 476  420  576  156  350  649  299
19 2007 246.4  3.6  2.7  0.9  24  55.3 1907.4 468  427  592  165  370  621  251
20 2008 248.8  2.4  1.5  0.9  37  37.3 1944.7 508  444  615  171  387  690  303
21 2009 250.0  1.2  0.6  0.6  49  18.8 1963.5 538  487  589  102  485  651  166
22 2010 251.2  1.2  0.3  0.9  75  18.9 1982.4 543  478  564   86  478  630  152
23 2011 251.8  0.6  0.6  0.0   0   9.5 1991.9 467  467    0    0  467  467    0
24 2012 252.1  0.3  0.3  0.0   0   4.7 1996.6 391  391    0    0  391  391    0
25 2013 253.0  0.9  0.6  0.3  33  14.3 2010.9 466  436  525   89  426  525   99
26 2014 253.6  0.6  0.3  0.3  50   9.5 2020.5 497  386  608  222  386  608  222
27 2015 255.1  1.5  0.9  0.6  40  24.0 2044.4 487  436  564  128  396  579  183
28 2016 256.9  1.8  1.2  0.6  33  29.0 2073.4 468  403  596  193  371  620  249

Core Length:  250.2 mm
Core Density: 434 kg/m3
Cross-sectional Density:  418 kg/m3
Early/Latewood Threshold: 500 kg/m3
Attenuation Constant: 3.19

ִִִִִִִִִִִִִִִִִִִִִִִִִִִִִִִִִִִִִִִִִִִִִִִִִִִִִִִִִִִִִִִִִִִִִִִִִִִִִִִ
Core : 90
ֲֲֲִִִִִִִִִִִִִִִִִִִִִִִִִִִִִִִִִִִִִִִִִִִִִִִִִִִִִִִִִִִִִִִִִִִִִִִִִִִִ
       ³Widths (mm)              ³ Areas    ³ Densities (kg/m3)
       ³                         ³ (cm‎)    ³
Ring   ³Outer Ring Erly Late   % ³Incr Total³Ring E/Wd L/Wd Unif  Min  Max  Rng
 # Year³ Rad.      Wood Wood  LW ³          ³mean mean mean
ֱֱֱִִִִִִִִִִִִִִִִִִִִִִִִִִִִִִִִִִִִִִִִִִִִִִִִִִִִִִִִִִִִִִִִִִִִִִִִִִִִ

 3 1991  22.2 22.2 16.2  0.0   0  15.5   15.5 333  333    0    0  257  440  183
 4 1992  40.5 18.3 18.3  0.0   0  36.0   51.5 353  353    0    0  270  484  214
 5 1993  60.0 19.5 19.5  0.0   0  61.6  113.1 353  353    0    0  296  486  190
 6 1994  78.0 18.0 14.4  3.6  20  78.0  191.1 400  367  532  165  290  573  283
 7 1995  92.4 14.4 13.8  0.6   4  77.1  268.2 376  369  534  165  295  535  240
 8 1996 109.5 17.1 17.1  0.0   0 108.5  376.7 377  377    0    0  291  454  163
 9 1997 126.9 17.4 17.4  0.0   0 129.2  505.9 397  397    0    0  300  489  189
10 1998 142.8 15.9 14.7  1.2   7 134.7  640.6 388  378  520  142  280  561  281
11 1999 161.7 18.9 17.4  1.5   7 180.8  821.4 396  385  514  129  288  538  250
12 2000 172.2 10.5  9.3  1.2  11 110.1  931.6 385  363  552  189  260  610  350
13 2001 181.5  9.3  7.8  1.5  16 103.3 1034.9 417  394  536  142  282  586  304
14 2002 189.3  7.8  6.6  1.2  15  90.9 1125.8 402  379  529  150  277  557  280
15 2003 201.0 11.7  9.6  2.1  17 143.5 1269.2 414  387  540  153  296  568  272
16 2004 208.2  7.2  4.5  2.7  37  92.6 1361.8 445  387  542  155  283  577  294
17 2005 215.4  7.2  4.5  2.7  37  95.8 1457.6 453  388  561  173  303  596  293
18 2006 221.4  6.0  3.3  2.7  45  82.3 1539.9 465  387  562  175  316  620  304
19 2007 226.5  5.1  3.6  1.5  29  71.8 1611.7 450  387  601  214  318  645  327
20 2008 231.0  4.5  2.7  1.8  40  64.7 1676.4 483  394  617  223  327  661  334
21 2009 236.1  5.1  2.4  2.7  52  74.8 1751.2 490  400  570  170  339  639  300
22 2010 240.0  3.9  2.4  1.5  38  58.3 1809.6 478  403  597  194  351  740  389
23 2011 243.6  3.6  2.1  1.5  41  54.7 1864.3 493  412  607  195  263  642  379
24 2012 246.9  3.3  2.4  0.9  27  50.9 1915.1 436  382  580  198  316  600  284
25 2013 251.4  4.5  2.4  2.1  46  70.4 1985.5 498  388  623  235  309  685  376
26 2014 255.0  3.6  2.1  1.5  41  57.3 2042.8 501  450  572  122  412  671  259
27 2015 261.0  6.0  4.5  1.5  25  97.3 2140.1 434  382  592  210  322  651  329
28 2016 265.5  4.5  3.6  0.9  20  74.4 2214.5 419  385  556  171  337  624  287

Core Length:  259.8 mm
Core Density: 424 kg/m3
Cross-sectional Density:  422 kg/m3
Early/Latewood Threshold: 500 kg/m3
Attenuation Constant: 3.19

ִִִִִִִִִִִִִִִִִִִִִִִִִִִִִִִִִִִִִִִִִִִִִִִִִִִִִִִִִִִִִִִִִִִִִִִִִִִִִִִ
Core : 93
ֲֲֲִִִִִִִִִִִִִִִִִִִִִִִִִִִִִִִִִִִִִִִִִִִִִִִִִִִִִִִִִִִִִִִִִִִִִִִִִִִִ
       ³Widths (mm)              ³ Areas    ³ Densities (kg/m3)
       ³                         ³ (cm‎)    ³
Ring   ³Outer Ring Erly Late   % ³Incr Total³Ring E/Wd L/Wd Unif  Min  Max  Rng
 # Year³ Rad.      Wood Wood  LW ³          ³mean mean mean
ֱֱֱִִִִִִִִִִִִִִִִִִִִִִִִִִִִִִִִִִִִִִִִִִִִִִִִִִִִִִִִִִִִִִִִִִִִִִִִִִִִ

 3 1991  31.5 31.5 19.5  0.0   0  31.2   31.2 375  375    0    0  289  450  161
 4 1992  51.0 19.5 18.3  1.2   6  50.5   81.7 373  363  519  156  294  529  235
 5 1993  66.6 15.6 13.5  2.1  13  57.6  139.3 411  388  560  172  315  612  297
 6 1994  78.6 12.0  7.5  4.5  37  54.7  194.1 466  406  568  162  342  611  269
 7 1995  93.3 14.7 12.6  2.1  14  79.4  273.5 415  395  540  145  328  565  237
 8 1996 107.4 14.1 10.8  3.3  23  88.9  362.4 430  389  564  175  330  617  287
 9 1997 122.4 15.0 10.2  4.8  32 108.3  470.7 469  428  555  127  358  648  290
10 1998 135.3 12.9  6.9  6.0  46 104.4  575.1 472  413  541  128  345  588  243
11 1999 147.9 12.6  8.1  4.5  35 112.1  687.2 478  435  556  121  381  604  223
12 2000 157.8  9.9  5.1  4.8  48  95.1  782.3 482  396  573  177  325  657  332
13 2001 168.9 11.1  5.7  5.4  48 113.9  896.2 488  403  578  175  311  663  352
14 2002 179.1 10.2  5.4  4.8  47 111.5 1007.7 477  405  559  154  317  617  300
15 2003 189.3 10.2  5.7  4.5  44 118.1 1125.8 484  401  589  188  329  650  321
16 2004 196.5  7.2  4.2  3.0  41  87.3 1213.0 476  390  597  207  324  670  346
17 2005 205.2  8.7  5.7  3.0  34 109.8 1322.8 464  403  581  178  340  687  347
18 2006 212.4  7.2  2.7  4.5  62  94.5 1417.3 526  397  603  206  333  707  374
19 2007 220.5  8.1  4.5  3.6  44 110.2 1527.5 500  420  599  179  348  675  327
20 2008 226.5  6.0  3.6  2.4  40  84.3 1611.7 509  415  649  234  353  707  354
21 2009 232.2  5.7  2.4  3.3  57  82.1 1693.8 514  391  602  211  347  695  348
22 2010 236.7  4.5  1.8  2.7  60  66.3 1760.1 523  394  610  216  339  740  401
23 2011 241.5  4.8  2.1  2.7  56  72.1 1832.2 524  411  612  201  348  681  333
24 2012 245.7  4.2  2.1  2.1  50  64.3 1896.5 509  410  607  197  356  727  371
25 2013 249.0  3.3  2.1  1.2  36  51.3 1947.8 463  373  621  248  308  716  408
26 2014 252.3  3.3  1.5  1.8  54  52.0 1999.8 536  418  634  216  355  739  384
27 2015 256.5  4.2  1.8  2.4  57  67.1 2066.9 530  386  639  253  334  751  417
28 2016 260.1  3.6  2.1  1.5  41  58.4 2125.4 491  433  572  139  359  693  334

Core Length:  248.4 mm
Core Density: 476 kg/m3
Cross-sectional Density:  479 kg/m3
Early/Latewood Threshold: 500 kg/m3
Attenuation Constant: 3.19

ִִִִִִִִִִִִִִִִִִִִִִִִִִִִִִִִִִִִִִִִִִִִִִִִִִִִִִִִִִִִִִִִִִִִִִִִִִִִִִִ
Core : 95
ֲֲֲִִִִִִִִִִִִִִִִִִִִִִִִִִִִִִִִִִִִִִִִִִִִִִִִִִִִִִִִִִִִִִִִִִִִִִִִִִִִ
       ³Widths (mm)              ³ Areas    ³ Densities (kg/m3)
       ³                         ³ (cm‎)    ³
Ring   ³Outer Ring Erly Late   % ³Incr Total³Ring E/Wd L/Wd Unif  Min  Max  Rng
 # Year³ Rad.      Wood Wood  LW ³          ³mean mean mean
ֱֱֱִִִִִִִִִִִִִִִִִִִִִִִִִִִִִִִִִִִִִִִִִִִִִִִִִִִִִִִִִִִִִִִִִִִִִִִִִִִִ

 1 1989   2.7  2.7  2.7  0.0   0   0.2    0.2 327  327    0    0  244  394  150
 2 1990  10.5  7.8  7.8  0.0   0   3.2    3.5 323  323    0    0  272  418  146
 3 1991  27.3 16.8 16.8  0.0   0  20.0   23.4 335  335    0    0  247  438  191
 4 1992  45.3 18.0 17.4  0.6   3  41.1   64.5 362  357  500  143  281  501  220
 5 1993  63.0 17.7 16.8  0.9   5  60.2  124.7 363  354  533  179  280  554  274
 6 1994  81.6 18.6 15.3  3.3  17  84.5  209.2 432  409  535  126  323  568  245
 7 1995  97.5 15.9 14.1  1.8  11  89.5  298.6 415  398  542  144  312  573  261
 8 1996 114.3 16.8 15.3  1.5   8 111.8  410.4 408  397  517  120  306  538  232
 9 1997 137.1 22.8 21.6  1.2   5 180.1  590.5 424  417  540  123  315  550  235
10 1998 153.9 16.8 13.8  3.0  17 153.6  744.1 426  405  524  119  306  544  238
11 1999 169.8 15.9 13.2  2.7  16 161.7  905.8 430  409  535  126  333  567  234
12 2000 179.4  9.6  7.5  2.1  21 105.3 1011.1 423  388  550  162  316  611  295
13 2001 188.7  9.3  5.1  4.2  45 107.5 1118.6 470  390  568  178  336  660  324
14 2002 195.9  7.2  5.7  1.5  20  87.0 1205.6 433  396  572  176  331  595  264
15 2003 203.1  7.2  5.4  1.8  25  90.3 1295.9 437  388  582  194  323  641  318
16 2004 209.1  6.0  4.2  1.8  30  77.7 1373.6 428  362  582  220  319  619  300
17 2005 215.4  6.3  5.4  0.9  14  84.0 1457.6 417  384  615  231  326  670  344
18 2006 221.4  6.0  3.6  2.4  40  82.3 1539.9 473  388  601  213  320  668  348
19 2007 227.1  5.7  4.2  1.5  26  80.3 1620.3 448  396  592  196  333  636  303
20 2008 233.4  6.3  3.6  2.7  42  91.1 1711.4 489  401  606  205  363  676  313
21 2009 239.7  6.3  3.6  2.7  42  93.6 1805.0 487  401  602  201  346  688  342
22 2010 245.4  5.7  3.9  1.8  31  86.9 1891.9 473  421  585  164  363  692  329
23 2011 249.9  4.5  1.8  2.7  60  70.0 1961.9 530  420  603  183  368  661  293
24 2012 253.8  3.9  2.4  1.5  38  61.7 2023.6 501  416  636  220  370  677  307
25 2013 256.2  2.4  1.8  0.6  24  38.5 2062.1 476  427  621  194  381  646  265
26 2014 258.6  2.4  1.5  0.9  37  38.8 2100.9 488  414  611  197  364  691  327
27 2015 261.6  3.0  1.8  1.2  40  49.0 2149.9 484  414  589  175  373  656  283
28 2016 264.3  2.7  1.8  0.9  33  44.6 2194.5 483  426  595  169  385  671  286

Core Length:  264.3 mm
Core Density: 435 kg/m3
Cross-sectional Density:  443 kg/m3
Early/Latewood Threshold: 500 kg/m3
Attenuation Constant: 3.19

ִִִִִִִִִִִִִִִִִִִִִִִִִִִִִִִִִִִִִִִִִִִִִִִִִִִִִִִִִִִִִִִִִִִִִִִִִִִִִִִ
Core : 96
ֲֲֲִִִִִִִִִִִִִִִִִִִִִִִִִִִִִִִִִִִִִִִִִִִִִִִִִִִִִִִִִִִִִִִִִִִִִִִִִִִִ
       ³Widths (mm)              ³ Areas    ³ Densities (kg/m3)
       ³                         ³ (cm‎)    ³
Ring   ³Outer Ring Erly Late   % ³Incr Total³Ring E/Wd L/Wd Unif  Min  Max  Rng
 # Year³ Rad.      Wood Wood  LW ³          ³mean mean mean
ֱֱֱִִִִִִִִִִִִִִִִִִִִִִִִִִִִִִִִִִִִִִִִִִִִִִִִִִִִִִִִִִִִִִִִִִִִִִִִִִִִ

 2 1990  14.5 14.5 10.2  0.3   2   6.6    6.6 372  368  516  148  294  516  222
 3 1991  34.0 19.5 18.6  0.9   4  29.7   36.3 364  357  514  157  274  517  243
 4 1992  52.3 18.3 15.9  2.4  13  49.6   85.9 394  375  520  145  312  543  231
 5 1993  65.5 13.2 12.3  0.9   6  48.9  134.8 353  340  528  188  246  555  309
 6 1994  82.9 17.4 12.0  5.4  31  81.1  215.9 435  393  530  137  313  557  244
 7 1995  98.5 15.6 14.7  0.9   5  88.9  304.8 401  393  522  129  316  536  220
 8 1996 114.4 15.9 15.0  0.9   5 106.3  411.2 389  382  518  136  290  536  246
 9 1997 127.3 12.9 11.1  1.8  13  98.0  509.1 397  377  518  141  296  531  235
10 1998 139.9 12.6 10.8  1.8  14 105.8  614.9 409  389  527  138  282  538  256
11 1999 152.8 12.9  9.9  3.0  23 118.6  733.5 426  390  543  153  299  571  272
12 2000 162.4  9.6  7.8  1.8  18  95.1  828.6 404  363  583  220  270  645  375
13 2001 172.6 10.2  7.2  3.0  29 107.3  935.9 443  394  561  167  285  609  324
14 2002 181.3  8.7  6.9  1.8  20  96.7 1032.6 416  378  564  186  300  612  312
15 2003 192.1 10.8  7.8  3.0  27 126.7 1159.3 427  368  581  213  288  626  338
16 2004 202.3 10.2  7.5  2.7  26 126.4 1285.7 417  364  566  202  277  622  345
17 2005 212.8 10.5  7.8  2.7  25 136.9 1422.6 439  378  616  238  301  680  379
18 2006 221.5  8.7  5.7  3.0  34 118.7 1541.3 453  380  591  211  310  670  360
19 2007 230.2  8.7  6.3  2.4  27 123.5 1664.8 440  379  601  222  303  644  341
20 2008 237.7  7.5  5.1  2.4  32 110.2 1775.0 473  402  624  222  335  707  372
21 2009 244.9  7.2  5.1  2.1  29 109.2 1884.2 472  432  571  139  365  668  303
22 2010 249.7  4.8  3.6  1.2  24  74.6 1958.8 444  391  602  211  345  674  329
23 2011 254.8  5.1  3.0  2.1  41  80.8 2039.6 474  385  602  217  322  691  369
24 2012 259.9  5.1  3.6  1.5  29  82.5 2122.1 459  391  622  231  338  688  350
25 2013 263.2  3.3  2.7  0.6  18  54.2 2176.3 430  394  595  201  330  596  266
26 2014 266.2  3.0  2.1  0.9  30  49.9 2226.2 474  411  622  211  337  659  322
27 2015 272.5  6.3  3.3  3.0  47 106.6 2332.8 495  395  605  210  343  695  352
28 2016 277.6  5.1  4.5  0.6  11  88.1 2421.0 427  408  568  160  343  606  263

Core Length:  273.6 mm
Core Density: 426 kg/m3
Cross-sectional Density:  432 kg/m3
Early/Latewood Threshold: 500 kg/m3
Attenuation Constant: 3.19

