File : C:\DENSITOM\WOODHI~1\WHILL16.DAT
Cores :
1
5
7
9
12
13
19
23
27
28
34
40

ִִִִִִִִִִִִִִִִִִִִִִִִִִִִִִִִִִִִִִִִִִִִִִִִִִִִִִִִִִִִִִִִִִִִִִִִִִִִִִִ
Core : 1
ֲֲֲִִִִִִִִִִִִִִִִִִִִִִִִִִִִִִִִִִִִִִִִִִִִִִִִִִִִִִִִִִִִִִִִִִִִִִִִִִִִ
       ³Widths (mm)              ³ Areas    ³ Densities (kg/m3)
       ³                         ³ (cm‎)    ³
Ring   ³Outer Ring Erly Late   % ³Incr Total³Ring E/Wd L/Wd Unif  Min  Max  Rng
 # Year³ Rad.      Wood Wood  LW ³          ³mean mean mean
ֱֱֱִִִִִִִִִִִִִִִִִִִִִִִִִִִִִִִִִִִִִִִִִִִִִִִִִִִִִִִִִִִִִִִִִִִִִִִִִִִִ

 1 1989   4.6  4.6  3.6  0.0   0   0.7    0.7 355  355    0    0  319  400   81
 2 1990  18.7 14.1 14.1  0.0   0  10.3   11.0 322  322    0    0  249  440  191
 3 1991  40.0 21.3 21.3  0.0   0  39.3   50.3 313  313    0    0  227  460  233
 4 1992  60.7 20.7 20.7  0.0   0  65.5  115.8 354  354    0    0  254  485  231
 5 1993  74.2 13.5 12.9  0.6   4  57.2  173.0 330  320  553  233  245  557  312
 6 1994  96.1 21.9 18.0  3.9  17 117.2  290.1 396  361  557  196  282  603  321
 7 1995 108.7 12.6 11.4  1.2   9  81.1  371.2 397  380  557  177  299  587  288
 8 1996 121.6 12.9 10.2  2.7  20  93.3  464.5 427  401  525  124  311  539  228
 9 1997 133.6 12.0  7.5  4.5  37  96.2  560.7 440  367  561  194  291  605  314
10 1998 145.3 11.7 10.2  1.5  12 102.5  663.3 395  372  557  185  293  622  329
11 1999 153.7  8.4  5.7  2.7  32  78.9  742.2 450  394  569  175  312  622  310
12 2000 159.1  5.4  5.1  0.3   5  53.1  795.2 375  363  590  227  303  590  287
13 2001 163.0  3.9  3.0  0.9  23  39.5  834.7 415  369  569  200  305  641  336
14 2002 166.6  3.6  2.4  1.2  33  37.3  872.0 440  375  568  193  329  644  315
15 2003 172.3  5.7  3.6  2.1  36  60.7  932.7 504  451  595  144  429  636  207
16 2004 176.5  4.2  2.7  1.5  35  46.0  978.7 458  387  585  198  327  655  328
17 2005 180.4  3.9  2.4  1.5  38  43.7 1022.4 471  402  581  179  339  654  315
18 2006 184.0  3.6  1.8  1.8  50  41.2 1063.6 492  421  563  142  358  660  302
19 2007 188.2  4.2  2.7  1.5  35  49.1 1112.7 458  404  556  152  338  621  283
20 2008 192.1  3.9  2.1  1.8  46  46.6 1159.3 495  421  583  162  359  625  266
21 2009 196.9  4.8  2.4  2.4  49  58.7 1218.0 502  418  586  168  351  633  282
22 2010 200.8  3.9  1.5  2.4  61  48.7 1266.7 494  379  566  187  336  671  335
23 2011 204.4  3.6  1.2  2.4  66  45.8 1312.5 501  376  564  188  333  619  286
24 2012 210.4  6.0  3.6  2.4  40  78.2 1390.7 460  390  564  174  326  630  304
25 2013 214.0  3.6  2.1  1.5  41  48.0 1438.7 492  420  592  172  356  684  328
26 2014 217.3  3.3  1.5  1.8  54  44.7 1483.4 495  387  586  199  331  687  356
27 2015 224.8  7.5  3.9  3.6  48 104.2 1587.6 499  413  592  179  358  653  295
28 2016 230.2  5.4  3.6  1.8  33  77.2 1664.8 462  398  589  191  341  691  350

Core Length:  230.1 mm
Core Density: 435 kg/m3
Cross-sectional Density:  439 kg/m3
Early/Latewood Threshold: 500 kg/m3
Attenuation Constant: 3.19

ִִִִִִִִִִִִִִִִִִִִִִִִִִִִִִִִִִִִִִִִִִִִִִִִִִִִִִִִִִִִִִִִִִִִִִִִִִִִִִִ
Core : 5
ֲֲֲִִִִִִִִִִִִִִִִִִִִִִִִִִִִִִִִִִִִִִִִִִִִִִִִִִִִִִִִִִִִִִִִִִִִִִִִִִִִ
       ³Widths (mm)              ³ Areas    ³ Densities (kg/m3)
       ³                         ³ (cm‎)    ³
Ring   ³Outer Ring Erly Late   % ³Incr Total³Ring E/Wd L/Wd Unif  Min  Max  Rng
 # Year³ Rad.      Wood Wood  LW ³          ³mean mean mean
ֱֱֱִִִִִִִִִִִִִִִִִִִִִִִִִִִִִִִִִִִִִִִִִִִִִִִִִִִִִִִִִִִִִִִִִִִִִִִִִִִִ

 2 1990  15.6 15.6 12.6  0.0   0   7.6    7.6 347  347    0    0  290  445  155
 3 1991  37.8 22.2 22.2  0.0   0  37.2   44.9 366  366    0    0  255  478  223
 4 1992  56.7 18.9 17.1  1.8   9  56.1  101.0 386  372  518  146  311  535  224
 5 1993  74.7 18.0 16.5  1.5   8  74.3  175.3 376  362  527  165  283  575  292
 6 1994  90.6 15.9 12.0  3.9  24  82.6  257.9 440  405  547  142  322  590  268
 7 1995 107.1 16.5 13.8  2.7  16 102.5  360.4 424  402  537  135  310  596  286
 8 1996 120.6 13.5  9.6  3.9  28  96.6  456.9 439  402  529  127  321  569  248
 9 1997 134.4 13.8  7.8  6.0  43 110.6  567.5 472  411  552  141  336  617  281
10 1998 146.7 12.3  7.8  4.5  36 108.6  676.1 451  399  542  143  326  573  247
11 1999 159.0 12.3  6.9  5.4  43 118.1  794.2 476  415  554  139  353  615  262
12 2000 165.0  6.0  3.6  2.4  40  61.1  855.3 478  415  573  158  343  666  323
13 2001 171.9  6.9  3.9  3.0  43  73.0  928.3 486  418  575  157  372  658  286
14 2002 177.0  5.1  3.0  2.1  41  55.9  984.2 471  401  570  169  371  620  249
15 2003 181.8  4.8  2.7  2.1  43  54.1 1038.3 496  411  605  194  397  683  286
16 2004 186.0  4.2  2.4  1.8  42  48.5 1086.9 512  428  624  196  394  679  285
17 2005 189.9  3.9  1.8  2.1  53  46.1 1132.9 529  430  614  184  402  688  286
18 2006 194.1  4.2  1.5  2.7  64  50.7 1183.6 555  453  611  158  434  711  277
19 2007 198.0  3.9  1.8  2.1  53  48.0 1231.6 548  463  622  159  413  696  283
20 2008 201.9  3.9  1.2  2.7  69  49.0 1280.6 551  444  599  155  428  682  254
21 2009 205.8  3.9  1.5  2.4  61  50.0 1330.6 557  449  624  175  415  701  286
22 2010 208.5  2.7  1.2  1.5  55  35.1 1365.7 531  453  593  140  428  660  232
23 2011 210.6  2.1  0.6  1.5  71  27.6 1393.4 567  476  603  127  471  665  194
24 2012 212.7  2.1  0.9  1.2  57  27.9 1421.3 537  456  598  142  438  663  225
25 2013 213.9  1.2  0.6  0.6  50  16.1 1437.4 537  477  598  121  466  680  214
26 2014 215.4  1.5  0.6  0.9  60  20.2 1457.6 555  458  620  162  455  703  248
27 2015 217.2  1.8  0.9  0.9  49  24.5 1482.1 554  461  648  187  437  698  261
28 2016 218.7  1.5  0.6  0.9  60  20.5 1502.6 517  416  584  168  358  653  295

Core Length:  215.7 mm
Core Density: 487 kg/m3
Cross-sectional Density:  475 kg/m3
Early/Latewood Threshold: 500 kg/m3
Attenuation Constant: 3.19

ִִִִִִִִִִִִִִִִִִִִִִִִִִִִִִִִִִִִִִִִִִִִִִִִִִִִִִִִִִִִִִִִִִִִִִִִִִִִִִִ
Core : 7
ֲֲֲִִִִִִִִִִִִִִִִִִִִִִִִִִִִִִִִִִִִִִִִִִִִִִִִִִִִִִִִִִִִִִִִִִִִִִִִִִִִ
       ³Widths (mm)              ³ Areas    ³ Densities (kg/m3)
       ³                         ³ (cm‎)    ³
Ring   ³Outer Ring Erly Late   % ³Incr Total³Ring E/Wd L/Wd Unif  Min  Max  Rng
 # Year³ Rad.      Wood Wood  LW ³          ³mean mean mean
ֱֱֱִִִִִִִִִִִִִִִִִִִִִִִִִִִִִִִִִִִִִִִִִִִִִִִִִִִִִִִִִִִִִִִִִִִִִִִִִִִִ

 3 1991  21.2 21.2 16.2  0.0   0  14.1   14.1 312  312    0    0  250  449  199
 4 1992  36.2 15.0 15.0  0.0   0  27.0   41.2 336  336    0    0  272  434  162
 5 1993  52.1 15.9 15.9  0.0   0  44.1   85.3 350  350    0    0  288  472  184
 6 1994  65.9 13.8 10.5  3.3  23  51.2  136.4 408  367  541  174  305  578  273
 7 1995  79.1 13.2 11.4  1.8  13  60.1  196.6 410  391  530  139  307  547  240
 8 1996  91.1 12.0 10.8  1.2  10  64.2  260.7 419  406  544  138  325  558  233
 9 1997  99.8  8.7  6.9  1.8  20  52.2  312.9 437  401  577  176  340  590  250
10 1998 106.1  6.3  5.1  1.2  19  40.8  353.7 415  386  540  154  295  576  281
11 1999 115.7  9.6  5.7  3.9  40  66.9  420.5 471  412  557  145  343  614  271
12 2000 120.5  4.8  3.9  0.9  18  35.6  456.2 434  406  558  152  318  615  297
13 2001 125.6  5.1  4.2  0.9  17  39.4  495.6 433  407  555  148  304  632  328
14 2002 129.2  3.6  2.7  0.9  24  28.8  524.4 439  395  570  175  306  603  297
15 2003 134.6  5.4  3.0  2.4  44  44.8  569.2 475  415  549  134  324  651  327
16 2004 137.6  3.0  1.8  1.2  40  25.7  594.8 475  406  578  172  336  664  328
17 2005 140.3  2.7  0.9  1.8  66  23.6  618.4 512  415  561  146  393  656  263
18 2006 142.4  2.1  0.9  1.2  57  18.7  637.0 500  420  560  140  368  663  295
19 2007 145.1  2.7  0.9  1.8  66  24.4  661.4 514  384  579  195  363  636  273
20 2008 147.5  2.4  0.9  1.5  62  22.1  683.5 528  419  594  175  385  673  288
21 2009 149.3  1.8  0.9  0.9  49  16.8  700.3 522  418  626  208  393  706  313
22 2010 150.8  1.5  0.6  0.9  60  14.1  714.4 502  411  563  152  399  649  250
23 2011 151.7  0.9  0.3  0.6  66   8.6  723.0 554  460  601  141  460  627  167
24 2012 152.9  1.2  0.6  0.6  50  11.5  734.5 500  446  555  109  432  598  166
25 2013 154.1  1.2  0.6  0.6  50  11.6  746.0 478  398  557  159  381  566  185
26 2014 155.0  0.9  0.3  0.6  66   8.7  754.8 484  369  542  173  369  561  192
27 2015 156.8  1.8  0.6  1.2  66  17.6  772.4 534  428  587  159  370  618  248
28 2016 158.0  1.2  0.6  0.6  50  11.9  784.3 492  417  567  150  347  617  270

Core Length:  153.0 mm
Core Density: 459 kg/m3
Cross-sectional Density:  443 kg/m3
Early/Latewood Threshold: 500 kg/m3
Attenuation Constant: 3.19

ִִִִִִִִִִִִִִִִִִִִִִִִִִִִִִִִִִִִִִִִִִִִִִִִִִִִִִִִִִִִִִִִִִִִִִִִִִִִִִִ
Core : 9
ֲֲֲִִִִִִִִִִִִִִִִִִִִִִִִִִִִִִִִִִִִִִִִִִִִִִִִִִִִִִִִִִִִִִִִִִִִִִִִִִִִ
       ³Widths (mm)              ³ Areas    ³ Densities (kg/m3)
       ³                         ³ (cm‎)    ³
Ring   ³Outer Ring Erly Late   % ³Incr Total³Ring E/Wd L/Wd Unif  Min  Max  Rng
 # Year³ Rad.      Wood Wood  LW ³          ³mean mean mean
ֱֱֱִִִִִִִִִִִִִִִִִִִִִִִִִִִִִִִִִִִִִִִִִִִִִִִִִִִִִִִִִִִִִִִִִִִִִִִִִִִִ

 1 1989   5.1  5.1  5.1  0.0   0   0.8    0.8 346  346    0    0  270  397  127
 2 1990  13.2  8.1  8.1  0.0   0   4.7    5.5 337  337    0    0  259  489  230
 3 1991  31.5 18.3 18.3  0.0   0  25.7   31.2 324  324    0    0  240  438  198
 4 1992  51.3 19.8 19.8  0.0   0  51.5   82.7 348  348    0    0  265  498  233
 5 1993  70.8 19.5 18.3  1.2   6  74.8  157.5 380  371  518  147  277  529  252
 6 1994  90.6 19.8 15.9  3.9  19 100.4  257.9 410  377  544  167  309  580  271
 7 1995 105.6 15.0 13.2  1.8  12  92.5  350.3 396  378  531  153  309  578  269
 8 1996 116.4 10.8  9.9  0.9   8  75.3  425.7 384  369  547  178  311  569  258
 9 1997 129.6 13.2 11.1  2.1  15 102.0  527.7 411  385  549  164  342  597  255
10 1998 140.1 10.5  9.6  0.9   8  89.0  616.6 376  362  532  170  297  546  249
11 1999 149.7  9.6  7.8  1.8  18  87.4  704.0 415  385  544  159  312  621  309
12 2000 154.5  4.8  4.5  0.3   6  45.9  749.9 386  375  549  174  318  549  231
13 2001 160.5  6.0  4.8  1.2  20  59.4  809.3 421  390  548  158  312  581  269
14 2002 166.8  6.3  4.2  2.1  33  64.8  874.1 434  380  541  161  319  624  305
15 2003 173.1  6.3  4.5  1.8  28  67.3  941.3 472  439  553  114  343  603  260
16 2004 177.0  3.9  3.0  0.9  23  42.9  984.2 444  409  561  152  361  630  269
17 2005 179.7  2.7  2.1  0.6  22  30.3 1014.5 452  413  591  178  330  593  263
18 2006 182.4  2.7  1.8  0.9  33  30.7 1045.2 477  420  591  171  357  602  245
19 2007 185.1  2.7  1.5  1.2  44  31.2 1076.4 481  423  553  130  369  619  250
20 2008 187.5  2.4  1.2  1.2  50  28.1 1104.5 476  389  564  175  358  647  289
21 2009 189.9  2.4  1.2  1.2  49  28.5 1132.9 504  432  577  145  397  659  262
22 2010 191.4  1.5  0.6  0.9  60  18.0 1150.9 497  419  549  130  395  627  232
23 2011 192.9  1.5  0.6  0.9  60  18.1 1169.0 515  452  558  106  447  608  161
24 2012 195.0  2.1  1.5  0.6  28  25.6 1194.6 496  450  612  162  406  624  218
25 2013 196.2  1.2  0.9  0.3  25  14.7 1209.3 473  438  580  142  402  580  178
26 2014 197.4  1.2  0.6  0.6  50  14.8 1224.2 485  425  546  121  421  576  155
27 2015 198.6  1.2  0.3  0.9  75  14.9 1239.1 539  433  574  141  433  662  229
28 2016 199.5  0.9  0.6  0.3  33  11.3 1250.4 471  450  512   62  413  512   99

Core Length:  199.8 mm
Core Density: 433 kg/m3
Cross-sectional Density:  420 kg/m3
Early/Latewood Threshold: 500 kg/m3
Attenuation Constant: 3.19

ִִִִִִִִִִִִִִִִִִִִִִִִִִִִִִִִִִִִִִִִִִִִִִִִִִִִִִִִִִִִִִִִִִִִִִִִִִִִִִִ
Core : 12
ֲֲֲִִִִִִִִִִִִִִִִִִִִִִִִִִִִִִִִִִִִִִִִִִִִִִִִִִִִִִִִִִִִִִִִִִִִִִִִִִִִ
       ³Widths (mm)              ³ Areas    ³ Densities (kg/m3)
       ³                         ³ (cm‎)    ³
Ring   ³Outer Ring Erly Late   % ³Incr Total³Ring E/Wd L/Wd Unif  Min  Max  Rng
 # Year³ Rad.      Wood Wood  LW ³          ³mean mean mean
ֱֱֱִִִִִִִִִִִִִִִִִִִִִִִִִִִִִִִִִִִִִִִִִִִִִִִִִִִִִִִִִִִִִִִִִִִִִִִִִִִִ

 1 1989   3.0  3.0  3.0  0.0   0   0.3    0.3 311  311    0    0  247  398  151
 2 1990  12.3  9.3  9.0  0.3   3   4.5    4.8 345  340  511  171  281  511  230
 3 1991  32.7 20.4 20.4  0.0   0  28.8   33.6 351  351    0    0  261  470  209
 4 1992  52.2 19.5 19.2  0.3   1  52.0   85.6 373  371  504  133  294  504  210
 5 1993  69.0 16.8 15.6  1.2   7  64.0  149.6 380  368  534  166  272  573  301
 6 1994  81.9 12.9 10.5  2.4  18  61.2  210.7 430  402  550  148  343  580  237
 7 1995  95.1 13.2 12.9  0.3   2  73.4  284.1 396  394  502  108  330  502  172
 8 1996 105.9 10.8  8.1  2.7  25  68.2  352.3 422  387  526  139  320  552  232
 9 1997 115.8  9.9  6.0  3.9  39  69.0  421.3 466  407  556  149  343  642  299
10 1998 126.0 10.2  6.9  3.3  32  77.5  498.8 442  397  537  140  330  578  248
11 1999 133.2  7.2  3.3  3.9  54  58.6  557.4 494  419  557  138  365  612  247
12 2000 138.0  4.8  2.7  2.1  43  40.9  598.3 479  410  567  157  339  616  277
13 2001 142.8  4.8  2.7  2.1  43  42.3  640.6 487  416  578  162  343  611  268
14 2002 147.0  4.2  2.1  2.1  50  38.2  678.9 481  433  529   96  377  575  198
15 2003 153.0  6.0  3.0  3.0  50  56.5  735.4 498  443  553  110  364  616  252
16 2004 156.9  3.9  1.8  2.1  53  38.0  773.4 498  417  567  150  348  604  256
17 2005 160.2  3.3  1.5  1.8  54  32.9  806.3 508  445  560  115  411  650  239
18 2006 163.8  3.6  1.8  1.8  50  36.6  842.9 497  428  566  138  368  585  217
19 2007 166.8  3.0  1.2  1.8  60  31.2  874.1 497  426  544  118  380  572  192
20 2008 168.9  2.1  0.9  1.2  57  22.1  896.2 499  415  561  146  400  626  226
21 2009 170.7  1.8  0.9  0.9  49  19.2  915.4 528  472  584  112  435  610  175
22 2010 171.9  1.2  0.6  0.6  50  12.9  928.3 511  461  561  100  436  599  163
23 2011 173.1  1.2  0.3  0.9  75  13.0  941.3 496  397  530  133  397  550  153
24 2012 174.3  1.2  0.6  0.6  50  13.1  954.4 520  459  580  121  456  609  153
25 2013 175.2  0.9  0.6  0.3  33   9.9  964.3 489  456  556  100  425  556  131
26 2014 176.4  1.2  0.6  0.6  50  13.3  977.6 539  445  633  188  400  643  243
27 2015 177.9  1.5  0.6  0.9  60  16.7  994.3 504  413  565  152  406  596  190
28 2016 179.4  1.5  0.6  0.9  60  16.8 1011.1 498  393  567  174  314  593  279

Core Length:  179.4 mm
Core Density: 462 kg/m3
Cross-sectional Density:  455 kg/m3
Early/Latewood Threshold: 500 kg/m3
Attenuation Constant: 3.19

ִִִִִִִִִִִִִִִִִִִִִִִִִִִִִִִִִִִִִִִִִִִִִִִִִִִִִִִִִִִִִִִִִִִִִִִִִִִִִִִ
Core : 13
ֲֲֲִִִִִִִִִִִִִִִִִִִִִִִִִִִִִִִִִִִִִִִִִִִִִִִִִִִִִִִִִִִִִִִִִִִִִִִִִִִִ
       ³Widths (mm)              ³ Areas    ³ Densities (kg/m3)
       ³                         ³ (cm‎)    ³
Ring   ³Outer Ring Erly Late   % ³Incr Total³Ring E/Wd L/Wd Unif  Min  Max  Rng
 # Year³ Rad.      Wood Wood  LW ³          ³mean mean mean
ֱֱֱִִִִִִִִִִִִִִִִִִִִִִִִִִִִִִִִִִִִִִִִִִִִִִִִִִִִִִִִִִִִִִִִִִִִִִִִִִִִ

 1 1990  16.5 16.5 16.2  0.3   1   8.6    8.6 322  319  509  190  210  509  299
 2 1991  35.7 19.2 18.9  0.3   1  31.5   40.0 346  343  504  161  258  504  246
 3 1992  54.3 18.6 17.1  1.5   8  52.6   92.6 348  335  506  171  269  520  251
 4 1993  72.0 17.7 15.9  1.8  10  70.2  162.9 332  309  533  224  229  570  341
 5 1994  91.5 19.5 16.2  3.3  16 100.2  263.0 413  384  554  170  318  582  264
 6 1995 105.9 14.4 12.3  2.1  14  89.3  352.3 427  404  562  158  336  604  268
 7 1996 119.7 13.8  9.0  4.8  34  97.8  450.1 464  398  588  190  327  646  319
 8 1997 130.2 10.5  6.6  3.9  37  82.4  532.6 472  417  566  149  338  636  298
 9 1998 136.8  6.6  4.8  1.8  27  55.4  587.9 414  359  563  204  309  666  357
10 1999 140.7  3.9  2.1  1.8  46  34.0  621.9 467  366  585  219  325  660  335
11 2000 143.4  2.7  1.8  0.9  33  24.1  646.0 441  390  545  155  309  573  264
12 2001 146.7  3.3  1.5  1.8  54  30.1  676.1 484  384  568  184  320  651  331
13 2002 150.3  3.6  2.1  1.5  41  33.6  709.7 517  443  621  178  370  694  324
14 2003 155.4  5.1  2.7  2.4  47  49.0  758.7 511  434  598  164  373  700  327
15 2004 158.7  3.3  1.5  1.8  54  32.6  791.2 505  411  584  173  369  686  317
16 2005 161.7  3.0  1.5  1.5  50  30.2  821.4 530  434  626  192  388  730  342
17 2006 164.4  2.7  1.2  1.5  55  27.7  849.1 523  407  616  209  376  706  330
18 2007 167.4  3.0  1.2  1.8  60  31.3  880.4 525  421  595  174  362  680  318
19 2008 171.0  3.6  1.8  1.8  50  38.3  918.6 520  427  613  186  389  696  307
20 2009 175.2  4.2  1.5  2.7  64  45.7  964.3 550  440  611  171  414  737  323
21 2010 177.9  2.7  1.8  0.9  33  30.0  994.3 505  434  648  214  373  721  348
22 2011 180.3  2.4  0.9  1.5  62  27.0 1021.3 554  413  639  226  387  716  329
23 2012 183.0  2.7  0.9  1.8  66  30.8 1052.1 541  428  598  170  392  731  339
24 2013 184.5  1.5  0.6  0.9  60  17.3 1069.4 529  441  588  147  417  716  299
25 2014 185.4  0.9  0.6  0.3  33  10.5 1079.9 549  479  691  212  463  691  228
26 2015 187.2  1.8  0.9  0.9  49  21.1 1100.9 535  423  648  225  400  695  295
27 2016 188.7  1.5  0.9  0.6  40  17.7 1118.6 482  373  646  273  262  656  394

Core Length:  188.7 mm
Core Density: 474 kg/m3
Cross-sectional Density:  460 kg/m3
Early/Latewood Threshold: 500 kg/m3
Attenuation Constant: 3.19

ִִִִִִִִִִִִִִִִִִִִִִִִִִִִִִִִִִִִִִִִִִִִִִִִִִִִִִִִִִִִִִִִִִִִִִִִִִִִִִִ
Core : 19
ֲֲֲִִִִִִִִִִִִִִִִִִִִִִִִִִִִִִִִִִִִִִִִִִִִִִִִִִִִִִִִִִִִִִִִִִִִִִִִִִִִ
       ³Widths (mm)              ³ Areas    ³ Densities (kg/m3)
       ³                         ³ (cm‎)    ³
Ring   ³Outer Ring Erly Late   % ³Incr Total³Ring E/Wd L/Wd Unif  Min  Max  Rng
 # Year³ Rad.      Wood Wood  LW ³          ³mean mean mean
ֱֱֱִִִִִִִִִִִִִִִִִִִִִִִִִִִִִִִִִִִִִִִִִִִִִִִִִִִִִִִִִִִִִִִִִִִִִִִִִִִִ

 1 1989   3.3  3.3  3.3  0.0   0   0.3    0.3 297  297    0    0  249  377  128
 2 1990  17.1 13.8 13.8  0.0   0   8.8    9.2 327  327    0    0  275  414  139
 3 1991  36.9 19.8 19.8  0.0   0  33.6   42.8 295  295    0    0  245  416  171
 4 1992  53.7 16.8 16.8  0.0   0  47.8   90.6 308  308    0    0  253  413  160
 5 1993  69.0 15.3 12.9  2.4  15  59.0  149.6 352  321  521  200  250  553  303
 6 1994  83.4 14.4 10.2  4.2  29  68.9  218.5 419  359  564  205  288  610  322
 7 1995  97.8 14.4 13.2  1.2   8  82.0  300.5 402  391  517  126  290  544  254
 8 1996 111.6 13.8 12.6  1.2   8  90.8  391.3 379  367  513  146  282  525  243
 9 1997 129.6 18.0 12.0  6.0  33 136.4  527.7 439  380  558  178  304  600  296
10 1998 141.0 11.4  7.8  3.6  31  96.9  624.6 440  384  562  178  297  608  311
11 1999 150.9  9.9  6.3  3.6  36  90.8  715.4 468  390  605  215  311  671  360
12 2000 157.8  6.9  4.5  2.4  34  66.9  782.3 429  358  562  204  290  644  354
13 2001 165.0  7.2  5.1  2.1  29  73.0  855.3 437  373  592  219  286  693  407
14 2002 171.9  6.9  4.8  2.1  30  73.0  928.3 467  394  632  238  309  680  371
15 2003 182.1 10.2  6.9  3.3  32 113.4 1041.8 460  386  613  227  340  681  341
16 2004 188.7  6.6  3.9  2.7  40  76.9 1118.6 475  380  613  233  315  692  377
17 2005 194.1  5.4  3.0  2.4  44  64.9 1183.6 487  378  623  245  356  724  368
18 2006 198.9  4.8  2.4  2.4  49  59.3 1242.9 523  390  655  265  338  733  395
19 2007 203.7  4.8  2.7  2.1  43  60.7 1303.6 479  377  609  232  326  670  344
20 2008 207.9  4.2  2.4  1.8  42  54.3 1357.9 504  405  635  230  349  720  371
21 2009 212.1  4.2  2.1  2.1  50  55.4 1413.3 521  381  661  280  336  744  408
22 2010 215.1  3.0  1.5  1.5  50  40.3 1453.6 497  393  602  209  349  732  383
23 2011 218.1  3.0  1.2  1.8  60  40.8 1494.4 535  395  627  232  345  717  372
24 2012 221.7  3.6  1.5  2.1  58  49.7 1544.1 522  391  615  224  353  707  354
25 2013 223.5  1.8  1.2  0.6  33  25.2 1569.3 483  417  617  200  363  655  292
26 2014 225.9  2.4  1.5  0.9  37  33.9 1603.2 514  424  664  240  354  691  337
27 2015 230.4  4.5  2.1  2.4  53  64.5 1667.7 528  415  626  211  355  692  337
28 2016 233.4  3.0  1.8  1.2  40  43.7 1711.4 482  389  622  233  324  672  348

Core Length:  233.4 mm
Core Density: 445 kg/m3
Cross-sectional Density:  451 kg/m3
Early/Latewood Threshold: 500 kg/m3
Attenuation Constant: 3.19

ִִִִִִִִִִִִִִִִִִִִִִִִִִִִִִִִִִִִִִִִִִִִִִִִִִִִִִִִִִִִִִִִִִִִִִִִִִִִִִִ
Core : 23
ֲֲֲִִִִִִִִִִִִִִִִִִִִִִִִִִִִִִִִִִִִִִִִִִִִִִִִִִִִִִִִִִִִִִִִִִִִִִִִִִִִ
       ³Widths (mm)              ³ Areas    ³ Densities (kg/m3)
       ³                         ³ (cm‎)    ³
Ring   ³Outer Ring Erly Late   % ³Incr Total³Ring E/Wd L/Wd Unif  Min  Max  Rng
 # Year³ Rad.      Wood Wood  LW ³          ³mean mean mean
ֱֱֱִִִִִִִִִִִִִִִִִִִִִִִִִִִִִִִִִִִִִִִִִִִִִִִִִִִִִִִִִִִִִִִִִִִִִִִִִִִִ

 2 1990  12.5 12.5 10.5  0.0   0   4.9    4.9 329  329    0    0  288  437  149
 3 1991  32.9 20.4 20.4  0.0   0  29.1   34.0 327  327    0    0  275  396  121
 4 1992  56.0 23.1 23.1  0.0   0  64.5   98.5 349  349    0    0  287  477  190
 5 1993  86.9 30.9 30.9  0.0   0 138.7  237.2 355  355    0    0  280  443  163
 6 1994 109.7 22.8 20.7  2.1   9 140.8  378.1 400  385  547  162  338  573  235
 7 1995 123.5 13.8 13.5  0.3   2 101.1  479.2 397  394  501  107  347  501  154
 8 1996 133.4  9.9  9.3  0.6   6  79.9  559.1 369  360  508  148  304  515  211
 9 1997 143.6 10.2  8.1  2.1  20  88.8  647.8 401  368  531  163  300  581  281
10 1998 151.1  7.5  6.6  0.9  12  69.4  717.3 393  374  530  156  309  553  244
11 1999 156.5  5.4  4.2  1.2  22  52.2  769.4 427  392  549  157  323  571  248
12 2000 160.4  3.9  3.0  0.9  23  38.8  808.3 418  376  558  182  311  581  270
13 2001 166.7  6.3  3.9  2.4  38  64.7  873.0 454  404  536  132  306  581  275
14 2002 171.2  4.5  3.0  1.5  33  47.8  920.8 443  387  556  169  314  616  302
15 2003 175.7  4.5  3.0  1.5  33  49.0  969.8 442  396  532  136  324  575  251
16 2004 179.6  3.9  2.4  1.5  38  43.5 1013.4 457  400  548  148  330  568  238
17 2005 183.2  3.6  1.8  1.8  49  41.0 1054.4 481  386  576  190  326  621  295
18 2006 186.5  3.3  1.5  1.8  54  38.3 1092.7 492  400  568  168  320  620  300
19 2007 190.4  3.9  1.8  2.1  53  46.2 1138.9 488  421  546  125  349  606  257
20 2008 193.4  3.0  1.2  1.8  60  36.2 1175.1 530  417  606  189  367  652  285
21 2009 196.7  3.3  1.5  1.8  54  40.4 1215.5 498  398  582  184  350  624  274
22 2010 198.5  1.8  0.9  0.9  49  22.3 1237.9 501  409  593  184  377  648  271
23 2011 200.0  1.5  0.6  0.9  60  18.8 1256.6 479  391  538  147  369  558  189
24 2012 201.8  1.8  0.6  1.2  66  22.7 1279.4 529  445  571  126  416  605  189
25 2013 203.3  1.5  0.9  0.6  40  19.1 1298.4 495  415  614  199  386  625  239
26 2014 204.5  1.2  0.6  0.6  49  15.4 1313.8 474  407  542  135  402  544  142
27 2015 206.0  1.5  0.6  0.9  60  19.3 1333.2 526  435  587  152  431  635  204
28 2016 207.2  1.2  0.6  0.6  50  15.6 1348.7 457  350  563  213  298  577  279

Core Length:  205.2 mm
Core Density: 441 kg/m3
Cross-sectional Density:  421 kg/m3
Early/Latewood Threshold: 500 kg/m3
Attenuation Constant: 3.19

ִִִִִִִִִִִִִִִִִִִִִִִִִִִִִִִִִִִִִִִִִִִִִִִִִִִִִִִִִִִִִִִִִִִִִִִִִִִִִִִ
Core : 27
ֲֲֲִִִִִִִִִִִִִִִִִִִִִִִִִִִִִִִִִִִִִִִִִִִִִִִִִִִִִִִִִִִִִִִִִִִִִִִִִִִִ
       ³Widths (mm)              ³ Areas    ³ Densities (kg/m3)
       ³                         ³ (cm‎)    ³
Ring   ³Outer Ring Erly Late   % ³Incr Total³Ring E/Wd L/Wd Unif  Min  Max  Rng
 # Year³ Rad.      Wood Wood  LW ³          ³mean mean mean
ֱֱֱִִִִִִִִִִִִִִִִִִִִִִִִִִִִִִִִִִִִִִִִִִִִִִִִִִִִִִִִִִִִִִִִִִִִִִִִִִִִ

 1 1989   5.1  5.1  5.1  0.0   0   0.8    0.8 332  332    0    0  220  457  237
 2 1990  18.3 13.2 13.2  0.0   0   9.7   10.5 366  366    0    0  276  453  177
 3 1991  35.4 17.1 17.1  0.0   0  28.8   39.4 331  331    0    0  257  438  181
 4 1992  56.1 20.7 20.1  0.6   2  59.5   98.9 370  366  510  144  313  517  204
 5 1993  71.7 15.6 15.0  0.6   3  62.6  161.5 358  352  518  166  266  528  262
 6 1994  91.5 19.8 17.1  2.7  13 101.5  263.0 405  387  516  129  314  548  234
 7 1995 105.9 14.4 12.0  2.4  16  89.3  352.3 417  397  520  123  333  531  198
 8 1996 123.6 17.7 17.4  0.3   1 127.6  479.9 383  381  501  120  324  501  177
 9 1997 138.0 14.4 11.7  2.7  18 118.3  598.3 415  393  510  117  311  520  209
10 1998 147.0  9.0  7.5  1.5  16  80.6  678.9 415  391  536  145  315  545  230
11 1999 159.6 12.6  9.0  3.6  28 121.4  800.2 440  406  524  118  323  569  246
12 2000 165.0  5.4  4.8  0.6  11  55.1  855.3 402  383  557  174  318  564  246
13 2001 168.9  3.9  3.3  0.6  15  40.9  896.2 410  384  555  171  319  573  254
14 2002 172.2  3.3  3.0  0.3   9  35.4  931.6 385  373  508  135  308  508  200
15 2003 175.8  3.6  2.7  0.9  25  39.4  970.9 444  390  605  215  326  670  344
16 2004 179.4  3.6  2.1  1.5  41  40.2 1011.1 481  407  586  179  330  656  326
17 2005 182.1  2.7  2.1  0.6  22  30.7 1041.8 461  411  636  225  336  655  319
18 2006 184.2  2.1  1.2  0.9  42  24.2 1065.9 501  416  614  198  375  678  303
19 2007 187.2  3.0  2.1  0.9  30  35.0 1100.9 464  418  571  153  351  669  318
20 2008 189.9  2.7  1.5  1.2  44  32.0 1132.9 497  426  587  161  346  678  332
21 2009 192.6  2.7  1.5  1.2  44  32.4 1165.4 502  427  596  169  381  706  325
22 2010 194.1  1.5  0.6  0.9  60  18.2 1183.6 493  441  528   87  410  568  158
23 2011 194.7  0.6  0.6  0.0   0   7.3 1190.9 433  433    0    0  421  446   25
24 2012 195.3  0.6  0.6  0.0   0   7.4 1198.3 429  429    0    0  399  459   60
25 2013 195.6  0.3  0.3  0.0   0   3.7 1202.0 429  429    0    0  429  429    0
26 2014 195.9  0.3  0.3  0.0   0   3.7 1205.6 439  439    0    0  439  439    0
27 2015 196.2  0.3  0.0  0.3  99   3.7 1209.3 635    0  635  635  635  635    0
28 2016 196.8  0.6  0.6  0.0   0   7.4 1216.7 402  402    0    0  328  477  149

Core Length:  196.8 mm
Core Density: 429 kg/m3
Cross-sectional Density:  418 kg/m3
Early/Latewood Threshold: 500 kg/m3
Attenuation Constant: 3.19

ִִִִִִִִִִִִִִִִִִִִִִִִִִִִִִִִִִִִִִִִִִִִִִִִִִִִִִִִִִִִִִִִִִִִִִִִִִִִִִִ
Core : 28
ֲֲֲִִִִִִִִִִִִִִִִִִִִִִִִִִִִִִִִִִִִִִִִִִִִִִִִִִִִִִִִִִִִִִִִִִִִִִִִִִִִ
       ³Widths (mm)              ³ Areas    ³ Densities (kg/m3)
       ³                         ³ (cm‎)    ³
Ring   ³Outer Ring Erly Late   % ³Incr Total³Ring E/Wd L/Wd Unif  Min  Max  Rng
 # Year³ Rad.      Wood Wood  LW ³          ³mean mean mean
ֱֱֱִִִִִִִִִִִִִִִִִִִִִִִִִִִִִִִִִִִִִִִִִִִִִִִִִִִִִִִִִִִִִִִִִִִִִִִִִִִִ

 2 1990  18.7 18.7 14.7  0.0   0  11.0   11.0 350  350    0    0  286  431  145
 3 1991  37.6 18.9 18.9  0.0   0  33.4   44.4 330  330    0    0  254  409  155
 4 1992  57.1 19.5 19.5  0.0   0  58.0  102.4 349  349    0    0  280  447  167
 5 1993  77.2 20.1 19.8  0.3   1  84.8  187.2 341  338  500  162  259  500  241
 6 1994  91.0 13.8 11.4  2.4  17  72.9  260.2 384  354  527  173  288  550  262
 7 1995 105.1 14.1 14.1  0.0   0  86.9  347.0 374  374    0    0  309  495  186
 8 1996 120.1 15.0 15.0  0.0   0 106.1  453.1 369  369    0    0  291  496  205
 9 1997 134.8 14.7 12.3  2.4  16 117.7  570.9 408  384  528  144  295  578  283
10 1998 145.3 10.5  9.6  0.9   8  92.4  663.3 387  372  553  181  288  595  307
11 1999 157.3 12.0  8.7  3.3  27 114.1  777.3 440  400  547  147  329  568  239
12 2000 163.0  5.7  4.8  0.9  15  57.4  834.7 422  398  549  151  345  597  252
13 2001 169.6  6.6  4.8  1.8  27  69.0  903.7 430  397  519  122  317  540  223
14 2002 176.2  6.6  5.4  1.2  18  71.7  975.4 425  394  565  171  313  612  299
15 2003 184.3  8.1  4.8  3.3  40  91.7 1067.1 442  376  537  161  298  618  320
16 2004 189.7  5.4  3.6  1.8  33  63.4 1130.5 443  380  568  188  299  611  312
17 2005 195.1  5.4  3.9  1.5  27  65.3 1195.8 466  411  609  198  345  641  296
18 2006 200.8  5.7  3.0  2.7  47  70.9 1266.7 502  430  581  151  355  657  302
19 2007 205.9  5.1  3.3  1.8  35  65.2 1331.9 480  424  584  160  359  671  312
20 2008 211.0  5.1  3.3  1.8  35  66.8 1398.7 496  431  616  185  367  674  307
21 2009 214.9  3.9  2.4  1.5  38  52.2 1450.9 474  411  575  164  365  653  288
22 2010 219.1  4.2  2.7  1.5  35  57.3 1508.1 470  409  581  172  328  687  359
23 2011 224.5  5.4  2.7  2.7  49  75.3 1583.4 496  417  576  159  356  634  278

Core Length:  221.1 mm
Core Density: 421 kg/m3
Cross-sectional Density:  423 kg/m3
Early/Latewood Threshold: 500 kg/m3
Attenuation Constant: 3.19

ִִִִִִִִִִִִִִִִִִִִִִִִִִִִִִִִִִִִִִִִִִִִִִִִִִִִִִִִִִִִִִִִִִִִִִִִִִִִִִִ
Core : 34
ֲֲֲִִִִִִִִִִִִִִִִִִִִִִִִִִִִִִִִִִִִִִִִִִִִִִִִִִִִִִִִִִִִִִִִִִִִִִִִִִִִ
       ³Widths (mm)              ³ Areas    ³ Densities (kg/m3)
       ³                         ³ (cm‎)    ³
Ring   ³Outer Ring Erly Late   % ³Incr Total³Ring E/Wd L/Wd Unif  Min  Max  Rng
 # Year³ Rad.      Wood Wood  LW ³          ³mean mean mean
ֱֱֱִִִִִִִִִִִִִִִִִִִִִִִִִִִִִִִִִִִִִִִִִִִִִִִִִִִִִִִִִִִִִִִִִִִִִִִִִִִִ

 2 1990  12.0 12.0  9.0  0.0   0   4.5    4.5 312  312    0    0  256  485  229
 3 1991  27.0 15.0 15.0  0.0   0  18.4   22.9 334  334    0    0  262  464  202
 4 1992  44.7 17.7 17.4  0.3   1  39.9   62.8 363  360  520  160  284  520  236
 5 1993  63.0 18.3 14.7  3.6  19  61.9  124.7 386  345  553  208  277  623  346
 6 1994  73.2 10.2  7.8  2.4  23  43.6  168.3 434  387  588  201  338  657  319
 7 1995  82.2  9.0  6.9  2.1  23  43.9  212.3 429  388  564  176  283  637  354
 8 1996  90.3  8.1  5.4  2.7  33  43.9  256.2 436  373  562  189  280  665  385
 9 1997  99.3  9.0  5.1  3.9  43  53.6  309.8 497  423  594  171  342  681  339
10 1998 106.2  6.9  5.1  1.8  26  44.5  354.3 433  386  567  181  343  656  313
11 1999 115.2  9.0  6.0  3.0  33  62.6  416.9 466  413  573  160  321  659  338
12 2000 120.3  5.1  3.0  2.1  41  37.7  454.7 454  378  562  184  306  672  366
13 2001 126.3  6.0  3.9  2.1  35  46.5  501.1 486  404  639  235  324  725  401
14 2002 132.0  5.7  3.3  2.4  42  46.3  547.4 468  383  586  203  324  662  338
15 2003 139.5  7.5  5.1  2.4  32  64.0  611.4 469  399  618  219  333  686  353
16 2004 143.7  4.2  2.4  1.8  42  37.4  648.7 484  394  605  211  320  674  354
17 2005 148.2  4.5  2.4  2.1  46  41.3  690.0 497  397  612  215  339  700  361
18 2006 152.1  3.9  1.8  2.1  53  36.8  726.8 470  359  565  206  319  616  297
19 2007 155.7  3.6  1.8  1.8  49  34.8  761.6 496  398  595  197  315  669  354
20 2008 159.0  3.3  1.2  2.1  63  32.6  794.2 512  369  593  224  334  707  373
21 2009 162.6  3.6  1.2  2.4  66  36.4  830.6 559  431  623  192  401  700  299
22 2010 165.6  3.0  1.2  1.8  60  30.9  861.5 516  382  606  224  356  666  310
23 2011 168.0  2.4  1.2  1.2  50  25.2  886.7 500  394  605  211  356  666  310
24 2012 170.7  2.7  1.2  1.5  55  28.7  915.4 539  408  644  236  373  708  335
25 2013 172.8  2.1  0.9  1.2  57  22.7  938.1 521  395  616  221  348  712  364
26 2014 174.6  1.8  0.9  0.9  49  19.6  957.7 504  373  635  262  344  686  342
27 2015 177.6  3.0  1.2  1.8  60  33.2  990.9 536  398  628  230  355  708  353
28 2016 179.1  1.5  0.3  1.2  80  16.8 1007.7 524  380  560  180  380  594  214

Core Length:  176.1 mm
Core Density: 467 kg/m3
Cross-sectional Density:  468 kg/m3
Early/Latewood Threshold: 500 kg/m3
Attenuation Constant: 3.19

ִִִִִִִִִִִִִִִִִִִִִִִִִִִִִִִִִִִִִִִִִִִִִִִִִִִִִִִִִִִִִִִִִִִִִִִִִִִִִִִ
Core : 40
ֲֲֲִִִִִִִִִִִִִִִִִִִִִִִִִִִִִִִִִִִִִִִִִִִִִִִִִִִִִִִִִִִִִִִִִִִִִִִִִִִִ
       ³Widths (mm)              ³ Areas    ³ Densities (kg/m3)
       ³                         ³ (cm‎)    ³
Ring   ³Outer Ring Erly Late   % ³Incr Total³Ring E/Wd L/Wd Unif  Min  Max  Rng
 # Year³ Rad.      Wood Wood  LW ³          ³mean mean mean
ֱֱֱִִִִִִִִִִִִִִִִִִִִִִִִִִִִִִִִִִִִִִִִִִִִִִִִִִִִִִִִִִִִִִִִִִִִִִִִִִִִ

 1 1989   3.3  3.3  3.3  0.0   0   0.3    0.3 343  343    0    0  287  406  119
 2 1990  15.6 12.3 12.0  0.3   2   7.3    7.6 370  366  504  138  299  504  205
 3 1991  34.5 18.9 17.7  1.2   6  29.7   37.4 400  393  516  123  322  534  212
 4 1992  52.8 18.3 15.3  3.0  16  50.2   87.6 409  385  530  145  313  553  240
 5 1993  72.9 20.1 16.5  3.6  17  79.4  167.0 405  375  546  171  288  585  297
 6 1994  89.1 16.2 11.7  4.5  27  82.4  249.4 450  411  549  138  340  588  248
 7 1995 103.8 14.7 12.3  2.4  16  89.1  338.5 437  415  548  133  327  591  264
 8 1996 118.5 14.7 10.8  3.9  26 102.7  441.2 454  426  531  105  340  566  226
 9 1997 133.8 15.3 10.2  5.1  33 121.3  562.4 471  432  549  117  352  600  248
10 1998 144.9 11.1  8.1  3.0  27  97.2  659.6 442  408  531  123  317  569  252
11 1999 159.6 14.7  8.1  6.6  44 140.6  800.2 488  445  541   96  365  586  221
12 2000 168.3  8.7  5.4  3.3  37  89.6  889.9 460  414  536  122  321  588  267
13 2001 177.6  9.3  6.6  2.7  29 101.1  990.9 461  433  529   96  326  592  266
14 2002 184.2  6.6  3.3  3.3  49  75.0 1065.9 467  397  536  139  328  559  231
15 2003 191.4  7.2  3.0  4.2  58  85.0 1150.9 487  412  540  128  343  590  247
16 2004 196.5  5.1  2.7  2.4  47  62.1 1213.0 483  406  569  163  316  603  287
17 2005 202.5  6.0  2.4  3.6  60  75.2 1288.2 501  394  573  179  334  606  272
18 2006 208.2  5.7  1.8  3.9  68  73.5 1361.8 525  391  587  196  333  631  298
19 2007 214.2  6.0  1.8  4.2  70  79.6 1441.4 531  381  596  215  338  659  321
20 2008 218.7  4.5  1.5  3.0  66  61.2 1502.6 518  384  584  200  344  660  316
21 2009 222.9  4.2  1.8  2.4  57  58.3 1560.9 527  417  609  192  353  671  318
22 2010 226.8  3.9  1.5  2.4  61  55.1 1616.0 534  401  616  215  354  681  327
23 2011 231.6  4.8  1.5  3.3  68  69.1 1685.1 512  402  562  160  363  605  242
24 2012 235.8  4.2  1.8  2.4  57  61.7 1746.8 505  402  582  180  351  666  315
25 2013 239.1  3.3  1.5  1.8  54  49.2 1796.0 528  406  630  224  365  703  338
26 2014 243.0  3.9  1.2  2.7  69  59.1 1855.1 550  410  612  202  392  684  292
27 2015 248.1  5.1  1.2  3.9  76  78.7 1933.8 567  400  618  218  365  666  301
28 2016 251.7  3.6  1.5  2.1  58  56.5 1990.3 510  407  583  176  349  659  310

Core Length:  251.7 mm
Core Density: 476 kg/m3
Cross-sectional Density:  483 kg/m3
Early/Latewood Threshold: 500 kg/m3
Attenuation Constant: 3.19

